516	3652
592	4888
4036	1521
7293	960
513	3391
331	3920
6865	4953
81	5253
5807	2673
376	649
3064	3520
5479	7064
4462	3979
5555	1726
160	6557
286	2193
6164	3923
4631	978
6767	3124
2456	1373
2481	3332
5574	6030
6421	5889
6734	2130
2446	2794
1220	3389
3731	3427
1330	5167
6497	4331
381	428
6273	821
5949	2963
7293	105
5289	4518
438	2969
2304	2519
1014	1287
2833	5311
6713	7225
3603	4681
989	6936
1072	6503
1374	3726
4751	6963
5732	7179
1989	3248
2487	926
4045	6065
1487	6533
7043	6792
4631	5320
3578	3214
4571	2512
3127	4606
5979	2982
4233	6449
7130	3497
6179	900
2232	3722
5411	4892
6851	5406
2868	2437
7227	3652
1292	4679
6335	1130
2539	6897
6190	1244
3103	3377
772	4767
815	5040
3314	6596
3609	6919
517	7168
6698	4659
6649	4330
152	3731
144	4592
7220	6498
1062	3950
6590	241
7115	1501
2429	2577
1899	2535
2495	5925
4693	5561
1877	6041
6481	2612
35	6093
3468	1315
3479	6966
3853	6532
5992	1053
4161	6003
407	3663
2562	2172
2245	2119
6627	5609
6638	3384
3657	2880
4337	2861
777	1019
6028	74
977	2313
3364	5050
6605	3523
5851	1329
3758	2257
5659	3699
1185	3581
5549	6808
7266	6324
3478	6472
7277	5302
3369	225
2791	5246
6141	6517
5788	5278
751	6739
5755	4971
6616	7271
4403	5085
6674	5464
1704	1744
3086	4914
567	2112
2029	1746
3074	1263
224	732
5760	3401
5703	868
4728	6268
286	5782
3681	6076
7257	793
488	4016
2357	3111
7219	4091
4063	5970
31	4965
5621	1024
430	5884
6138	1536
5191	726
5519	5933
6167	1766
3047	3649
4719	4086
2498	3191
5503	319
6135	5299
2740	2356
6892	2161
5917	6968
6496	5458
5926	6775
2254	1285
563	2693
526	3099
6695	4383
3193	761
5996	3715
629	1542
62	2857
1205	2031
6803	4420
6681	1769
6433	3601
2678	4946
5957	5789
4688	3326
4796	7155
4924	277
5892	257
2037	6308
3693	4894
174	731
1714	2822
5554	1813
2705	1301
7018	5453
7270	840
6971	1487
732	5839
6577	2556
4758	5969
6892	5297
5582	2800
5802	1102
2177	3443
7022	3196
2096	747
3153	7127
4524	1353
6991	833
4641	734
4266	6821
6252	1392
3520	6113
5193	3637
4614	3777
922	3740
1001	7137
1157	231
3317	3437
3656	2126
1391	4008
2876	5911
6267	1917
6	5333
532	5104
5603	2008
5550	5228
7060	5165
3755	4383
2419	3709
2225	5944
6805	5812
159	99
918	397
6919	535
13	2001
2559	1106
3449	445
1795	1770
2446	7224
1860	4281
5402	7089
5852	7270
1663	5251
1350	2657
285	5743
2039	1709
1407	1880
6525	609
2465	172
2774	2310
7083	2876
1758	6568
308	3063
6938	2439
400	5760
4930	4596
1414	6827
4901	3245
2618	5575
2175	6509
4100	638
1224	3009
774	5294
5049	4475
3956	1872
5716	3305
5636	2095
3469	2229
3349	3758
6787	1791
5297	6851
2396	5342
1336	2016
5252	5390
3499	4682
22	531
5118	2393
3950	4629
5064	7262
76	5264
6745	5884
4750	3890
1119	4437
2871	1514
1636	4271
1175	74
4292	6887
530	1128
3282	357
3782	2293
3905	4759
2406	4872
5640	495
3065	3540
3856	1873
1105	4379
4649	3466
2097	2657
4272	332
6892	5905
136	1913
7042	4899
6659	454
1522	5074
2021	1579
7146	3208
6743	6195
2783	3824
3026	49
5411	4986
2571	2197
6891	5596
4254	4127
6659	5276
4921	5855
370	5730
3548	4859
5039	6433
1598	1268
3667	2300
5035	2086
3689	3706
899	6999
3966	2036
6746	382
6777	6992
1462	4546
723	6878
3042	6493
7188	5934
2868	5689
3369	1261
6895	4112
4130	2553
5221	7026
4383	4699
2835	2455
264	3278
6729	4823
6607	780
7263	6494
670	391
6067	7198
1660	770
6849	994
2372	6008
3818	2906
2371	5661
3215	5105
1340	3900
7073	327
5901	2362
7268	6017
3676	3230
6372	5092
5837	1204
3222	6805
2756	5155
2800	9
3605	2984
144	4348
2718	1048
1122	374
2130	386
3757	1861
1045	5311
2533	3329
1452	2127
6954	6033
2688	3433
6744	1731
6801	2135
6101	6313
748	5735
551	3865
6219	2285
4468	625
7176	665
4334	4267
3530	2629
4191	3033
6377	5137
1940	2868
5075	1536
1483	4438
45	5819
3378	2547
573	2366
3329	1738
4485	7251
5257	1574
970	2099
6952	5975
6452	6809
3288	4675
1825	7216
3530	833
3143	3899
3042	7028
212	894
1947	2977
5014	2963
2598	4078
5342	270
2081	5127
2518	7
836	1138
5224	1942
1909	4633
1021	2930
325	6686
6731	2640
5521	6076
6677	3641
6938	5659
667	5977
902	5837
3797	4677
3696	4955
4050	3040
1857	5381
6145	715
3553	7261
3256	6418
6481	722
1656	3192
6444	1581
5657	3020
1769	2242
84	1192
2795	224
4755	2338
1130	765
3498	1008
3454	4306
2720	1314
4106	2883
2144	7267
2773	1006
1999	2630
1505	1887
3123	4275
385	3976
263	3776
5107	812
5718	3681
6024	1360
6684	7012
1677	5031
454	5611
6815	3230
5059	6531
5262	2432
2578	4430
6138	4291
5586	6881
1141	3754
4421	1421
5840	4209
2316	6373
2925	6250
6668	3675
6354	5380
6403	6455
2023	5308
1701	5969
6780	4460
2565	5492
434	3426
6385	3330
3428	2897
1192	1634
3025	2009
2053	4960
5354	1872
5491	2078
3943	3737
5201	5692
2911	4401
3708	2969
1915	5644
0	1998
595	4844
2996	4188
5582	6693
1946	6928
7142	5089
5758	2662
6166	1593
1	6522
5774	6090
6342	5284
2172	6515
1836	2830
1873	5266
5866	6349
5188	1428
1494	6266
343	142
1380	5499
1009	1006
2321	2951
6666	710
3510	3367
3676	1359
5454	648
1661	3196
2604	955
6256	2369
1119	3316
1226	5321
6218	4962
2155	5190
6127	6058
2722	865
5270	4977
3406	5550
1924	3696
2333	5583
5429	245
5832	2918
557	111
7064	5845
2692	1724
3050	1795
290	4073
3712	5467
1612	5618
6510	3245
5980	97
4879	5729
5257	2731
1725	6174
3752	1151
509	3597
6744	3919
6904	3112
761	2482
3561	4979
3359	6084
4622	1602
5830	6092
4615	6600
6724	2980
7180	5525
130	4236
1198	496
6484	1141
5631	5625
6828	3698
1078	5465
1125	1866
1456	6775
3728	4729
1467	2965
7257	2871
3113	4606
721	984
6022	3097
7018	2142
44	2940
543	811
7233	2210
4319	1534
4698	1627
5800	1641
6840	3811
4208	3320
4143	5
5258	3490
1861	202
183	5463
5595	6829
2761	5110
5727	5186
2942	2785
6070	230
4160	1305
884	1670
4707	305
1280	1136
2993	1079
3146	4220
6327	4626
3756	5025
6633	2766
5526	5383
676	4048
1830	3317
217	2335
3565	1752
6776	6682
5855	174
924	6646
290	7265
3741	5153
3158	959
1025	5190
6253	5746
4480	543
3400	3169
4341	1440
344	980
7197	4458
4427	2316
4193	4683
4224	5549
4982	4720
7003	7041
962	6272
2377	519
5520	7195
4715	577
4705	6692
1599	3630
3829	4188
7240	4959
6345	5929
2653	2
6402	6341
1450	4706
7133	6801
3534	6625
3033	1262
478	790
4812	824
2642	1136
2656	3898
4956	2861
4013	3767
4414	5232
4590	5175
4441	2333
2033	85
3822	1957
4243	6021
1383	3079
1988	1125
5329	5939
1323	1460
2072	2223
3566	5942
471	5830
1105	817
137	6603
2003	6780
7300	3088
3634	6205
3246	254
3239	3060
2711	583
628	1489
5060	1265
6803	469
902	1882
862	5902
3548	3513
5653	6250
7114	3965
2814	1807
3214	4604
1995	3387
853	4460
7282	3538
765	7021
2371	584
6792	2383
3176	6399
6112	662
4774	252
3715	3092
4482	1847
2328	2940
5992	5064
2613	5335
5764	7170
4281	4257
919	878
844	468
6939	608
6259	1435
6707	1715
5662	638
3473	3370
1478	5471
249	2374
98	1880
6590	3286
5488	7040
2803	713
2244	1506
5773	1903
2731	4630
3472	1856
1607	1358
1775	6635
519	3427
1266	5877
5222	556
3184	2196
5687	558
6028	16
544	2484
894	6686
1318	3922
3879	1867
862	3507
3018	3462
3228	6381
6221	2801
5242	5283
2047	4119
6745	4605
4817	1429
3918	1815
5784	7289
583	7182
1915	3154
6370	583
4842	1996
5806	5104
2097	4911
2861	4944
6656	5818
1945	5871
6503	3850
1988	579
2312	4081
1814	4038
4420	3198
4493	5015
1239	318
3639	6791
3520	1101
2423	2005
2951	5353
6506	3404
7201	2017
1144	267
2971	3086
849	6267
2044	926
5794	7033
3413	945
5380	1300
3342	6951
3003	6506
4426	3380
6951	6054
1227	4068
4385	6465
906	870
4026	449
3760	2451
4771	6760
534	1938
2602	3314
7269	4112
6073	2183
2841	4802
3412	5765
6510	4645
3091	6885
3986	3107
6409	2655
3554	6848
2222	1244
2062	5544
6878	5469
3123	6876
1873	7273
2611	4340
4636	393
6107	7265
4873	6643
4959	6240
2595	3692
1730	7159
462	2507
5620	2627
488	4338
7094	7149
26	6673
4791	6500
2144	2221
1252	2918
2656	778
6070	1352
6251	899
663	419
4354	2301
5651	3446
7042	5455
2534	913
3150	3620
5057	2507
96	1302
232	5084
7262	7287
5631	3768
104	498
3582	3563
529	5809
3687	4002
4716	450
2124	6430
749	1471
2755	2541
2306	4924
6332	5564
5135	6178
3719	3215
2211	4575
7096	6349
6398	1454
2123	5263
1582	3904
2820	4604
7096	487
848	4222
5888	5844
3891	2563
1493	2793
787	3922
3658	4872
5295	3306
5666	7204
1678	291
7068	3121
5651	5306
821	4572
3775	5866
6523	4506
884	788
5033	943
1471	4483
3968	5107
1581	487
6126	85
4344	6859
6412	2954
3679	1511
3970	689
596	3612
5240	5253
4947	2077
4454	130
1972	4285
1500	5280
787	5844
1264	4594
3044	1196
4732	2360
3115	1710
6719	6742
4230	4818
587	6872
2046	5480
2767	2391
1789	4098
6956	5624
3036	1723
13	6170
3505	7165
1236	1018
5364	5078
2093	1165
2725	3695
4408	2836
5763	550
3415	3880
1188	3095
2954	6000
2122	3717
2455	6089
2978	7210
4166	6416
6023	5352
384	6854
4923	6578
2765	484
594	5498
3501	6419
3280	1697
3987	7278
1663	4765
1526	6824
6560	5567
7282	4989
1073	6399
2372	4851
3639	4518
4330	4610
5498	6101
4487	4230
1857	4016
1088	82
3937	3750
5131	6936
2826	4145
6043	1259
3338	5002
1689	4271
364	1829
4655	713
4360	6469
7052	4992
3968	2447
2099	6236
746	1598
6419	7185
1374	4699
5213	6159
5147	2821
4066	3189
2208	3699
6054	2878
702	2611
6058	998
5618	4118
5447	6750
3317	1559
120	3404
1674	448
5626	6851
6374	2314
7129	1823
1223	5300
2334	3690
188	1888
1141	5768
7091	1835
6553	3444
1737	2061
6935	1209
1552	4260
6397	5791
3374	1523
4356	6451
4520	4497
6802	5486
2534	6445
3324	7071
1440	2990
717	6606
6750	3636
2136	3307
2521	3801
611	5372
1675	6603
6580	2586
6018	3356
1680	4941
607	4208
3922	4492
5407	283
6333	6338
7069	3265
1435	1118
2489	860
1712	7155
4521	2002
4459	7144
3666	1680
3071	2464
6381	4697
5866	1816
82	5366
6177	3598
5615	2297
5524	6272
652	6210
1387	1710
7007	1208
91	1003
2508	2041
4885	6900
4947	271
899	279
4008	3795
7228	3188
2233	3941
6705	7129
2752	2625
1152	3555
6195	4065
1845	7064
4125	555
6521	5260
4682	4112
4446	5835
1242	4621
905	4531
6035	3389
131	3432
2987	2255
5381	2011
3543	2263
751	4730
3202	262
457	1878
3176	7167
5661	4821
3668	2389
2499	4398
4405	3974
6910	2348
3330	1445
6417	6846
5881	1525
447	3813
1350	521
5082	1768
1889	3698
6516	53
5930	767
1540	1959
262	6723
2920	5877
6923	3102
4859	848
1420	2562
1166	6925
5248	1791
3290	5372
1589	2331
5041	2599
2816	4536
3982	5057
1112	959
1153	6283
2077	3112
5055	226
5320	4032
5567	2845
5476	1478
7209	545
6464	89
2251	7000
2162	4707
2447	1313
3594	4248
4543	5608
2473	6853
3240	960
4325	5796
6336	1943
3885	6415
5691	1566
7203	6393
1571	4735
986	2031
3311	4650
5002	3656
3562	24
1380	4048
3255	3042
2735	1056
1978	121
6677	6392
3084	2643
5689	6180
255	2232
3179	5603
2084	2712
7115	309
6153	4815
2340	5219
4049	4737
4516	7132
6949	1018
4307	1116
3618	4647
6008	3149
3966	5973
4770	1289
4189	6010
176	3347
867	4060
6155	3632
919	5448
4420	1380
5368	5051
5735	4645
5064	1949
2820	2593
4439	6666
7096	6978
1887	3528
288	3286
2692	4745
1850	3044
6656	2264
500	1066
3046	5063
3965	4402
5350	1684
3074	2362
6830	4210
4416	512
5577	1042
3070	3124
6650	592
7093	2368
6691	1088
1191	6115
3775	719
2646	4981
6055	7276
6171	5016
720	5582
197	1828
6838	6487
4127	2760
670	4987
5906	3095
2396	4397
6363	7193
4666	4538
3577	1467
6704	5501
1088	3886
1596	666
5450	2276
5313	4698
4256	2331
3545	5598
393	291
6395	2228
6966	5980
223	3976
6639	1151
1288	4027
5270	5516
5803	3567
7132	2101
6549	2361
2646	125
568	1247
5742	2486
3693	5423
5144	4755
4691	2697
32	6158
3014	3305
4751	5301
2456	4105
1737	5934
2518	3433
4546	6745
5482	7013
7019	3409
1249	2870
5604	2345
997	1323
2073	6730
1008	2464
4763	2993
6614	5655
4789	686
6685	3840
536	3837
2017	407
7202	2573
6793	4228
4344	6694
4448	2051
2520	342
5888	1914
6500	3187
4796	7153
345	5378
1070	2428
3321	3030
603	1661
4809	170
2328	1655
4189	274
328	4168
373	1802
9	6915
4439	3894
6685	1592
1256	5588
7080	244
2351	6903
1905	5125
4467	6316
402	5958
2911	6187
3532	4137
3767	1590
444	1581
3224	2043
5658	5625
2211	5257
2744	7290
2455	1161
3408	5663
5013	2982
5344	559
3898	885
2330	2061
3321	3423
6703	361
2575	4202
4669	3711
5770	3235
5404	7032
1847	3264
1339	5629
1386	2275
5444	5165
1024	592
6115	2688
1409	142
613	5985
6210	620
6066	4266
1170	6047
6396	4124
3509	6693
1610	4002
3477	6949
2466	2603
3971	6565
4889	4420
3839	1849
5846	2643
2132	6396
5395	1284
128	4495
408	2334
2534	6373
31	685
3710	2035
3951	2512
4020	2595
6343	3445
590	3298
141	7053
5173	1825
459	6031
5132	4798
4680	674
1810	4790
5344	6177
3146	2160
6380	1407
4188	6668
4184	2294
3645	5025
5059	2526
3556	2438
2324	723
1813	1289
6470	2052
5720	6493
5695	5057
7290	2734
6590	6503
5541	4798
1201	5592
5626	1427
2330	590
2770	1185
6283	1071
4652	6695
728	940
1133	4805
4415	107
6905	4845
6313	3709
4805	4601
4202	442
4996	2327
4609	3674
1456	6393
852	6693
1758	6650
5138	2180
4103	444
235	5709
1877	7224
6937	1860
5398	3651
356	1482
5974	1136
6574	5048
2677	7192
4411	4816
5644	3675
590	15
3970	2085
6697	4487
4206	1529
3903	372
630	2883
6178	3624
695	521
2722	5209
2876	5813
730	5137
3800	3912
1237	6904
4112	2577
90	5141
3186	2351
5765	6491
7293	3992
1538	2306
6793	2000
5500	1846
6509	42
5622	649
353	5163
270	5200
6283	3117
34	3065
574	5131
6943	6075
3133	6776
7162	6639
2097	4966
7003	465
7155	2414
7194	2177
5575	4640
1568	4614
3761	322
6513	5867
4730	5950
1917	4677
6011	1818
2987	731
1838	4630
7241	2315
3397	5698
5829	3251
7025	664
2070	654
6162	3010
129	4417
2966	3881
4322	2635
2768	2502
1049	4044
6809	3358
1650	6014
1327	378
49	1859
3988	1505
5264	904
4975	6664
7290	4476
1047	7161
3560	3576
2629	4280
6414	5278
6930	5925
6738	395
7110	511
5386	2415
3546	4879
7199	4992
1227	4017
3216	3240
2412	788
863	743
7040	4809
1029	4356
2567	3263
1255	3346
969	4072
1613	3421
369	5671
3406	3777
3086	3798
3967	737
6213	6568
2162	2354
5673	2457
5097	2048
6682	1350
4399	4083
2475	6663
2540	5528
6910	6073
2294	6143
3392	6773
1818	5688
5776	5346
1347	5787
2412	6052
2790	6090
156	4046
1081	7296
3103	4445
6998	4376
2600	951
4707	6663
4639	1965
3663	3211
1870	1784
6177	6015
4317	2753
4733	104
1847	3268
4431	3412
3602	6926
6487	6345
2915	2057
7259	7236
6211	3947
1519	3845
7178	665
6558	5618
4002	6126
2129	2782
3802	5310
1564	5152
3309	4998
2270	2544
1920	4496
2521	1211
5323	4952
7170	6115
394	4634
818	6141
1056	7288
1970	4490
2620	4175
2576	1450
6790	6896
5837	3472
4873	5778
1868	5682
501	341
746	7266
3545	97
6008	2469
6253	1545
4631	6620
2672	4089
1133	4901
2248	6364
2994	1967
5305	385
3218	6717
3501	3272
6136	3345
2377	6320
2578	1278
6562	4379
52	500
1782	7201
3581	1657
2455	3423
6422	6084
1347	1332
4322	5491
3465	5337
3764	6122
6655	4563
867	3481
6287	2578
3692	415
2036	2414
6343	1809
4633	5847
4346	7084
6681	4335
5676	5944
5711	1905
1429	1532
3961	1160
7119	883
4757	5870
6246	6994
4231	4430
6101	2629
2831	1265
6914	414
3445	3819
6056	1105
5670	4941
5134	3755
5485	5827
203	3018
3618	1478
2156	419
4135	2499
6487	2415
3384	6482
5747	1284
3269	7022
4565	3392
3710	7202
4964	6698
1375	5399
4892	436
1814	3068
3899	6911
3599	856
6698	4347
2856	3727
3038	4439
3535	1631
28	6186
3787	4320
3158	228
3559	4011
6217	2869
130	1755
4411	6725
6371	6848
3637	6789
348	1
639	6232
5204	3150
6975	2562
211	7250
3198	5203
630	1603
3337	2333
4460	5915
4631	2424
3648	377
940	6956
6023	5327
819	6523
570	7089
184	3658
5907	5933
3133	1775
2655	2869
2306	23
6974	4370
7087	2298
34	892
1313	4993
2922	2998
3621	4996
4397	4259
2866	1294
4111	413
1907	2237
4394	373
307	1229
6449	6379
1555	6214
163	6788
3503	4579
2792	625
1298	4147
3754	5065
473	2688
5198	1878
4558	1427
4546	6201
681	7004
2919	4863
2642	3470
4716	1909
7111	531
2215	3756
6265	833
6853	2015
4369	4057
2924	2008
2024	6754
1598	3658
4383	2059
6868	4613
6322	3090
7121	4385
6579	1190
3148	1456
4108	2366
1778	3163
5397	4474
547	6369
6202	5892
1993	3629
1129	502
1627	1568
3775	1745
2181	7208
1227	5611
3592	1596
4457	1839
4615	4328
3878	2854
6503	2054
7056	1727
3953	4477
2710	7071
1232	2947
6983	3349
6481	2100
4988	7195
558	1748
3211	5154
1015	2689
1452	3011
2158	891
5675	5000
2428	4570
6954	3652
6848	2426
2862	2157
6168	2110
1604	6163
234	5481
3768	2943
2262	953
5862	6582
421	5849
1201	5995
873	4368
4479	3215
6108	1004
6008	4673
626	6931
5199	2677
7043	5077
5660	2957
3660	4123
920	2602
1517	2016
111	2997
6404	4435
3634	2342
4142	6702
6325	6622
5165	2179
3480	6726
6736	7209
5788	5419
6722	261
6235	6275
3202	3065
221	765
5829	2862
4211	1827
6937	1325
4229	1591
2096	763
625	4669
557	5477
6665	2394
6675	1502
7173	3292
5906	7202
1610	412
6300	6496
419	6013
669	975
3501	4535
5733	4105
5014	6487
732	7015
7128	2481
6548	3458
1648	6938
2123	5653
4014	1054
4040	5738
219	7142
2089	2277
6780	7021
2908	6608
7035	5017
356	2182
6590	1180
7131	3773
5409	6350
3601	1489
6103	3782
2398	3868
1854	4991
1999	1428
1644	6283
4388	992
1866	6449
3457	4733
1122	5948
3453	5714
2621	965
6806	2759
4068	1726
4190	5359
4361	6297
184	6467
3444	7282
3006	6930
805	2971
7019	1281
5608	3418
628	4602
5267	7023
739	4589
6205	2774
5725	4197
2903	3321
402	3798
1033	2959
5376	223
3386	2573
1267	5024
2685	6022
1660	2614
5271	3689
1126	5319
1653	6887
4086	142
5012	4295
4865	6371
4447	2033
4183	6680
2118	2886
5442	2311
648	4177
5869	1244
5706	3268
2491	2853
4698	3149
799	4740
1265	7229
4043	3913
3969	5469
5876	5511
1505	2382
6609	6004
6210	6147
5869	3555
4073	3241
3297	4978
5072	7230
6357	3156
940	3754
3783	2694
2868	3501
1521	6464
439	5704
2067	1800
5443	4210
2591	1807
4121	778
5089	5266
3604	3128
4138	1989
6983	4062
5138	6241
3658	6351
945	3832
6724	2097
6406	4184
4302	4656
4766	258
1038	5665
3439	4028
3432	4508
4932	2123
650	7032
2274	173
5786	3491
4865	4465
2264	2567
4726	2971
816	3394
5933	918
2443	1755
2589	6867
2323	6580
3050	6478
1065	2052
2839	3978
2673	4788
4075	2563
2233	705
5155	468
4726	937
4027	4667
477	1711
4360	6719
6566	1866
200	2643
106	73
97	5844
7107	1734
1237	7111
5361	3198
2370	3479
5722	7139
1952	4078
6070	4103
1326	1699
2895	2474
5128	6347
3496	6268
2232	5539
4360	4131
6445	5411
6225	6101
4522	1417
5757	3449
5022	1491
789	188
3462	3728
1786	6896
5015	6031
3282	5728
4428	938
537	4318
6139	4807
1441	425
6206	7054
2035	6876
3569	1054
5700	3249
6419	6477
1059	3066
171	7035
3418	39
1751	931
2647	5214
2281	2674
4664	6552
2649	6066
4316	2049
3478	3059
6392	5890
4147	4398
6814	2486
1644	6168
3458	3062
1985	3190
2189	730
6380	4709
564	763
5859	4155
5960	3975
190	1862
6904	2103
1423	4326
696	941
1920	5118
3051	7
5358	7057
913	5068
2270	589
1882	2657
6647	5162
7053	1753
149	5767
1771	4892
2669	2136
249	5080
1319	3512
590	6929
4075	5172
1552	2294
4009	4788
2165	5413
5721	291
1869	6478
5915	1112
1466	5780
3378	4803
6387	5074
4935	3657
4637	5211
3029	5170
5248	56
2944	4054
6322	2937
2191	1788
1542	835
3127	5703
1612	6824
404	7176
596	7210
1639	5833
6403	3006
3234	6943
5050	6277
377	2712
4649	6315
2554	7137
6232	4179
3415	3871
4879	363
1967	4010
3520	6696
3320	2059
5169	839
1432	5330
2993	5047
1046	4451
1578	2028
1295	6292
3936	5362
264	3026
36	3065
4614	4948
4673	1252
6936	3238
1119	6794
1448	5490
3489	1363
3160	2462
5334	6415
1235	655
4807	3758
2294	6167
6833	3621
3566	3491
3438	2683
4835	1017
5418	2273
4979	5254
7201	4343
267	5679
198	422
2751	4658
2205	2423
1673	1011
1468	137
4399	3644
7251	4925
5146	5156
3425	1828
2712	1494
262	1898
6734	2978
6820	1545
6563	584
4873	3968
5435	6281
3547	6047
5703	3642
3722	802
651	804
38	3344
3457	3506
3338	6778
5823	2967
2480	4692
67	7018
118	6347
885	3580
5891	3640
3496	2106
4222	3998
1519	2816
438	1183
4160	3688
3402	4433
6009	4370
2886	1636
778	4249
5145	4805
6852	7183
1380	7053
236	1736
2425	6768
6343	2783
235	5115
6710	2345
5150	4879
4436	5505
6009	2554
2729	1343
3839	6143
6747	3327
6553	1278
1236	6574
3077	705
2438	4065
4995	5685
1741	957
2084	6807
4236	6480
2264	3684
4888	7067
1228	5416
2047	218
2922	6924
3755	5154
890	3719
4822	749
5764	6314
7125	6154
887	738
941	6208
5634	1562
3401	4319
5172	5276
2695	6010
3925	5495
6063	5686
858	185
5583	4058
2191	2662
2832	1429
2597	5156
3317	3532
6813	4313
2076	4328
255	2466
854	5796
5587	2412
5050	7007
4753	3835
3102	2952
1052	2298
2726	4350
5659	6841
1864	2515
4427	3958
5188	7014
441	6548
2575	591
4830	4152
525	4062
5906	6359
2397	3393
4238	1123
4763	5504
5784	6560
6220	3209
6249	4075
323	1067
219	3571
4905	439
5094	6597
6641	3754
2563	3041
4146	4104
1590	5772
73	6936
7208	6009
3328	2511
1943	5474
4683	1602
4075	4300
487	2070
3234	290
5572	7214
6110	7030
5244	1636
4262	650
1730	355
1594	6169
2900	1706
2360	3250
5017	6906
3962	6187
6170	3708
5851	272
6662	6370
3717	534
2284	7155
4548	2310
2769	0
299	4241
4235	546
6748	5984
6001	738
2114	4418
1823	5966
4118	4983
5869	1408
1815	1965
4029	5081
67	2647
7226	1398
6538	58
1737	4976
2324	3069
68	948
3204	4008
4060	5459
6099	7137
3346	1163
6654	5427
6257	2385
4943	5857
3011	5349
371	6794
3212	3627
1806	6663
5723	1516
2088	2945
330	4922
205	5007
3033	2248
7145	1855
6460	4261
3863	2481
463	4465
4580	2409
102	668
767	4372
1076	4725
6276	4080
4982	4901
2006	3710
1267	924
3132	5919
2347	5931
7084	515
1266	3824
1921	390
5351	5038
243	5304
3981	1257
4675	1863
2273	447
1098	4341
6146	3586
1034	5658
3401	5208
6618	3186
511	1158
5766	6482
5202	6650
6544	1690
922	7066
1978	5935
2050	6699
6807	4565
1768	4185
6095	1897
5042	662
203	3630
238	2429
1976	3683
2188	2667
473	5362
4601	5406
1055	1669
5758	5270
4282	2913
447	5764
2142	4627
1810	5602
4783	6391
2817	4788
4265	1121
5203	3975
2402	3711
4000	6557
2610	3880
6777	6654
1404	3730
2745	3589
56	268
4183	7210
4702	1455
4736	4708
4791	829
3596	2930
2025	3328
5125	6582
1148	2689
7154	7074
609	7130
5130	2119
2680	4020
2207	3338
5531	6196
2006	4639
4198	846
4514	5196
49	4393
4187	5435
4374	1913
4586	1373
4704	6985
791	1318
4429	4914
3721	5282
5352	4501
18	7141
2895	6201
3786	7119
5081	3268
2720	2393
4454	4066
4121	6927
2699	350
6494	7146
4831	6226
1900	3895
5027	3908
451	2604
1885	6900
2186	4173
6307	676
6834	3676
6862	2974
2421	3244
3773	1702
1212	3364
1116	4705
5501	2291
4380	6880
2274	3920
1262	5147
5176	1083
5945	1956
6230	5262
4188	4318
5861	6386
585	3978
4810	4348
1571	504
6756	4097
978	2423
5751	6662
4614	2686
5318	5977
5049	3654
6855	7300
124	2440
4732	2778
6084	4807
3480	1565
5127	6616
3935	712
2409	6954
4251	400
4699	1854
3917	2315
5633	3162
2085	6445
3921	2253
7098	733
5050	5335
2406	6639
509	2367
5816	1209
3469	5774
434	5707
4668	1773
4730	4366
519	3677
4916	4512
2561	2744
3320	720
2004	4696
1142	1012
799	201
6633	32
4627	1816
2073	6773
2472	3754
7092	2919
2493	204
6114	1144
2183	1928
3307	6360
4602	3075
996	4180
1318	1066
5405	3407
1642	5656
4623	4412
5924	6384
670	5137
3931	5830
2686	6386
205	5461
5924	934
3368	3847
311	4136
733	3633
332	6360
7016	6141
1665	2626
5177	4993
192	2629
5363	2528
2974	216
2408	999
314	2241
5549	3090
3996	272
1995	5057
4430	4313
6288	2338
4783	6551
4864	393
6854	2325
1763	1983
1152	766
4040	1217
4386	3994
484	2442
6917	3677
6307	154
7220	3061
347	2890
6815	6961
6041	5432
868	6379
2767	6172
6948	2040
6238	3868
5250	271
2581	2807
3170	812
1640	3225
2482	3155
350	6942
1873	214
6855	5445
6122	7184
1658	4610
5973	1947
3006	5643
6998	6809
1294	4949
6565	6766
1762	1206
3189	6712
6359	4364
2970	6223
5542	1491
7103	1866
6360	801
2371	7117
1494	4687
2555	3558
3151	3790
491	2039
39	6400
2977	2876
934	1745
1415	2757
5430	6749
1280	4829
3221	2168
5973	6200
3513	3206
1190	5574
3017	7176
3265	1540
595	1894
7192	2440
6896	1212
547	5137
2388	2883
1035	5683
2761	5665
57	6360
3380	1395
1763	298
6187	389
4393	5789
687	305
6798	1669
10	1209
4071	2111
4232	149
3942	2900
6675	56
5319	6985
941	3470
735	3788
2109	1080
3243	3273
3330	1260
306	5218
599	72
3203	6563
5716	2427
2702	6802
3404	1937
5204	2095
6155	5108
5257	2213
5539	5393
2617	2419
256	3121
5742	4998
6520	696
4166	6003
6333	7250
3203	2928
1335	247
4504	5890
3459	3759
3470	7142
6110	673
1884	6472
4070	3590
6044	4624
3424	3291
5087	4587
1880	6159
6611	3266
6895	1536
4834	5646
3024	4560
607	1401
3160	3599
1391	1509
2296	1010
6328	2451
4513	4992
7071	36
2418	6822
264	509
4257	6646
2087	3142
3491	1582
652	4637
2010	5437
3747	1323
184	5910
3893	5090
2527	1201
422	339
1694	6721
2920	3382
6898	6588
553	6097
2955	5366
7181	624
2428	6315
2766	3108
5395	2131
1835	1997
1788	3142
6240	7265
3429	1742
6207	21
167	6314
5450	1986
3441	5890
2632	6179
5766	1313
1245	6594
780	3972
3947	6782
1476	607
1608	3881
793	5556
3227	628
4687	2748
4197	6324
1256	6542
7058	3540
5980	3497
6358	6101
4034	4031
1722	6361
2454	592
5551	6321
5647	5259
2138	1275
4688	6983
2608	2755
1974	5885
555	6281
152	268
4208	5520
291	5435
1394	6491
5772	7202
340	856
2412	4340
344	4529
6026	4529
6532	1006
1572	482
4979	2438
695	3584
4474	1038
6106	4442
5635	3413
1390	6264
5928	541
2690	4280
1977	5134
5644	3843
1034	2317
1260	2566
2390	3597
851	34
1494	230
5343	4583
2776	3115
5614	2335
7084	3624
4440	3448
6693	5292
1768	907
3594	1041
6386	4608
547	4299
6216	3416
5430	672
586	2347
6186	5658
6419	2571
2076	6631
2676	4449
91	2611
5196	7260
7056	1301
4976	1
3747	3317
100	6648
1284	630
7140	5771
1913	2829
6450	1013
3017	4669
6577	1693
1353	3578
4904	6817
36	2741
5429	4316
3926	4721
2324	771
6038	1881
6979	4689
5443	1384
4907	5518
5874	6207
6897	3838
3682	6471
2963	2133
5533	3222
4532	6807
7110	2393
5413	3393
2400	6126
2713	4154
2321	6224
4480	1242
652	5786
5530	6836
6775	1454
2743	5344
1104	4260
6496	4368
378	2097
7116	354
1442	3305
6030	6159
6073	255
2009	4456
5144	2806
5975	7124
7007	3208
389	5986
2741	4929
3174	358
5428	4147
1084	2981
4382	813
6930	3430
1205	4455
5712	1939
1034	1713
6907	6663
5038	2194
6614	4007
2499	4414
97	563
6350	2843
6814	5006
1741	6862
5954	5263
3804	2880
6647	1026
933	5560
3824	2818
4345	267
3780	6129
501	6363
1012	135
3090	2504
39	4387
3665	718
5363	1926
1368	7124
1189	1205
5385	4470
3670	4072
2824	5657
4281	1306
4696	1477
6028	157
2608	1721
6606	6267
3949	4447
1514	7132
7114	1408
3964	1625
7021	1884
5937	5373
6740	5468
3587	4858
6573	3907
1867	5472
1810	7278
5242	1382
4703	5153
6844	6637
5643	1809
851	5526
213	6883
1219	4019
3019	1649
2619	4657
4610	7277
5574	2961
530	1297
632	872
3489	620
1393	4526
3701	4263
5924	3247
1988	1923
2179	1521
4767	1388
2223	3232
6318	4251
6902	6589
6417	5304
456	2624
7270	6279
607	530
4683	873
2836	6225
11	1423
935	6245
692	4385
3139	1481
4127	7228
4981	4860
7297	1329
3345	2002
2881	2109
5666	4331
3798	6903
13	2279
886	927
5215	4661
1128	3074
1950	1548
5574	587
6646	269
1043	5422
6282	3088
915	3155
6178	1645
6248	1348
6662	2030
6388	1712
2777	6362
5913	6807
4279	2433
1034	1497
1497	3572
942	5281
5874	7015
7117	1891
6726	4694
465	2326
138	2838
4437	1869
5160	1659
1367	6950
4718	4727
7222	1575
997	7265
2855	2261
3949	2613
6002	6133
6461	2158
4225	1329
4209	1616
736	1944
1769	4511
3237	1759
3169	1626
2849	1056
5448	3286
5974	608
4372	2729
6787	5898
315	5013
4610	1435
5996	2367
6938	1624
5963	4545
5234	5871
2604	384
214	6067
6102	5262
4617	2707
1992	1049
4866	3565
1341	1459
545	5319
2789	4913
5708	1508
1798	5607
5383	163
4971	2855
3220	6283
5777	3873
2503	4852
5870	443
4224	4954
6597	4809
5579	4573
1221	6406
6181	211
3367	1296
6565	3221
7271	2055
4510	2064
3632	1270
3365	2124
3875	1085
3222	1946
2971	5183
5081	4294
1161	3173
6540	5276
909	142
5430	5643
4159	872
2700	7022
5769	13
2089	954
1797	4438
1181	4082
1350	5940
5670	6012
698	5481
5513	97
4280	1419
4665	5471
1895	7171
2450	5704
6615	4540
67	3564
3022	3944
5835	5397
6715	2511
3165	5238
6887	1431
5241	3326
1265	306
6825	54
7272	4082
4477	2120
4825	5364
2952	5321
4278	502
261	6306
5309	5618
2764	2970
3655	6911
2806	3709
421	6705
2643	6877
2430	6956
3438	3356
6209	2074
3115	3091
4197	1015
928	5679
4411	5985
6661	2471
1306	6064
5850	1293
4628	2853
3026	6576
1699	3092
4401	5263
6475	1133
2554	2769
365	4737
5770	4233
7081	4554
3127	5621
4477	7107
5210	1819
1965	1429
1509	3146
4316	896
267	1977
1234	327
2612	6056
421	450
3589	3022
4695	7103
5033	5736
6360	1002
986	4645
5591	3622
2804	4804
784	2229
5777	3871
4649	7150
564	3620
2045	1034
947	1855
174	379
4325	6554
4312	2935
915	6029
28	6208
824	1705
5103	1726
4960	6143
217	5088
6653	2167
3090	1910
6278	3053
1793	1998
5165	7130
5594	2698
3577	145
6912	3389
1425	6294
4596	5067
7225	4482
3161	5151
413	7064
2011	3987
1983	5606
5046	6890
1602	587
4101	5653
6679	197
607	1476
4678	4263
4719	6252
2633	6477
75	2836
3793	5618
4431	5681
1800	1205
566	2103
1094	47
4391	4009
5675	72
4651	4568
744	5858
846	5181
2801	79
905	3382
3406	3236
2353	7269
3198	3622
2478	6037
763	5214
6062	1175
1987	1293
3755	2171
5907	4333
6734	6334
686	4530
3991	3431
5001	5429
1989	3946
6621	1933
1170	3077
5451	597
5852	6221
3301	5341
5423	6199
2024	3487
7186	5484
585	4775
4432	6667
5225	1368
7035	3872
5748	5381
2234	4522
1913	1002
4320	355
3469	3757
5169	5761
5477	3382
2123	3055
244	5082
1300	1055
2322	3983
4370	4813
3100	4087
4152	4703
6421	866
3406	611
2447	635
6569	4886
3775	7259
1428	2001
2178	7185
751	4410
2280	1496
888	1469
1651	6578
5903	1034
5835	43
3968	2974
183	2881
5246	1928
857	3360
5712	3435
543	2106
1973	6992
3747	3610
7111	3841
1487	2975
4702	1213
7170	3379
670	5156
4273	6557
6304	386
6023	6861
5097	4728
6617	6407
6520	4140
1948	5738
3837	1226
4397	5387
2948	2552
2984	2175
4035	5578
2436	6406
6327	2566
653	2643
3457	4784
1804	5704
1670	663
6375	6098
6179	1603
595	3274
1011	6699
6764	7151
1427	5922
6757	3981
7230	4961
1034	3832
2827	3108
3908	896
3615	6085
472	5752
494	6974
6806	5495
5055	2527
5809	1719
901	5315
1714	2284
1842	934
1970	674
5350	1516
2430	5570
1050	1908
7269	6447
5588	6897
4245	2693
4707	3506
5565	4532
1441	15
5539	5837
6755	6666
1415	7184
2941	6190
6560	2586
507	4095
4732	5627
6239	5520
2212	5413
2174	1075
5606	6965
1627	6505
6644	5384
1528	7082
3568	319
6947	2351
1383	5593
6434	2182
3746	3647
503	580
1388	5011
4569	6487
4360	5634
4473	3150
364	3445
806	1656
5653	4132
3928	3155
4303	53
1253	2508
4851	5252
5187	1433
6907	5907
3865	3837
5801	4065
784	6085
3437	6161
2420	1618
1283	238
5026	743
1749	4122
5225	2771
6149	1485
6649	6401
1196	5977
6796	2938
420	2330
5275	1765
5068	5044
6127	4030
5167	3429
6213	5683
321	3404
4714	6658
782	5131
6299	1608
1062	5131
6239	5913
4684	7110
3265	1938
4298	4539
1619	4875
4133	1331
5950	1137
6526	4474
6231	5892
50	1738
5957	6118
2313	6158
4913	1671
7108	2659
3488	6361
4398	7280
3414	2788
7105	5379
7065	6997
4792	6122
358	1555
1972	4456
6672	5872
5607	500
3322	5549
7138	3758
4834	4001
5162	4502
1163	1603
3282	4930
6413	1336
1208	6199
6538	4025
1440	3448
597	4771
592	629
1577	4211
4769	2951
4360	7011
858	6344
5745	1735
6796	3583
3562	516
528	4194
4877	5076
750	1316
1409	4911
3352	1337
5523	5252
7292	2270
5363	4499
316	2676
135	2853
5821	5775
5168	6877
5287	4370
2564	4414
5418	1702
1783	3686
4075	473
3135	3933
6068	6609
611	4948
1684	2842
3078	2235
2374	1099
1989	3322
3277	3448
4585	3568
76	805
5520	6051
6888	1130
5437	1610
2651	1582
3206	5697
1429	3876
423	827
2926	792
6401	2215
3024	6083
589	3940
1904	2714
4497	5986
5258	1129
1157	2276
6413	7236
3930	4205
1247	5460
6631	3334
2830	4042
1372	1393
123	586
2547	529
1342	5589
728	2473
1336	4865
3542	5311
3042	3796
1561	7132
990	4823
4496	5799
5884	660
3127	1622
2791	4440
5935	1161
942	58
7247	4390
4604	7076
1904	7235
6870	1689
4886	5565
5554	6493
3658	1309
3609	2296
5380	5468
5902	5777
1010	3353
1907	2645
2151	5018
49	2452
6972	600
4514	7060
5131	3784
3219	39
849	1019
2232	3999
6195	1619
3160	5615
3459	103
1379	447
864	6953
2716	6228
753	2694
2380	1910
5587	522
5636	2052
2551	6037
244	956
4476	4433
6496	5787
237	6997
4903	601
4910	4218
6790	4177
2037	6312
5757	6949
4728	2913
2177	1733
6210	376
5857	6977
832	5006
1753	6051
5803	6547
2664	4034
3970	3837
3023	1518
1275	1320
3158	1596
1953	3179
5076	1754
4641	5142
5737	701
2133	4533
6982	7069
568	3809
261	2274
5039	983
5338	239
6311	1711
5930	845
5035	626
2057	5498
5495	3732
5590	5287
4281	259
2606	4894
4534	2418
4985	5950
4189	4181
4110	7171
6965	246
6236	739
5407	4598
6270	6211
6852	5767
5934	1391
4211	3529
2432	1034
64	5630
3204	7286
816	985
1044	860
1809	406
6883	3805
5306	6860
6574	1030
7110	2677
790	6090
6853	1454
1473	137
4084	6928
793	6046
3281	6650
2448	5910
1990	3617
2651	3494
4355	2413
2066	7071
6441	5151
1644	5592
5316	2361
1143	939
5639	2855
5126	2384
1561	4285
987	682
1233	1466
5215	847
2163	2673
6562	7027
889	1480
831	3378
34	6947
6106	3664
380	3108
1364	1218
460	2313
5391	6942
3705	342
3440	1495
4385	5089
5653	5347
