1493	1296
4829	2680
5613	898
955	386
2284	1032
6031	3604
2855	546
139	130
24	6423
256	1
3298	3297
6187	6338
6367	6368
5416	4961
3502	2444
5138	4944
3210	3872
5997	2208
5871	4256
1513	1760
724	2054
4161	4736
4198	1220
4751	580
6654	6656
2932	2693
4898	892
933	928
3075	3074
534	284
5506	218
1670	1793
4019	2394
6555	1627
3794	3784
5695	4858
5182	5223
2242	2241
1744	1472
6199	4529
4536	3940
3275	770
6667	6668
659	3105
98	266
5464	5177
2039	769
1325	2696
4642	2712
2519	2628
1355	1732
7220	2128
1967	791
4627	1211
2320	3972
2624	228
6380	4706
1770	1265
5349	36
5858	5857
1832	65
6408	6210
4464	809
4004	3075
2265	2692
365	386
1514	1443
6982	127
3888	3065
3023	267
6306	7052
898	896
3937	3938
6348	6145
1529	1924
2424	1929
6897	130
7116	7050
1999	5568
1125	3712
3157	635
7136	4124
4976	4977
1692	2498
2176	641
2668	2625
3762	2466
3349	2979
5289	4455
773	2178
3507	3136
3052	2360
2178	2304
6168	6790
1213	0
3340	64
5929	5954
1632	5505
5526	3305
2899	2720
1567	257
5175	6092
2741	3195
1375	1376
210	256
1254	141
6197	6240
3627	642
4492	4672
2449	806
6430	6059
3368	955
3455	35
1111	1159
6648	6699
6562	6721
1395	2944
2753	1810
6076	1768
4326	2819
5362	2020
4603	4537
1150	1921
2514	1540
2875	3457
482	896
392	744
1085	161
3069	3084
1569	1568
6410	1140
643	6016
6479	5872
5708	5649
1149	5760
4724	3628
1398	1537
2605	2467
6164	472
4155	3113
3631	2088
3987	4738
6858	6857
2915	1285
5501	6699
6416	3531
3302	833
3320	544
889	33
1066	1019
4834	6096
4323	1665
3365	2902
6886	4514
5293	5414
5230	5466
1360	1026
3097	2434
3447	65
4851	6049
5411	5632
6290	6371
6289	6371
563	613
5904	736
6240	6050
541	3200
3651	112
722	1926
450	3592
4239	5291
1550	1473
5902	2021
5890	1056
1609	1258
1579	1043
495	1024
473	465
1240	0
792	1536
238	576
518	1026
2577	60
2083	2179
6737	5099
2086	2082
5136	5137
6627	6113
5838	313
1450	7266
6179	78
1757	2496
1779	1490
804	288
1325	1806
5194	5538
4408	777
2401	2400
6752	3217
1431	1025
2445	1170
333	1
186	256
2511	1264
1760	263
4389	164
3203	2715
6086	6176
753	1282
4471	5360
1726	1737
6615	2760
6388	4011
5894	3745
4546	1675
6303	4323
6299	6193
2119	2401
4722	4295
3099	3090
11	1795
315	1291
3857	1632
7152	688
2600	2512
4996	2806
1629	4299
6871	6307
5740	115
7222	7216
5926	5840
5029	5024
4687	4681
7279	6182
4916	5889
2357	1089
6325	6393
3951	3713
5960	714
4435	2824
480	392
2315	3712
2707	2688
1293	384
5016	3001
2938	611
4546	7059
2958	1313
5714	5713
3664	454
6756	761
4246	3617
2655	160
2910	3082
204	449
3494	3488
454	1024
3696	3649
2642	896
2159	642
176	130
5812	3649
1572	462
834	833
55	256
3541	4775
2296	1089
2887	192
4879	825
284	4612
6272	2288
6480	4168
4764	721
2896	832
3519	2048
1059	1096
1172	640
5108	4035
7178	5930
373	2885
3456	1856
2812	737
926	4113
5577	5210
2398	65
6322	6240
7232	7048
2131	417
6845	6849
1531	2562
1382	515
1541	515
6475	6408
7036	1169
5578	395
294	1028
4671	4704
1764	1124
4765	4694
4544	7046
5975	3520
4307	4322
1413	1258
5615	6232
2794	5666
7096	4697
6579	64
491	128
5707	4272
4423	4424
6363	4450
6919	5857
6583	120
4563	4579
519	352
4203	4800
5672	5673
3599	6976
294	598
3211	5152
1932	1024
6168	4615
1443	1280
3240	3232
180	832
1058	1065
3126	1173
2846	643
6496	3697
4915	2633
2886	1025
601	3200
1978	1539
5055	2904
804	4166
1214	256
4136	4135
228	256
2997	3108
4423	4432
6391	1306
923	96
2383	3522
4838	653
349	165
2658	777
6588	3978
3797	544
6962	2040
787	1408
3399	1732
1838	11
4287	2272
4924	3348
3966	4547
328	864
4033	2179
1168	256
5505	2586
7090	257
6995	1170
6950	3472
231	256
2951	1515
950	359
3342	4650
3799	2545
1627	2961
5890	1878
4015	257
975	1926
6122	2887
4916	5827
6067	5937
6496	2289
4215	2916
403	1344
4582	3525
5167	1248
6071	4720
1805	1415
2430	3009
7268	3593
3024	384
2100	1795
3683	896
1204	1028
4152	3312
6438	824
2393	2433
5686	5745
6320	4264
7209	7208
6297	6360
6266	3680
2502	3266
5391	6136
5912	4592
7192	6738
1793	3328
1340	1280
4863	3155
2375	2317
6413	3265
5552	2496
141	2715
6009	2011
972	256
684	1024
3601	1982
2313	5256
1980	896
5602	5601
5843	772
4604	3136
4787	3836
6976	73
3587	4491
5533	5307
1484	4322
4099	4911
3513	161
1439	640
1119	3680
6826	744
1191	128
1829	1088
5993	100
2415	24
3316	258
4188	1025
1956	256
507	128
3056	130
2389	976
6463	862
4643	2722
4775	777
6175	1281
1208	386
4504	896
6825	313
789	2817
1243	496
1520	1272
2673	448
3669	3878
1364	1442
4866	774
1499	1238
1714	2048
416	570
3990	1984
4698	6242
3034	2311
752	128
113	129
4556	5856
858	2176
5695	3234
4341	2680
3554	3522
5936	6081
4441	1200
232	3952
867	1280
1841	2562
774	131
2979	2475
6723	6688
5298	4624
1854	556
2087	2433
4720	4672
4448	4097
6820	1200
4845	4385
543	609
3561	514
6965	6964
4113	5834
4221	709
1556	642
852	0
2222	326
204	450
1952	3440
176	1925
4018	514
4640	3330
3643	0
3940	3713
593	569
1762	97
4785	97
503	645
2592	2224
5741	1858
2097	1825
3366	2496
4315	585
665	1604
738	3610
2831	6944
3830	2048
4858	5769
5626	2595
4251	4249
4891	5796
827	518
6167	352
513	1622
912	1026
6066	3582
3263	832
6226	5930
1264	1280
3628	3105
6706	4292
3174	4290
3855	1700
5833	5832
3421	5121
5806	4552
5084	2944
1109	3840
6321	4286
1397	3456
2813	2561
2425	901
7242	4504
5565	5171
2483	1617
4008	641
1318	1588
1780	7072
1019	1152
1951	1939
6418	3621
2381	2112
946	3920
1337	1409
4696	4704
3335	2984
1862	1856
4055	2019
1267	545
607	1936
1194	384
6228	6289
1919	1921
3635	3564
698	706
5338	5368
1790	1024
7079	7072
2233	4416
2154	3200
848	1024
5774	132
4129	2896
1418	1433
4373	4384
899	2262
738	2179
2045	2033
7236	6993
4549	2208
5258	5282
229	4970
2154	2818
849	193
6283	33
418	912
4667	3076
1553	7104
1136	640
7263	1980
6052	3513
3096	3970
4281	3168
2936	6278
1957	258
4166	1793
3205	161
1980	514
2035	600
6690	1920
1634	2307
4350	2729
2434	96
7030	2674
1676	1024
1522	1282
4691	1186
3156	3091
4023	3562
1801	0
7056	7033
4323	1090
3494	4097
2017	2020
6784	313
5115	3200
1427	3800
3121	513
159	1024
3937	3428
5979	155
2752	440
1995	129
6339	576
3462	1856
4649	4486
491	4097
3123	3072
4612	4352
6706	974
473	474
715	386
3050	3543
3618	2593
64	5251
2436	392
2469	1314
2903	1280
1841	4229
4933	4896
4095	5122
6333	576
3296	2306
4885	33
723	1674
6572	5188
5419	5418
3869	1632
7026	1120
789	642
6252	4134
6592	3080
523	368
1900	4899
1814	2913
2260	600
2314	1251
5246	5376
4033	1674
4956	4944
1106	1096
3041	5984
3839	5155
6534	5888
3113	3168
2285	160
7143	3912
2840	2776
4025	2048
3624	2752
909	256
6386	6385
3768	3754
3846	4912
5241	3913
3388	3844
3359	3360
1195	1920
7226	2818
5905	6152
1705	384
2823	2821
704	672
904	1000
2348	2818
5524	5523
6007	6170
6309	6308
7200	7201
6225	4577
1151	1152
231	1923
3151	4326
4279	3600
3012	3011
1525	481
2047	192
3439	3842
1576	1456
162	259
1136	1014
6789	6788
634	1024
858	641
751	770
2670	448
509	515
3485	3488
6521	4544
6665	6666
292	290
1028	1027
1248	2562
3267	3265
3995	361
1113	514
4753	4144
643	641
683	518
5828	314
4274	4273
125	129
2831	830
5369	5696
5303	2554
3853	1539
6501	6976
6929	262
1661	384
602	5828
6719	3594
2476	2466
6387	3715
2609	901
5877	6018
1451	1350
999	960
1036	4272
6502	6002
5517	5764
1228	1219
2357	1219
1859	4352
168	1344
1450	740
4612	4610
1847	4195
5373	1896
3452	3451
2688	2694
6052	3010
842	1386
3007	288
4475	3457
1540	1089
5330	5328
1316	1643
455	1024
5911	6168
5179	5178
4905	768
376	377
5508	2818
3771	896
644	645
7157	1234
3642	2076
5096	3601
1122	3200
4414	4433
4130	4289
4840	5954
3534	513
3824	129
4870	3155
4928	1304
1588	2416
2613	5656
570	571
3796	2306
5431	5400
6413	1723
503	2320
4564	2722
3942	2368
3062	1097
5921	4002
2104	2050
4138	648
2696	1312
2223	1925
1979	320
1648	2315
3944	3233
7017	7016
1078	3952
5837	4793
259	0
463	2782
1239	0
6542	6317
5837	6274
6614	2760
546	192
3263	2882
6799	6800
316	320
3402	1920
2099	2101
3743	5280
474	518
3458	3457
3834	1920
1516	1299
5511	6598
565	171
2631	2442
1380	2442
1866	1856
6595	2809
4799	4488
7158	6968
4317	3940
3050	2699
6923	6946
3358	2624
4174	5184
6224	6352
1198	1826
7278	1481
2877	450
3513	2729
7202	7200
2714	1122
2613	1393
4709	4708
3704	3712
255	1025
789	2180
4783	472
7205	3461
1343	4795
743	512
610	553
4652	673
6850	6947
433	432
604	1026
3463	136
883	897
4649	892
3483	1089
5057	5048
4843	481
6102	4256
3810	2818
2085	1890
2123	2122
3840	2465
2011	128
1701	1807
6602	1697
3532	537
2357	1220
796	3264
2914	1666
2504	1555
1784	3339
2985	1025
3088	352
587	5248
6542	357
4539	4546
1044	5121
2314	399
6534	6298
6290	6705
475	1024
4368	1546
1178	448
3613	1148
2517	1024
134	132
1764	1065
1610	705
6454	4736
4968	3347
3672	2120
4466	3075
2827	2721
3686	2276
2288	3680
778	444
3686	1573
1324	2474
2853	235
6183	4636
2738	1984
5718	6018
3226	5638
2270	2466
6356	3472
1195	3203
2831	4294
548	1024
4477	2712
2162	641
4459	2467
934	928
2220	3188
7256	7257
163	515
6784	3899
916	641
5760	4272
6241	6242
4939	4938
958	1024
6706	1967
922	2280
868	1926
4828	4672
2200	2201
1933	2693
6524	6525
5208	4813
1883	372
3892	356
5803	5858
792	1801
4670	4697
4288	4289
4054	4065
4757	128
4107	513
2813	6955
4028	5
6565	1776
6171	4834
1839	193
4323	2822
2072	417
1726	1802
5526	1490
4987	2944
2702	448
347	312
3186	585
1424	1185
2427	4192
2103	777
543	580
837	3188
7119	7048
1200	513
1780	3076
1366	1703
235	0
2657	164
5891	4400
6421	6259
3416	1317
957	1030
3	0
6234	4672
2707	448
2090	2115
3399	1349
6383	193
2763	1737
7050	4834
3729	5256
4542	8
7048	6065
4268	1152
2348	3011
5940	3594
2496	1602
519	3611
4542	4544
1487	2947
6123	1402
2169	132
3554	3547
3951	3940
4418	2400
5652	1280
6647	4416
1392	896
6390	4067
3974	576
3907	1120
7250	7216
5544	1721
2494	1948
2093	2050
4508	2912
4340	4898
1474	1473
6959	6960
3287	88
1267	802
1120	6400
216	39
2910	4933
6138	6137
4678	4568
3492	712
1065	2217
7251	3715
3328	1600
358	359
4282	4931
613	2722
3843	2850
2613	1582
6008	2724
562	1024
1199	640
470	621
3434	1920
6359	4704
1555	2306
6353	1984
3105	640
986	512
1197	2391
3779	832
3812	643
1358	408
1255	1256
3789	2657
6068	2929
4051	6145
4223	1250
4340	4900
3838	354
5548	6824
2754	512
5624	4224
3599	260
2159	3843
3941	5789
2067	521
2718	3219
6509	6346
4065	4066
6504	3120
1830	3676
979	41
4091	7041
1560	0
1814	450
667	129
2701	448
5703	1290
2078	1792
10	11
2506	1896
4382	706
4884	3819
5672	5780
596	101
5649	3462
705	4100
3707	1024
1949	2224
362	962
2006	1963
1397	3461
4208	1338
2372	1665
5688	3713
4025	673
4306	771
2779	2176
6136	3360
1987	3265
4323	6904
1674	384
5518	2520
3264	832
5929	4839
5112	4995
1085	1923
4124	3266
1557	1602
3958	1528
2740	592
4308	1793
1189	1217
248	96
1758	2915
1876	5345
3103	258
2912	2913
1291	194
2767	2162
2872	137
4002	642
2225	1297
7181	7187
644	2025
598	513
6893	4771
2948	1752
6732	3419
3057	3200
1735	1435
1471	1408
4818	4838
5237	5340
7181	846
1706	263
3601	1165
5144	3800
6511	1985
4303	4256
1975	5761
4039	3649
3881	2178
5155	5156
7126	4114
7049	4269
824	645
6812	4849
953	801
7094	4312
4672	4484
2617	1191
136	3457
7261	632
6131	1570
6538	6537
2067	2831
764	2305
4562	4582
4137	4125
306	961
3939	3200
6234	6209
1419	1433
1008	2176
871	257
308	65
1143	1126
4869	36
1045	225
3804	3776
2806	1728
3014	1616
4105	2241
5551	5602
6938	6937
5322	5306
1900	1901
1263	132
950	107
6414	5761
5189	3960
1216	0
2149	2049
1803	1919
4948	851
2031	3075
2776	2209
5784	6531
5942	2176
536	384
2031	2308
2859	1920
4943	5002
2207	881
4606	4641
1213	1026
3084	3200
1176	1026
4994	160
2384	2160
3731	2569
5851	6217
603	2078
3076	192
5934	3258
6005	1985
3057	2304
5692	257
5129	2433
1229	1152
1820	1829
4414	4411
650	384
1300	2314
3003	1283
6901	294
1476	6861
334	2178
4593	128
2147	2112
3094	830
817	0
3260	3200
4195	1921
2804	3587
578	3592
2341	1890
3679	513
2759	447
1957	1414
5552	5282
4651	4645
6121	6120
943	808
1884	1024
165	0
817	1536
6132	3075
2684	4736
22	0
5390	5441
1162	2690
6688	4330
4008	235
6710	761
2673	2192
1727	386
256	1026
379	120
3734	5446
1769	1768
749	163
5846	6152
17	3200
2867	33
4045	512
6079	3266
2340	832
4256	2819
4072	2208
874	642
6554	1667
872	257
4982	5155
1469	2818
1837	1025
4347	4355
3488	3493
1826	2817
1547	513
3580	491
3989	3072
6928	1959
2880	513
127	1025
6072	4514
597	217
2341	1251
5849	105
81	3072
6669	7102
1664	675
2757	2881
4592	2712
3428	4868
1054	3713
2760	4352
4539	100
3691	3232
2015	2048
2522	545
500	128
2331	1251
5688	1125
3084	1
4593	4450
298	522
2465	1024
1980	3459
4722	4650
3240	160
3305	137
689	192
2869	2339
4143	1856
2819	2722
3135	642
4371	608
3358	1572
6166	3939
6687	4510
3007	771
1283	1282
2912	1314
2869	3697
522	644
628	512
21	67
4733	1920
2215	2049
3916	2913
5866	4705
3666	3105
1277	929
3864	3078
6387	6311
4595	128
1242	257
5895	91
4669	4481
5065	5064
4732	3072
3798	4739
6341	1152
1925	131
2542	1899
5832	4817
3824	740
2145	2002
2973	1656
941	290
720	518
159	257
2846	3210
840	384
3861	3847
6498	6225
5294	5312
2666	264
501	256
2126	33
4712	4698
2043	769
4229	5056
2307	2243
3834	3200
3001	5825
758	3985
1442	3142
2510	832
3189	4609
3766	3753
2164	3896
1709	1410
4961	5008
4748	258
753	259
5872	4384
106	354
4490	1280
1375	5243
3537	6145
5028	768
3315	131
4130	1986
1652	3203
4102	3145
5281	5280
3401	2496
685	2327
4295	384
786	2178
3520	3521
3834	4869
4133	3202
827	1722
2573	1024
5538	1905
896	897
3457	3200
5259	5218
7113	2816
1205	1984
1964	3457
85	4546
73	1
634	1
136	137
1126	1860
6104	6105
2366	2368
4784	4758
3868	1984
5358	4512
373	396
7198	4608
6550	6265
1493	515
6929	6668
1670	4325
882	2050
3569	4715
6438	3945
2169	1285
3231	3072
159	1551
1957	267
6242	3520
861	1
2288	4370
6215	5343
7191	931
4776	2177
1031	1026
1679	998
4169	672
1179	515
2106	2049
2985	2050
3214	1026
4418	4417
3974	4580
3040	3032
6848	3665
2509	4209
265	260
5181	5409
2389	4912
2929	3107
748	2304
6121	6184
3395	1089
1540	738
6683	2792
6370	946
3911	3392
6151	656
40	128
1669	1289
6993	4839
124	4864
3334	897
4	0
1935	2023
438	642
6962	5904
1154	4360
4749	97
3494	4098
5427	4236
3463	114
2862	2369
2739	262
3132	481
717	696
5367	5576
661	896
2072	4418
6856	5739
4011	3586
6222	5841
1566	931
1138	4393
2309	2054
1327	384
4733	4795
6122	4509
4498	4355
3493	4097
366	4299
121	2177
2078	1414
6169	3939
3417	2976
504	448
6258	1176
7079	6960
2457	2628
4779	4290
5332	3840
4806	4800
5424	3306
5558	4550
421	419
5903	1570
5182	6856
3614	6654
5630	4497
2086	2052
1529	1925
5954	5955
1838	144
5309	6323
5089	5088
4886	1281
2587	408
2434	2369
5890	327
6521	7091
3625	3627
1648	2630
1034	3200
331	771
934	160
7164	3249
4593	4570
5033	3176
2017	2018
6754	6753
3457	1537
285	1792
1568	2538
3662	4736
2720	252
672	1024
187	683
4836	1152
2077	2400
7060	4840
3177	3168
6808	6202
3841	160
4048	4064
6712	6864
6605	267
5497	6598
1184	1219
349	4657
541	2
1302	640
4101	2866
2972	3200
6584	2187
866	867
1380	1805
4853	4386
3956	6497
5812	4039
634	3078
3882	672
3202	4419
2194	129
5181	2530
6436	6240
6895	4688
1969	320
2395	640
161	1920
848	2
4775	4778
5241	3490
191	192
2436	3721
2882	770
1511	1542
124	1928
138	640
1364	3011
3803	3472
4257	2083
3120	1664
6556	5962
3335	1097
1647	1312
697	50
1607	3456
4535	132
2454	2612
7121	4161
6049	6048
228	259
90	0
7215	7216
83	3072
1784	1936
5576	3121
4772	3877
5240	738
4739	361
5134	5097
5358	706
4141	2179
1836	512
4339	4355
5408	2544
4578	3961
673	2048
6604	3104
1819	768
3973	192
5733	1705
2682	1162
2696	2497
4697	4705
82	5
4460	3072
3435	2968
5553	5282
3514	3100
2146	2136
5192	3481
7213	2968
5215	2560
7228	1281
302	1
1553	545
4886	5987
6460	6256
3278	1932
2825	4608
4646	4656
5173	5209
1409	1408
2057	900
7068	3570
613	2819
4890	872
1683	513
2310	3592
3959	3840
3311	128
1268	802
1026	1024
1583	2818
5562	1600
3770	2306
1356	3011
3242	2312
7080	2681
5381	3650
2264	2221
3274	3280
6081	5857
4808	4097
1178	375
4703	5859
1637	832
1700	128
4515	5504
4556	4865
4429	2347
2822	3713
2278	3701
6108	132
1493	1252
3303	5856
2543	1360
5033	1386
4070	2850
1548	513
6711	3832
427	528
6331	6435
1457	1924
2131	2082
5067	5066
1130	1024
4441	1081
923	642
1796	6272
3886	3849
2924	1667
4407	2968
1451	2641
2796	512
4450	192
2196	741
5863	5864
1122	2
4574	4611
7193	313
1940	6336
1156	161
147	1024
551	6148
4237	3905
4793	3593
324	352
3155	3075
6402	6452
4438	4322
3805	3793
6604	2208
3330	260
2401	1505
875	640
3779	7072
1112	2689
3356	512
2627	3268
1729	992
6189	6188
2761	2740
3267	2306
2498	2497
2085	203
814	1537
6479	7000
6094	3956
6288	824
1683	2651
1415	4225
6310	4811
6030	1182
3358	1558
326	2304
1961	1990
2279	459
392	1923
1998	1233
2150	65
6977	6859
3371	3200
3182	3160
25	26
5627	7233
4113	108
4900	4899
7070	4842
4390	6240
2557	5680
6449	6450
3513	106
563	521
90	1
1977	1894
4967	5080
1136	3464
3418	1280
221	274
3412	3419
6299	1970
3713	3941
3928	4512
799	128
5984	4608
1003	1954
4847	4361
4229	3622
3239	3200
4443	5862
6015	1970
6825	6892
1570	259
1484	3243
3265	6176
1949	3746
6835	6834
5716	4226
4446	4920
3063	3072
985	984
127	5
5704	2482
6067	5966
3337	1185
2817	878
2303	802
740	1024
1719	1720
477	65
1406	706
4148	1450
217	192
6348	6349
2550	1925
4147	3939
6729	3843
5490	3932
385	386
4224	1702
37	268
4023	6251
3361	3362
828	518
4887	3155
5350	1384
1735	991
674	675
5484	2081
2273	465
543	4744
5721	3221
1943	1793
3958	2651
758	4608
1491	1274
1492	1008
4865	4260
7281	3193
5656	1344
2148	2002
1011	640
140	1122
5000	5030
3545	2740
851	2177
3650	5216
4317	5766
3249	4611
3154	6528
2281	2512
1617	1031
781	2689
3299	3105
6897	3597
340	320
2332	1888
2242	226
3041	673
4637	4609
223	1152
2707	3046
6255	4134
1852	1923
751	299
3211	5008
4460	4450
2419	2420
2332	3707
1098	2050
2002	2052
1699	1552
235	2176
40	129
5155	5157
2277	1924
4834	2306
1236	6977
1751	1312
2506	1700
1174	1216
421	139
4276	4608
5664	5665
2498	132
6810	6975
338	2818
1890	1024
2539	2048
6897	221
4276	3461
252	2117
6084	3266
6114	2800
553	536
3457	1034
3978	3517
589	3520
3213	676
3989	1025
3736	5
861	518
1676	1
4751	4744
3068	3074
3891	3904
1668	1667
451	1024
5734	4218
2977	2976
4882	5
1658	1248
6970	4384
1092	1238
6857	6053
4489	3200
4221	2605
7187	7188
5507	5377
927	1664
2427	1834
3976	864
5211	5600
6208	6209
457	896
7091	4544
6348	2799
1684	200
3036	129
2823	2662
2737	512
5900	5898
637	640
1350	1595
3657	1283
1379	384
1948	1667
3939	3457
207	163
2406	4900
596	1993
2559	1414
2770	760
4149	3105
267	1923
1272	1540
3726	2698
3715	363
2432	833
61	256
2292	5061
2780	3440
5614	2913
3822	4960
5979	1708
2166	386
4649	460
1829	770
1215	4352
5197	896
649	1185
3223	3235
3394	1920
1828	878
4475	1122
2172	833
2568	513
350	344
293	98
287	1579
2511	2215
3476	769
3850	3887
6239	126
5661	2912
6222	3955
6737	6645
6143	3041
2006	3565
4677	1984
4397	5825
1737	67
6429	3585
2958	2533
560	128
2266	2265
2859	6409
858	4759
5349	3653
6627	2724
938	1824
425	128
5561	6059
3747	1173
6469	368
1705	137
3373	1746
2038	2033
1862	706
1513	160
3316	2411
6188	624
7211	1649
2510	4000
1381	65
1031	901
887	706
2859	3082
7008	6184
1719	1353
2291	2592
5074	5073
2100	1543
608	128
3721	1600
5184	5492
5326	5566
6735	6736
384	2816
3452	2021
1920	1923
751	1028
3907	578
497	896
3078	4609
4965	4800
1210	262
4423	2346
1646	2466
196	129
1414	1025
674	772
3184	1099
4183	1288
3136	6604
4959	4960
1542	1260
5707	5362
2345	2337
5987	1281
638	640
4199	3200
2210	952
6731	467
1109	1025
4582	2982
5596	4395
6626	1168
4882	774
3031	3032
1168	1025
2267	3648
6116	211
473	586
2140	4609
1885	928
7250	7209
2265	2693
2030	3715
4054	1594
3745	2921
3474	2275
2287	3715
393	384
2467	2475
3966	325
483	480
466	1026
4263	6081
6686	6688
6221	6082
1	0
6174	580
6197	6050
1766	2920
5599	3196
6643	625
5455	1536
6493	6290
2688	2312
1644	1024
1380	5390
2020	3329
1178	1028
2954	1605
2985	2603
4118	4130
870	4864
134	198
3673	1196
5002	4962
3524	1281
3661	3659
532	547
6270	6420
1046	225
4410	304
5290	4352
185	576
5314	5313
5489	1537
3228	3334
6564	641
4527	3203
5238	3800
6238	6237
3937	839
5905	5855
4838	654
2085	228
3943	3233
3935	3936
773	646
2735	2232
227	1024
4429	1235
4804	3972
2668	1826
6858	6884
3230	3248
5048	648
4389	805
1072	705
14	1291
3395	578
3953	3713
5815	5816
2253	1682
1280	1804
5161	5162
412	408
3988	1
871	386
4040	1984
6172	2720
110	3585
2592	2466
3203	3848
2908	705
2895	1920
5288	1186
4075	131
6234	850
2597	3056
2376	2616
2239	1
676	675
1916	160
6637	525
1414	899
1827	2818
831	6018
2959	1290
3247	5220
1897	1414
348	266
824	6279
4055	838
4561	2694
6859	6826
5063	5092
3768	3755
893	965
6066	4839
4801	3111
4193	5696
61	130
2706	4582
6257	3489
403	1622
320	1157
4872	7232
3329	3232
5815	5880
5434	2512
7132	50
5568	1055
5550	2395
6311	6224
623	260
3350	3336
4537	40
786	1028
3271	1024
4162	1817
3601	2958
2082	2145
3443	1761
5980	4705
3934	4736
826	0
4592	4498
4807	837
5204	3859
3611	3616
2079	2802
5001	5603
1370	2563
1187	1284
492	608
1088	1089
4334	1240
2349	515
1805	4235
3132	3206
394	1793
4697	7139
4554	4614
4004	1545
6597	5907
3768	877
5119	1809
801	3872
3354	3344
4683	372
2943	2663
418	4369
743	152
4304	777
4731	4609
5738	3708
673	4608
178	3073
4416	4081
2721	256
2246	3200
4956	3233
1269	2915
801	3696
3061	1026
5346	5325
3808	4295
3292	640
5305	5306
161	2177
6362	520
1935	648
3585	3584
2226	705
3344	2466
6736	6704
3103	101
773	16
1895	5473
1423	1284
2846	6541
4254	4858
2280	4361
4030	1216
985	1003
2896	3681
1119	1200
3872	1024
5950	4512
2389	2588
2021	160
5559	561
4012	3971
1846	1120
5757	3177
3657	2149
2903	1924
1645	3392
632	3088
1461	1409
4384	4097
744	4290
1298	896
4164	960
5933	112
5128	1331
6250	2754
6436	6050
4521	3076
2093	899
4222	2696
4678	4769
4045	3971
624	576
2810	128
987	578
1943	3338
6180	4728
2256	1297
2741	3197
2123	2995
491	386
3906	724
4535	4869
1659	3457
3880	3898
2847	768
5284	5248
634	8
3161	3316
1185	1920
4468	5030
1980	2306
5845	1840
1360	3734
2338	1921
5801	5858
2605	295
3860	482
1282	1665
2889	1024
3392	2310
3730	2240
383	4160
2276	1285
2500	2240
6584	841
2404	5633
6752	4852
6064	6070
5053	5112
3372	5411
1573	1572
2268	609
2733	240
1686	787
3352	4074
2837	2688
5433	721
3960	5383
4930	4929
6396	3952
193	1859
2918	2178
7205	4838
775	6786
3796	2372
4483	4497
7114	869
7246	1555
5488	5321
5397	1352
2937	2477
2361	515
41	515
5170	4961
2117	2107
6068	3339
2250	1920
6918	2084
2590	1249
6910	6911
1483	1482
7070	7069
3916	2375
2652	1665
3085	3092
4681	4674
1566	645
128	129
386	1024
4380	61
526	192
4987	4997
5179	1691
858	2199
1298	2306
3961	2194
6143	7266
640	771
3912	3072
4646	6171
1683	1795
2958	1320
1424	762
2664	4288
1983	1984
6593	176
4548	5997
7191	7190
4216	2371
2125	32
6489	4672
4582	4583
1283	2053
3195	494
922	708
6558	5915
454	3072
2203	904
4748	4749
3425	2470
4491	192
5513	5512
3212	3649
3712	3714
2738	515
6884	6053
3050	2933
423	128
1841	3718
4070	815
1989	259
2054	384
5056	1608
3558	896
856	257
3750	480
5223	1808
6572	6574
2690	2697
2779	2211
2535	901
598	805
108	2
6227	897
4226	4647
986	258
2597	2818
4667	7094
4126	3266
696	769
523	2338
5856	4097
1532	5248
4387	377
4125	1856
1813	2568
4302	1281
1703	4224
419	420
2107	2401
2743	640
2292	1190
7135	7191
1645	2625
2283	2242
1032	1024
1518	3200
4410	4409
4393	4394
2137	2433
1818	3852
5429	352
96	94
5063	1395
4801	6959
6079	4074
762	769
3127	1768
64	1930
4269	65
937	386
1740	3424
4187	1890
4055	7148
5335	5277
915	6008
951	640
1113	2307
5226	5225
1386	1761
2351	648
2090	808
1533	1568
6986	1868
2523	2244
2884	738
6160	2354
486	1024
4814	5861
2773	642
3527	422
3690	3237
6598	6566
43	128
378	379
5841	5856
2021	1190
5573	3571
4492	4609
1561	1280
478	384
120	3712
5275	5316
1961	1991
5850	6582
1020	1285
226	1024
4870	460
368	3778
2441	1414
2745	280
2505	896
3649	6912
6511	994
1270	1280
3791	3810
1701	1552
2007	1
2102	1024
1081	3200
3793	3792
3973	1312
6129	2088
2703	960
591	592
1184	1028
1309	1283
6236	6296
4970	2592
5332	5331
1323	1280
7261	1186
1885	3840
185	770
2463	4226
6981	4752
4364	3304
1857	1858
4837	4839
195	2441
3863	576
884	896
6436	3379
3177	1537
4372	3275
1273	1632
6126	4800
2183	609
3770	3780
3618	1884
4572	434
3087	3202
4915	4914
847	640
6519	6309
1571	832
1339	4233
3526	4003
3124	2718
314	98
6290	6696
6459	1880
6636	1987
121	258
6301	2820
3225	3234
1049	1984
3536	3972
785	648
2753	2749
4017	384
3457	2818
4803	2818
4497	608
1267	2730
246	258
1459	3200
5774	2442
6267	3680
111	3072
5215	5445
1634	1545
881	642
3243	3456
2294	3746
7232	4882
1211	2690
4139	4128
1268	1527
1225	642
3661	741
2538	5602
4396	4080
2731	889
518	517
470	1195
4616	2192
7199	1
3898	4800
3888	1667
5432	6136
2061	1822
2881	513
6315	3585
1086	1152
1323	1700
4216	1959
1137	450
1980	4114
5814	4106
5949	4512
3936	481
4929	5121
1339	2955
695	645
3442	3457
461	1024
1256	8
1700	3842
390	544
1508	1509
507	3072
1711	1024
2392	384
3675	6025
1277	1122
4466	2308
2392	1920
1236	739
2269	1017
2808	2186
6690	3361
1	2
2060	32
6332	4281
1522	1667
3511	3138
2639	2480
3142	4800
2130	417
2585	3360
3007	262
4828	4203
5242	3842
194	129
3769	672
18	6
3883	386
457	5248
1229	4486
2788	2778
3196	5282
4964	4083
1788	4231
1874	484
4458	3336
1626	1793
2981	64
4497	390
6408	6407
430	4283
5182	2730
14	524
4389	326
738	773
4104	4203
6993	6985
1421	1312
2492	1809
4660	4694
1059	1049
6998	700
6565	1361
482	129
3844	2468
3319	1427
814	107
6447	4011
1418	2339
1463	2433
4764	4723
5680	4857
4847	4852
5538	3015
6130	498
2979	2570
4416	114
4703	5860
4523	1552
2019	128
1416	1312
233	896
1680	611
932	3203
6636	4136
6130	35
4454	3440
3829	1
389	623
153	154
493	1674
3504	2208
854	4417
1093	1094
6837	6659
902	65
1976	129
2381	4192
3786	1448
2992	2688
5668	1984
3606	3936
4715	4514
1846	162
5014	3321
532	533
3626	3627
6722	450
6268	4562
219	256
2417	1938
6843	5880
1740	515
1927	3072
3475	2306
5119	4207
1611	3842
247	4352
2159	2180
771	777
9	113
4657	1186
2277	901
2828	2832
895	2112
6406	4772
141	5
2052	2050
6383	2754
459	1024
2642	1172
3397	1601
742	256
3845	2994
795	163
2008	1930
1757	6563
1243	256
3016	3025
1351	1771
2522	6203
3506	99
3157	797
5364	1090
5851	714
1756	4224
282	2696
6175	3819
1943	2575
2973	913
6051	6336
2500	1312
2958	2206
3607	1926
1540	1539
4299	3753
6959	3779
4885	1931
2821	2820
1145	1
7209	6347
910	104
6023	3075
5091	4080
4640	4614
4092	705
6704	6289
64	2318
7199	5659
6478	5872
3414	3899
2106	899
2699	201
491	3075
355	1414
2467	2390
4645	4656
4059	129
5938	6081
4169	52
5893	4449
2072	2148
1498	1472
2377	960
1268	1190
4119	2307
4402	4401
1015	640
1534	1145
2855	2339
471	609
6957	3598
4959	6563
1035	4226
2713	1026
1370	137
1723	3265
2845	481
874	44
2519	2487
2861	356
4157	4160
5132	5133
565	260
1273	227
2583	2048
2745	1178
2432	3837
4924	2906
120	2179
2608	2545
809	833
1117	1024
6030	3105
6850	6659
603	6725
539	538
1623	384
4282	2309
3853	3395
5503	5504
942	2177
5834	1570
2360	783
4124	3781
765	4411
3350	587
5387	1109
6923	6659
3639	3057
2342	512
231	901
6029	5691
1939	932
2943	4561
2033	2947
2278	2277
6110	6435
5808	4400
5284	5402
3847	576
3239	1025
1312	132
1981	4834
3168	6016
3829	4612
2536	160
4805	4804
4509	1928
3937	226
5907	2066
4027	2819
1400	1024
2465	1025
2733	71
3775	1
3426	3404
4299	4298
4845	5731
6648	2355
6759	6588
2218	2217
4947	956
76	1025
588	2176
2541	928
4716	6338
4982	1989
194	1026
6712	974
1319	2976
4469	4256
3879	5696
6406	2085
5382	3874
2171	2179
4713	490
3679	913
1745	3392
6175	6045
48	51
5021	195
4509	6604
3160	269
5707	3547
6066	5928
5385	5218
4286	2312
261	353
717	716
4138	1674
115	771
2427	435
1536	1238
6587	2712
654	4608
4104	3972
5678	5800
2714	5219
6107	261
1335	1336
2826	2824
128	3333
2491	5575
1657	6455
698	715
1367	2497
617	336
6860	4056
6313	4461
7106	5496
6161	176
6077	2392
604	3078
5674	392
24	131
3806	2978
1994	1993
4902	3222
3772	3784
4508	2875
3779	5883
2078	213
4585	2019
6584	5547
3360	7273
6862	3461
4232	2612
3257	832
6228	6290
2149	1283
4713	2835
1753	1801
3860	1317
4770	1026
1332	1414
3759	3011
3561	3939
1451	181
2584	6823
5161	5163
660	1792
6738	608
4935	1312
1846	6441
5319	1512
1025	1024
4687	84
3105	129
4614	3330
2699	3034
1688	1755
3554	357
1037	2993
5517	3850
1673	2312
84	384
2830	111
1585	1245
4684	4771
4550	6146
4152	4018
2704	960
926	3090
2017	2036
4493	3425
3230	3227
6466	5718
1655	4219
876	3265
3024	2179
6835	6941
757	645
1534	956
2694	2034
735	1024
656	640
5197	6576
5694	5772
4954	2978
4646	4652
1520	1640
2600	2864
2250	2215
5925	490
2702	609
3364	457
4057	4097
1229	3464
1156	2243
2790	4352
2300	353
3587	3083
6224	2348
6253	3105
4385	3200
1036	1095
1523	2562
872	226
5540	2640
3333	4514
4739	2066
3777	3778
1840	4326
6337	6400
4066	1594
5546	6567
2159	4354
3568	786
217	288
4289	2684
6502	6501
2706	2663
4845	5747
6948	6946
1103	1793
4139	2089
2522	1265
3898	5890
460	1024
6293	6051
4967	4986
2066	2049
3987	3971
4086	897
4468	1222
572	1026
4385	2611
1286	452
936	960
5566	926
3301	1194
1728	955
1367	1736
4777	98
66	256
2303	1190
5166	4185
3619	6082
5781	2531
1148	3561
6557	4728
1285	1282
1307	1024
5898	5861
2241	1924
800	256
6160	5901
2018	608
7101	5369
3831	1665
7171	7085
5224	1697
5473	5472
4826	1298
4041	4028
6236	3489
2288	6508
1284	896
5028	156
3234	96
3271	1195
4229	1608
444	3084
1210	2312
330	66
5857	5802
4947	4948
2698	3970
3650	2818
4382	4387
4156	2660
2215	1926
7127	7128
1954	290
2154	3715
2967	1736
5389	1437
1753	267
692	706
1220	2304
721	651
1669	7276
244	32
5229	5529
3327	3617
6365	2464
1168	386
4683	4663
5047	3336
2868	2689
215	1156
1650	138
4588	3848
4459	2599
2625	1280
402	1414
4683	4684
95	130
315	908
5364	4323
3094	3078
4398	1891
4504	1284
3873	2915
935	993
2677	2161
3875	3376
3044	3032
4187	1894
1755	354
2034	2023
3427	5553
4117	1986
2608	2501
3180	1256
1344	1417
5194	5382
4725	3608
4689	4481
1713	1475
4831	4828
1212	391
4522	38
877	160
845	1864
4737	128
727	3076
6084	1187
1286	1287
4475	5508
5931	2465
3937	46
2258	2050
5175	14
2964	2979
1174	259
1443	867
4106	1953
3434	2889
5569	5504
1080	3712
1188	857
632	529
2796	4203
5792	5793
6017	3451
4561	3725
3268	2466
3293	465
5097	2298
401	1248
3568	1220
875	1281
3793	1640
6243	6448
1470	5333
6569	6570
429	518
3504	1024
836	193
3292	2306
1504	896
6008	2098
2493	1581
6675	3265
1494	515
4614	2311
3608	1186
4905	2882
4565	434
5306	5323
4958	4960
3017	1025
3282	2339
4400	2465
2847	2436
7186	3299
4030	5857
722	654
452	1536
5032	4961
4630	4642
3299	2793
1134	1037
5416	4995
5255	2915
1079	896
6686	1708
3815	2213
3472	2056
3445	1547
6622	2720
1576	1600
781	2691
1273	1479
2843	2852
6891	4668
1336	1410
5261	5185
286	1026
989	440
575	130
4673	2544
6904	4394
4199	2818
2942	4
5007	392
1937	1924
6526	6476
18	7
5680	2611
3644	3200
535	513
5287	1186
7290	7292
554	515
3310	1177
580	576
2870	1828
2141	2347
5389	594
350	324
3197	1222
6366	6403
541	1924
3362	6690
1591	2880
606	1302
6734	1069
386	1026
6151	3781
5978	661
6157	443
4408	890
3440	4229
4811	2593
6156	3200
2798	608
1685	1603
339	2818
2303	2284
1952	1948
1215	1195
2055	4770
2862	2658
3832	1790
1614	0
3805	2442
2773	3209
5159	3721
5966	5937
4969	587
3896	2817
6188	6339
4581	6018
1338	2563
2062	2053
5249	1043
3628	2820
1061	225
6626	18
431	257
4667	3756
478	131
6664	5728
6649	3075
6534	6812
6279	6692
5937	739
3142	129
2437	2408
6414	4250
2976	4487
5195	4209
6740	1056
4997	4996
2156	2850
1174	1541
7229	6154
6409	4067
2686	2816
276	1
4504	1298
4518	568
4637	3522
3572	3585
5547	4512
2092	2089
3455	964
3004	899
733	640
2592	2276
3441	1752
2904	97
7096	7139
3072	777
3262	1540
5774	4878
3237	2369
3473	2208
2664	4161
3875	1393
2841	3969
4333	7049
198	1024
1116	3072
4128	2089
5406	112
172	854
6799	3345
5483	3641
2388	201
3741	6688
4546	151
356	521
1733	1731
1391	5164
384	2567
6071	5961
4249	3712
1130	3756
324	353
3764	2395
1085	70
6840	4050
3270	5696
1902	1025
4368	2866
5861	5856
6175	1649
6664	387
6615	2318
1913	1116
3458	452
1942	753
1716	2275
