0	77
0	102
0	120
1	309
1	461
1	115
1	116
1	125
2	197
2	461
2	441
2	476
2	107
2	752
2	123
3	59
3	4
3	6
3	753
3	23
3	331
4	3
4	6
4	141
4	145
4	23
4	24
4	31
4	33
4	39
4	302
4	53
4	182
4	59
4	189
4	352
4	75
4	87
4	731
4	239
4	375
4	319
4	253
5	6
5	72
5	13
6	3
6	4
6	5
6	10
6	20
6	538
6	28
6	30
6	33
6	548
6	39
6	40
6	48
6	53
6	568
6	59
6	63
6	68
6	79
6	82
6	613
6	104
6	107
6	112
6	113
6	118
6	704
6	148
6	622
6	150
6	170
6	171
6	184
6	191
6	195
6	201
6	202
6	203
6	727
6	735
6	225
6	747
6	774
6	277
6	278
6	808
6	816
6	824
6	329
6	332
6	875
6	879
6	388
6	833
6	402
6	409
6	417
6	424
6	461
6	476
6	488
6	499
6	503
7	800
7	33
7	171
7	53
7	314
7	700
7	65
7	452
7	837
7	72
7	719
7	80
7	89
7	90
7	117
8	10
8	395
8	397
8	270
8	707
8	277
8	23
8	155
8	774
8	679
8	40
8	564
8	309
8	182
8	824
8	800
8	651
8	586
8	461
8	82
8	732
8	733
8	227
8	359
8	488
8	237
8	113
8	244
9	15
9	16
9	17
9	19
9	28
9	33
9	37
9	39
9	40
9	43
9	48
9	49
9	51
9	59
9	60
9	64
9	67
9	71
9	72
9	78
9	82
9	527
9	94
9	114
9	115
9	120
9	130
9	138
9	143
9	146
9	159
9	167
9	540
9	171
9	177
9	690
9	697
9	717
9	213
9	732
9	238
9	242
9	243
9	255
9	259
9	269
9	270
9	271
9	273
9	275
9	278
9	47
9	295
9	808
9	308
9	323
9	340
9	348
9	360
9	362
9	374
9	382
9	383
9	385
9	397
9	405
9	417
9	455
10	6
10	8
10	16
10	20
10	22
10	23
10	26
10	518
10	45
10	49
10	53
10	569
10	58
10	63
10	64
10	72
10	586
10	75
10	76
10	77
10	80
10	86
10	87
10	89
10	99
10	616
10	107
10	624
10	139
10	145
10	164
10	170
10	188
10	192
10	202
10	206
10	210
10	723
10	212
10	225
10	259
10	270
10	279
10	280
10	284
10	285
10	286
10	804
10	297
10	309
10	314
10	328
10	844
10	383
10	394
10	424
10	434
10	448
10	459
10	472
10	496
11	135
11	23
11	131
11	278
11	279
11	544
11	803
11	37
11	39
11	685
11	312
11	631
11	218
11	97
11	747
11	628
11	375
12	23
12	28
12	35
12	39
12	46
12	58
12	572
12	63
12	64
12	65
12	580
12	72
12	586
12	587
12	78
12	80
12	81
12	88
12	89
12	91
12	610
12	101
12	113
12	114
12	630
12	130
12	131
12	135
12	648
12	139
12	145
12	154
12	159
12	160
12	161
12	166
12	680
12	540
12	174
12	688
12	692
12	181
12	701
12	192
12	206
12	212
12	718
12	218
12	220
12	233
12	244
12	765
12	255
12	640
12	770
12	259
12	269
12	270
12	271
12	273
12	277
12	730
12	800
12	294
12	302
12	303
12	816
12	309
12	310
12	824
12	316
12	321
12	336
12	569
12	725
12	860
12	349
12	865
12	60
12	363
12	379
12	385
12	395
12	397
12	401
12	421
12	426
12	442
12	757
12	472
12	473
13	357
13	5
13	39
13	41
13	684
13	258
13	272
13	48
13	113
13	726
13	119
13	33
13	91
13	732
13	286
13	69
14	136
14	41
14	42
14	291
14	776
14	172
14	603
15	642
15	17
15	278
15	674
15	39
15	41
15	816
15	693
15	9
15	568
15	313
15	447
15	192
15	374
15	70
15	328
15	81
15	212
15	101
15	739
15	630
15	631
15	633
15	508
16	9
16	10
16	527
16	23
16	24
16	25
16	538
16	31
16	33
16	34
16	42
16	43
16	49
16	51
16	53
16	58
16	60
16	62
16	65
16	68
16	71
16	73
16	81
16	82
16	596
16	90
16	100
16	103
16	114
16	117
16	129
16	146
16	155
16	166
16	170
16	173
16	179
16	692
16	694
16	191
16	196
16	200
16	203
16	206
16	212
16	218
16	231
16	252
16	255
16	259
16	641
16	268
16	269
16	275
16	276
16	277
16	295
16	313
16	331
16	337
16	866
16	355
16	359
16	360
16	362
16	363
16	374
16	380
16	384
16	390
16	394
16	397
16	400
16	405
16	780
16	418
16	421
16	433
16	439
17	261
17	390
17	405
17	9
17	394
17	15
17	146
17	531
17	148
17	149
17	281
17	153
17	155
17	284
17	287
17	160
17	33
17	162
17	35
17	36
17	37
17	39
17	42
17	301
17	46
17	125
17	27
17	200
17	180
17	694
17	137
17	56
17	58
17	59
17	572
17	62
17	63
17	262
17	568
17	71
17	328
17	585
17	331
17	418
17	78
17	81
17	82
17	468
17	206
17	345
17	351
17	97
17	227
17	228
17	421
17	237
17	253
17	114
17	246
17	361
17	120
17	660
17	250
17	383
17	170
17	382
18	780
18	145
18	147
18	276
18	174
18	152
18	284
18	415
18	544
18	545
18	291
18	301
18	46
18	180
18	54
18	185
18	189
18	580
18	203
18	219
18	220
18	280
18	483
18	109
19	9
19	75
19	108
19	46
19	48
19	87
19	697
19	91
19	319
20	6
20	136
20	10
20	395
20	268
20	270
20	399
20	146
20	22
20	795
20	157
20	159
20	880
20	419
20	262
20	476
20	42
20	49
20	648
20	565
20	822
20	585
20	697
20	61
20	64
20	580
20	118
20	71
20	73
20	77
20	467
20	212
20	85
20	598
20	633
20	601
20	348
20	478
20	223
20	612
20	101
20	488
20	361
20	363
20	492
20	237
20	494
20	496
20	115
20	884
20	732
20	246
20	503
20	504
20	426
21	279
21	538
21	157
21	37
21	295
21	40
21	42
21	180
21	183
21	62
21	66
21	197
21	209
21	86
21	81
21	497
21	123
22	134
22	10
22	813
22	20
22	538
22	415
22	33
22	164
22	166
22	167
22	173
22	182
22	191
22	192
22	201
22	202
22	338
22	212
22	87
22	91
22	93
22	607
22	234
22	370
22	247
23	513
23	3
23	4
23	261
23	103
23	8
23	137
23	10
23	11
23	12
23	397
23	654
23	16
23	259
23	277
23	278
23	153
23	152
23	25
23	155
23	286
23	231
23	34
23	359
23	36
23	37
23	167
23	42
23	43
23	812
23	45
23	46
23	206
23	434
23	51
23	310
23	713
23	56
23	313
23	58
23	61
23	62
23	131
23	193
23	203
23	495
23	327
23	201
23	458
23	331
23	418
23	78
23	335
23	210
23	83
23	85
23	697
23	88
23	356
23	884
23	347
23	220
23	479
23	100
23	295
23	238
23	189
23	753
23	115
23	643
23	255
24	4
24	518
24	263
24	782
24	656
24	405
24	27
24	289
24	546
24	220
24	92
24	302
24	432
24	179
24	70
24	545
24	201
24	203
24	334
24	210
24	212
24	654
24	86
24	476
24	16
24	614
24	488
24	105
24	746
24	619
24	236
25	259
25	261
25	648
25	137
25	141
25	270
25	271
25	16
25	531
25	277
25	23
25	324
25	287
25	160
25	804
25	421
25	166
25	170
25	44
25	114
25	46
25	49
25	180
25	94
25	56
25	191
25	66
25	196
25	201
25	80
25	211
25	212
25	213
25	89
25	218
25	220
25	517
25	222
25	735
25	336
25	738
25	635
25	613
25	488
25	106
25	619
25	498
25	244
25	468
25	379
25	508
25	255
26	262
26	10
26	287
26	801
26	165
26	171
26	432
26	51
26	571
26	64
26	66
26	76
26	337
26	859
26	861
26	223
26	231
26	360
26	623
26	753
27	17
27	24
27	415
27	33
27	166
27	46
27	433
27	56
27	62
27	64
27	326
27	72
27	340
27	345
27	100
27	145
27	109
27	375
28	35
28	292
28	261
28	6
28	72
28	9
28	170
28	107
28	268
28	12
28	79
28	208
28	82
28	211
28	152
28	299
28	476
28	780
29	136
29	265
29	142
29	143
29	273
29	534
29	280
29	538
29	623
29	288
29	33
29	290
29	808
29	41
29	583
29	46
29	177
29	434
29	693
29	697
29	187
29	64
29	544
29	71
29	200
29	591
29	85
29	87
29	355
29	619
29	364
29	493
29	110
29	111
29	496
29	498
29	756
29	545
29	246
29	169
29	673
29	636
29	801
30	139
30	36
30	6
30	39
30	488
30	41
30	299
30	685
30	79
30	680
30	327
30	356
30	732
30	735
31	4
31	166
31	72
31	16
31	434
31	211
31	88
31	442
31	509
31	94
32	41
32	42
32	53
32	181
32	64
32	321
32	66
32	454
32	77
32	206
32	212
32	87
32	91
32	735
32	106
32	107
32	426
33	4
33	6
33	7
33	9
33	13
33	16
33	17
33	22
33	27
33	29
33	545
33	35
33	41
33	49
33	50
33	567
33	60
33	62
33	64
33	71
33	72
33	74
33	84
33	86
33	93
33	94
33	103
33	106
33	113
33	122
33	107
33	136
33	146
33	149
33	152
33	153
33	162
33	167
33	173
33	797
33	182
33	183
33	189
33	194
33	195
33	196
33	197
33	209
33	212
33	213
33	217
33	218
33	220
33	264
33	131
33	286
33	288
33	732
33	300
33	301
33	326
33	55
33	338
33	868
33	376
33	380
33	395
33	419
33	426
33	446
33	474
33	487
33	496
34	364
34	16
34	323
34	276
34	23
34	160
34	37
34	166
34	45
34	48
34	50
34	181
34	182
34	183
34	56
34	330
34	318
34	198
34	75
34	206
34	207
34	99
34	100
34	613
34	230
34	363
35	263
35	266
35	12
35	269
35	17
35	28
35	33
35	162
35	804
35	166
35	298
35	53
35	182
35	314
35	289
35	75
35	81
35	99
35	356
35	114
36	522
36	151
36	270
36	272
36	17
36	381
36	278
36	23
36	280
36	30
36	545
36	177
36	40
36	301
36	49
36	137
36	56
36	315
36	317
36	139
36	747
36	207
36	210
36	735
36	99
36	100
36	101
36	105
36	39
36	110
36	111
36	112
36	119
37	9
37	11
37	780
37	272
37	17
37	21
37	23
37	280
37	286
37	159
37	545
37	34
37	168
37	169
37	170
37	299
37	45
37	48
37	561
37	693
37	182
37	265
37	56
37	313
37	188
37	62
37	449
37	194
37	454
37	225
37	72
37	75
37	226
37	206
37	81
37	82
37	212
37	85
37	86
37	185
37	217
37	602
37	347
37	97
37	98
37	99
37	102
37	487
37	636
37	111
37	881
37	116
37	124
37	383
38	148
38	537
38	261
38	732
38	170
38	45
38	49
38	63
38	195
38	75
38	212
38	217
38	476
38	224
38	226
38	487
38	104
38	622
38	625
38	120
38	382
39	4
39	6
39	136
39	265
39	650
39	11
39	12
39	13
39	142
39	15
39	17
39	167
39	787
39	137
39	802
39	156
39	285
39	30
39	544
39	545
39	418
39	359
39	36
39	294
39	487
39	40
39	41
39	44
39	45
39	823
39	53
39	9
39	312
39	315
39	60
39	109
39	64
39	68
39	331
39	77
39	269
39	84
39	85
39	87
39	591
39	603
39	280
39	483
39	230
39	145
39	106
39	107
39	493
39	110
39	111
39	496
39	169
39	55
39	636
39	254
39	213
40	6
40	8
40	9
40	140
40	272
40	787
40	276
40	21
40	534
40	538
40	36
40	167
40	45
40	49
40	434
40	53
40	313
40	315
40	62
40	447
40	64
40	326
40	76
40	337
40	84
40	270
40	97
40	226
40	106
40	39
40	111
40	636
40	85
41	130
41	261
41	265
41	13
41	142
41	15
41	29
41	30
41	32
41	33
41	39
41	42
41	44
41	313
41	64
41	332
41	212
41	14
41	613
41	245
41	633
41	254
42	14
42	16
42	17
42	20
42	21
42	23
42	32
42	41
42	55
42	568
42	570
42	59
42	61
42	68
42	72
42	585
42	79
42	82
42	83
42	90
42	97
42	613
42	109
42	110
42	113
42	121
42	128
42	643
42	651
42	140
42	146
42	148
42	159
42	164
42	166
42	169
42	683
42	173
42	175
42	182
42	192
42	206
42	212
42	214
42	733
42	225
42	242
42	244
42	759
42	254
42	258
42	259
42	774
42	270
42	784
42	273
42	279
42	283
42	284
42	293
42	808
42	809
42	825
42	329
42	341
42	348
42	865
42	372
42	889
42	894
42	388
42	389
42	394
42	417
42	447
42	474
42	491
42	504
43	9
43	394
43	16
43	302
43	150
43	23
43	159
43	288
43	174
43	303
43	304
43	692
43	183
43	824
43	58
43	59
43	188
43	64
43	72
43	75
43	80
43	212
43	854
43	505
43	345
43	218
43	91
43	860
43	360
43	233
43	146
43	114
43	316
43	119
43	468
43	255
44	25
44	39
44	41
44	300
44	53
44	62
44	64
44	707
44	68
44	70
44	717
44	212
44	476
44	363
44	621
44	630
44	281
44	127
45	648
45	265
45	10
45	276
45	534
45	23
45	545
45	34
45	37
45	38
45	39
45	40
45	456
45	350
45	56
45	57
45	442
45	64
45	449
45	326
45	200
45	313
45	218
45	94
45	485
45	488
45	111
45	383
46	164
46	49
46	103
46	108
46	75
46	12
46	17
46	18
46	19
46	23
46	25
46	217
46	27
46	60
46	29
47	201
47	200
47	9
47	442
47	146
47	509
47	434
47	114
47	276
47	758
47	137
47	88
47	212
47	58
47	255
47	380
47	538
47	94
47	191
48	897
48	898
48	133
48	6
48	9
48	13
48	19
48	280
48	34
48	347
48	134
48	174
48	137
48	456
48	713
48	75
48	141
48	208
48	591
48	349
48	37
48	865
48	488
48	493
48	112
49	9
49	10
49	270
49	16
49	20
49	56
49	25
49	538
49	103
49	159
49	33
49	418
49	292
49	262
49	38
49	40
49	732
49	46
49	312
49	315
49	446
49	66
49	72
49	74
49	80
49	81
49	212
49	86
49	87
49	36
49	218
49	220
49	97
49	59
49	337
49	488
49	106
49	107
49	114
49	115
49	276
50	655
50	657
50	259
50	788
50	795
50	159
50	545
50	34
50	475
50	816
50	302
50	432
50	181
50	442
50	799
50	188
50	446
50	53
50	321
50	327
50	75
50	77
50	344
50	601
50	346
50	335
50	476
50	225
50	33
50	245
50	505
50	763
50	508
50	510
51	323
51	259
51	132
51	9
51	298
51	75
51	77
51	96
51	16
51	115
51	23
51	26
51	119
51	188
51	159
52	136
52	139
52	194
52	155
52	415
52	161
52	292
52	60
52	189
52	321
52	66
52	324
52	289
52	332
52	82
52	854
52	349
52	109
52	93
52	445
52	895
53	4
53	261
53	6
53	7
53	172
53	10
53	652
53	16
53	146
53	659
53	277
53	278
53	644
53	415
53	32
53	417
53	418
53	35
53	632
53	421
53	39
53	40
53	540
53	457
53	44
53	429
53	175
53	432
53	817
53	350
53	55
53	312
53	372
53	479
53	816
53	394
53	319
53	448
53	66
53	139
53	580
53	197
53	454
53	545
53	712
53	329
53	695
53	590
53	79
53	440
53	82
53	84
53	121
53	292
53	475
53	732
53	93
53	223
53	400
53	226
53	315
53	229
53	104
53	617
53	363
53	468
53	109
53	366
53	50
53	808
53	115
53	116
53	117
53	248
53	212
53	380
53	622
53	383
54	397
54	434
54	168
54	18
54	245
54	152
54	442
54	347
54	94
55	393
55	525
55	152
55	157
55	33
55	421
55	39
55	42
55	299
55	172
55	53
55	568
55	441
55	314
55	60
55	64
55	839
55	79
55	474
55	167
55	115
55	631
55	890
56	263
56	137
56	418
56	17
56	515
56	660
56	23
56	280
56	25
56	794
56	27
56	157
56	34
56	283
56	36
56	37
56	166
56	168
56	45
56	541
56	49
56	434
56	155
56	443
56	262
56	199
56	74
56	162
56	464
56	633
56	347
56	720
56	100
56	101
56	488
56	745
56	492
56	753
56	498
56	375
56	251
57	173
57	538
57	674
57	347
57	168
57	169
57	45
57	176
57	180
57	527
57	58
57	62
57	65
57	84
57	85
57	88
57	655
57	349
57	98
57	359
57	366
57	251
58	137
58	10
58	151
58	12
58	16
58	17
58	23
58	164
58	170
58	43
58	47
58	306
58	184
58	57
58	138
58	62
58	325
58	199
58	201
58	77
58	78
58	81
58	82
58	84
58	854
58	216
58	602
58	347
58	348
58	97
58	101
58	209
58	236
58	189
58	248
58	125
58	127
59	289
59	3
59	4
59	485
59	6
59	49
59	456
59	137
59	42
59	203
59	396
59	375
59	17
59	276
59	43
59	9
60	133
60	263
60	9
60	12
60	16
60	145
60	662
60	33
60	198
60	39
60	46
60	175
60	688
60	689
60	52
60	182
60	55
60	188
60	194
60	324
60	454
60	202
60	83
60	213
60	214
60	344
60	90
60	92
60	94
60	356
60	105
60	747
60	499
60	376
60	121
61	396
61	20
61	23
61	155
61	160
61	679
61	220
61	42
61	175
61	184
61	62
61	200
61	201
61	203
61	209
61	723
61	348
61	114
61	375
61	276
62	527
62	16
62	17
62	21
62	23
62	27
62	540
62	33
62	37
62	40
62	554
62	44
62	349
62	564
62	57
62	58
62	572
62	61
62	575
62	66
62	71
62	596
62	94
62	98
62	613
62	614
62	106
62	622
62	121
62	641
62	644
62	648
62	649
62	657
62	159
62	164
62	166
62	171
62	173
62	174
62	175
62	180
62	182
62	183
62	186
62	187
62	188
62	191
62	203
62	205
62	717
62	209
62	212
62	222
62	735
62	226
62	242
62	757
62	258
62	259
62	269
62	270
62	271
62	273
62	274
62	289
62	292
62	302
62	303
62	311
62	318
62	321
62	334
62	569
62	348
62	570
62	350
62	866
62	356
62	396
62	397
62	404
62	410
62	421
62	424
62	442
62	845
62	467
62	468
62	474
62	479
62	492
62	497
62	509
63	292
63	38
63	6
63	456
63	137
63	10
63	12
63	78
63	349
63	17
63	530
63	211
63	149
63	79
63	170
64	9
64	10
64	12
64	20
64	26
64	27
64	29
64	32
64	33
64	39
64	40
64	41
64	43
64	44
64	45
64	55
64	81
64	89
64	103
64	105
64	106
64	624
64	115
64	127
64	129
64	135
64	137
64	139
64	146
64	152
64	155
64	160
64	166
64	167
64	170
64	180
64	184
64	189
64	193
64	196
64	204
64	206
64	230
64	236
64	238
64	242
64	259
64	264
64	280
64	286
64	300
64	306
64	311
64	314
64	318
64	832
64	323
64	326
64	332
64	339
64	345
64	350
64	359
64	363
64	375
64	394
64	417
64	418
64	426
64	441
64	465
64	474
64	487
64	501
65	7
65	396
65	16
65	168
65	300
65	57
65	12
65	461
65	206
65	81
65	468
65	474
65	363
65	621
66	21
66	25
66	26
66	32
66	49
66	52
66	53
66	62
66	69
66	72
66	82
66	93
66	94
66	99
66	100
66	102
66	103
66	105
66	110
66	118
66	124
66	125
66	129
66	131
66	135
66	150
66	155
66	167
66	182
66	188
66	196
66	200
66	201
66	241
66	242
66	261
66	262
66	263
66	269
66	280
66	286
66	288
66	294
66	300
66	301
66	302
66	308
66	309
66	329
66	340
66	345
66	347
66	394
66	405
66	417
66	418
66	434
66	442
66	444
66	454
66	474
66	484
66	487
67	423
67	9
67	87
67	397
67	141
67	272
67	495
67	201
67	265
67	348
67	127
68	16
68	276
68	283
68	545
68	164
68	6
68	166
68	39
68	42
68	44
68	175
68	180
68	521
68	183
68	312
68	182
68	456
68	204
68	717
68	211
68	212
68	471
68	602
68	91
68	94
68	360
68	624
68	723
68	468
68	127
69	13
69	790
69	151
69	516
69	540
69	413
69	671
69	808
69	169
69	299
69	172
69	179
69	311
69	315
69	66
69	324
69	84
69	475
69	221
69	99
69	107
69	110
69	383
70	172
70	394
70	15
70	24
70	408
70	540
70	414
70	292
70	551
70	299
70	44
70	436
70	310
70	184
70	313
70	315
70	194
70	324
70	72
70	76
70	211
70	164
70	218
70	350
70	110
70	762
70	251
70	383
71	263
71	9
71	16
71	17
71	276
71	406
71	155
71	29
71	33
71	732
71	170
71	304
71	180
71	62
71	72
71	83
71	212
71	476
71	350
71	96
71	97
71	103
71	104
71	109
71	622
71	360
71	626
71	499
71	245
71	760
71	20
71	507
72	5
72	7
72	9
72	10
72	12
72	27
72	28
72	31
72	544
72	33
72	37
72	42
72	43
72	49
72	521
72	568
72	570
72	66
72	70
72	71
72	73
72	90
72	604
72	97
72	105
72	621
72	111
72	787
72	633
72	636
72	125
72	639
72	135
72	656
72	153
72	155
72	160
72	170
72	175
72	688
72	180
72	182
72	184
72	191
72	212
72	218
72	220
72	735
72	233
72	763
72	252
72	261
72	265
72	268
72	270
72	272
72	275
72	276
72	284
72	824
72	313
72	324
72	339
72	341
72	346
72	347
72	376
72	396
72	397
72	413
72	424
72	585
72	442
72	444
72	446
72	485
72	486
72	488
72	496
73	584
73	201
73	648
73	616
73	16
73	81
73	211
73	20
73	182
73	72
74	137
74	772
74	33
74	164
74	166
74	301
74	49
74	56
74	313
74	186
74	318
74	202
74	75
74	81
74	850
74	468
74	86
74	471
74	602
74	350
74	488
74	361
74	111
74	375
75	4
75	261
75	264
75	10
75	139
75	527
75	146
75	19
75	405
75	278
75	413
75	417
75	34
75	35
75	37
75	38
75	424
75	43
75	301
75	46
75	48
75	177
75	50
75	51
75	693
75	183
75	330
75	394
75	181
75	302
75	197
75	454
75	585
75	74
75	212
75	86
75	347
75	348
75	350
75	735
75	97
75	99
75	360
75	421
75	111
75	368
75	488
75	242
75	243
75	374
75	430
75	382
75	149
76	135
76	10
76	397
76	655
76	532
76	279
76	26
76	411
76	346
76	674
76	419
76	177
76	40
76	686
76	437
76	569
76	571
76	447
76	325
76	70
76	713
76	77
76	209
76	212
76	218
76	97
76	105
76	235
76	494
76	376
77	512
77	0
77	265
77	10
77	270
77	20
77	32
77	801
77	91
77	165
77	166
77	39
77	679
77	432
77	50
77	51
77	436
77	393
77	58
77	571
77	835
77	76
77	212
77	859
77	861
77	231
77	107
77	621
77	753
77	114
78	580
78	101
78	633
78	9
78	761
78	12
78	572
78	17
78	596
78	732
78	23
78	569
78	58
78	428
78	476
78	349
78	382
78	63
79	143
79	273
79	28
79	30
79	6
79	42
79	172
79	53
79	311
79	824
79	190
79	63
79	324
79	197
79	55
79	335
79	87
79	230
79	106
79	244
79	248
79	251
79	380
79	298
79	638
80	7
80	204
80	10
80	43
80	12
80	175
80	49
80	163
80	236
80	182
80	217
80	241
80	25
80	152
80	266
80	211
81	599
81	396
81	397
81	15
81	16
81	17
81	21
81	35
81	37
81	166
81	685
81	816
81	49
81	91
81	692
81	182
81	824
81	58
81	735
81	64
81	65
81	454
81	73
81	74
81	462
81	209
81	83
81	212
81	87
81	314
81	860
81	93
81	94
81	479
81	273
81	365
81	12
81	242
81	339
81	117
81	379
81	125
82	261
82	6
82	8
82	9
82	140
82	269
82	16
82	17
82	277
82	795
82	28
82	801
82	37
82	166
82	42
82	173
82	52
82	53
82	184
82	180
82	58
82	444
82	189
82	66
82	453
82	390
82	456
82	458
82	331
82	337
82	596
82	87
82	314
82	97
82	356
82	103
82	241
82	115
82	405
83	146
83	259
83	238
83	23
83	153
83	538
83	411
83	289
83	283
83	376
83	553
83	42
83	242
83	692
83	439
83	60
83	191
83	331
83	196
83	71
83	456
83	201
83	203
83	81
83	596
83	854
83	505
83	218
83	349
83	355
83	212
83	614
83	337
83	362
83	235
83	494
83	114
83	115
83	372
83	169
83	504
83	633
83	170
83	405
84	33
84	39
84	40
84	812
84	179
84	53
84	694
84	57
84	58
84	191
84	196
84	69
84	201
84	202
84	208
84	212
84	861
84	336
84	100
84	360
84	361
84	679
84	243
85	263
85	273
85	20
85	23
85	157
85	287
85	37
85	295
85	40
85	170
85	301
85	29
85	177
85	57
85	198
85	199
85	204
85	207
85	212
85	86
85	226
85	39
85	296
85	499
85	126
85	375
85	121
85	510
86	10
86	140
86	148
86	21
86	24
86	153
86	538
86	33
86	418
86	37
86	433
86	49
86	74
86	195
86	202
86	75
86	85
86	87
86	347
86	96
86	111
86	502
87	387
87	4
87	214
87	520
87	393
87	10
87	396
87	19
87	22
87	151
87	367
87	29
87	32
87	421
87	433
87	296
87	176
87	49
87	690
87	565
87	186
87	191
87	67
87	324
87	201
87	334
87	79
87	208
87	81
87	82
87	339
87	212
87	86
87	734
87	481
87	230
87	487
87	488
87	39
87	493
87	111
87	113
87	247
87	253
88	137
88	12
88	397
88	276
88	23
88	280
88	413
88	31
88	816
88	347
88	521
88	421
88	166
88	424
88	169
88	426
88	172
88	47
88	688
88	565
88	182
88	585
88	824
88	57
88	458
88	191
88	201
88	202
88	717
88	206
88	207
88	212
88	804
88	591
88	861
88	735
88	100
88	101
88	360
88	468
88	621
88	110
88	115
88	505
88	380
88	125
88	255
89	64
89	707
89	7
89	10
89	12
89	112
89	626
89	25
89	540
90	293
90	166
90	7
90	72
90	201
90	42
90	204
90	16
90	616
90	592
90	122
90	60
90	94
90	159
91	12
91	13
91	19
91	22
91	32
91	673
91	166
91	43
91	173
91	175
91	180
91	182
91	312
91	68
91	202
91	204
91	77
91	206
91	81
91	723
91	147
91	218
91	111
91	112
91	243
91	251
91	124
92	142
92	24
92	218
92	60
93	644
93	278
93	518
93	395
93	270
93	272
93	145
93	259
93	22
93	413
93	33
93	674
93	804
93	304
93	52
93	53
93	560
93	570
93	736
93	66
93	324
93	328
93	330
93	587
93	844
93	205
93	81
93	212
93	472
93	732
93	349
93	224
93	528
93	99
93	616
93	105
93	237
93	494
93	624
93	488
93	242
93	127
94	685
94	152
94	25
94	31
94	288
94	33
94	422
94	45
94	47
94	54
94	9
94	60
94	62
94	191
94	193
94	66
94	68
94	201
94	204
94	81
94	90
94	100
94	359
94	505
94	122
95	173
95	209
95	276
95	245
96	300
96	51
96	314
96	71
96	203
96	86
96	217
96	347
96	121
97	11
97	237
97	17
97	149
97	152
97	37
97	163
97	164
97	421
97	167
97	40
97	42
97	300
97	301
97	413
97	433
97	521
97	58
97	850
97	394
97	577
97	49
97	71
97	72
97	204
97	75
97	76
97	82
97	98
97	106
97	235
97	493
97	110
97	242
97	115
97	318
97	249
97	251
97	383
98	219
98	37
98	301
98	180
98	57
98	62
98	194
98	207
98	210
98	345
98	347
98	350
98	97
98	738
98	100
98	358
98	239
98	115
98	251
98	255
99	34
99	35
99	36
99	69
99	166
99	359
99	10
99	75
99	66
99	413
99	210
99	308
99	441
99	93
99	37
100	517
100	134
100	397
100	270
100	16
100	278
100	23
100	261
100	34
100	155
100	36
100	421
100	424
100	306
100	309
100	56
100	697
100	189
100	321
100	66
100	196
100	198
100	201
100	717
100	212
100	723
100	88
100	220
100	94
100	735
100	98
100	101
100	488
100	496
100	27
100	114
100	115
100	84
100	125
101	12
101	15
101	20
101	36
101	307
101	56
101	58
101	201
101	78
101	465
101	846
101	88
101	186
101	100
101	103
101	104
101	489
101	488
101	114
102	0
102	645
102	139
102	270
102	151
102	37
102	172
102	177
102	309
102	66
102	596
102	121
102	476
102	735
102	212
102	421
102	107
102	237
102	115
102	630
102	252
103	272
103	146
103	276
103	151
103	664
103	23
103	155
103	287
103	33
103	804
103	421
103	166
103	679
103	46
103	175
103	49
103	434
103	564
103	438
103	311
103	696
103	441
103	442
103	688
103	444
103	191
103	64
103	66
103	71
103	717
103	82
103	212
103	853
103	505
103	216
103	218
103	475
103	735
103	16
103	101
103	487
103	360
103	492
103	496
103	113
103	630
103	503
103	633
103	122
103	252
103	509
104	276
104	153
104	541
104	161
104	421
104	38
104	424
104	809
104	157
104	53
104	568
104	441
104	6
104	309
104	71
104	844
104	461
104	101
104	380
105	149
105	24
105	154
105	414
105	36
105	300
105	179
105	60
105	317
105	64
105	66
105	72
105	76
105	217
105	93
105	351
105	356
105	485
105	486
105	444
105	119
106	277
106	278
106	25
106	666
106	795
106	32
106	33
106	162
106	421
106	39
106	40
106	172
106	49
106	181
106	568
106	394
106	62
106	64
106	193
106	579
106	710
106	545
106	631
106	79
106	217
106	331
106	655
106	348
106	97
106	229
106	232
106	361
106	236
106	237
106	496
106	505
106	255
107	2
107	6
107	10
107	270
107	283
107	28
107	32
107	33
107	134
107	294
107	39
107	301
107	686
107	433
107	306
107	446
107	69
107	77
107	49
107	349
107	421
107	224
107	102
107	619
107	237
107	754
107	884
107	119
107	124
108	237
108	46
108	808
108	498
108	19
108	534
108	375
108	538
108	361
109	396
109	269
109	270
109	18
109	538
109	27
109	285
109	155
109	295
109	168
109	682
109	52
109	53
109	181
109	71
109	713
109	458
109	203
109	208
109	209
109	214
109	735
109	226
109	485
109	361
109	39
109	621
109	623
109	368
109	246
109	42
110	268
110	66
110	88
110	277
110	795
110	157
110	780
110	160
110	162
110	36
110	166
110	39
110	42
110	29
110	181
110	695
110	441
110	187
110	191
110	194
110	323
110	69
110	70
110	97
110	201
110	202
110	336
110	504
110	338
110	339
110	212
110	216
110	413
110	861
110	208
110	613
110	360
110	233
110	237
110	499
110	244
110	246
110	375
110	120
110	121
110	378
110	447
111	150
111	29
111	674
111	36
111	37
111	167
111	40
111	170
111	45
111	570
111	444
111	189
111	194
111	324
111	454
111	72
111	204
111	74
111	75
111	332
111	205
111	212
111	86
111	87
111	472
111	91
111	476
111	229
111	488
111	39
111	121
111	508
112	323
112	36
112	198
112	6
112	264
112	183
112	189
112	354
112	302
112	303
112	48
112	488
112	182
112	151
112	89
112	506
112	91
112	125
113	162
113	33
113	6
113	103
113	8
113	236
113	42
113	12
113	13
113	87
113	184
113	126
113	261
114	384
114	387
114	133
114	136
114	9
114	140
114	16
114	17
114	148
114	281
114	25
114	261
114	288
114	418
114	35
114	294
114	308
114	296
114	43
114	47
114	49
114	179
114	436
114	437
114	313
114	315
114	61
114	455
114	12
114	77
114	337
114	83
114	214
114	344
114	346
114	226
114	100
114	101
114	359
114	360
114	167
114	238
115	386
115	131
115	388
115	179
115	1
115	9
115	395
115	269
115	320
115	742
115	531
115	148
115	23
115	346
115	286
115	160
115	545
115	418
115	163
115	82
115	167
115	169
115	306
115	686
115	175
115	49
115	51
115	53
115	55
115	102
115	701
115	64
115	324
115	161
115	462
115	210
115	211
115	88
115	218
115	223
115	97
115	98
115	100
115	613
115	230
115	237
115	189
115	241
115	242
115	83
115	631
115	20
115	378
115	251
115	253
115	127
116	1
116	123
116	172
116	53
116	37
117	7
117	488
117	329
117	172
117	685
117	16
117	81
117	53
117	182
117	121
117	191
118	278
118	6
118	166
118	204
118	66
118	174
118	175
118	241
118	20
118	182
118	180
118	271
119	13
119	662
119	36
119	165
119	298
119	43
119	51
119	693
119	182
119	823
119	314
119	856
119	862
119	105
119	107
119	238
119	755
119	382
119	635
119	810
119	510
120	0
120	225
120	17
120	38
120	545
120	9
120	110
120	496
120	209
120	150
120	265
120	280
120	633
120	233
120	190
121	136
121	269
121	660
121	366
121	280
121	538
121	623
121	290
121	42
121	434
121	53
121	697
121	60
121	62
121	326
121	200
121	591
121	85
121	96
121	102
121	619
121	110
121	111
121	756
121	117
121	636
121	126
122	33
122	808
122	170
122	694
122	314
122	212
122	90
122	349
122	94
122	225
122	103
122	621
122	369
122	374
122	124
123	139
123	269
123	303
123	274
123	116
123	21
123	182
123	2
123	251
124	417
124	421
124	295
124	300
124	690
124	181
124	66
124	839
124	458
124	204
124	591
124	208
124	218
124	91
124	122
124	37
124	847
124	107
124	749
124	623
124	250
124	252
124	255
125	1
125	66
125	100
125	453
125	166
125	295
125	72
125	201
125	238
125	112
125	81
125	17
125	182
125	745
125	88
125	58
125	188
125	442
126	266
126	375
126	113
126	85
126	342
126	183
126	121
126	218
126	542
127	653
127	401
127	413
127	159
127	292
127	454
127	44
127	93
127	816
127	433
127	58
127	64
127	67
127	68
127	326
127	376
127	211
127	349
127	233
127	115
127	504
128	42
128	306
129	16
129	816
129	435
129	778
129	64
129	66
129	201
129	330
129	747
129	374
130	9
130	330
130	12
130	304
130	41
130	201
131	11
131	12
131	269
131	23
131	33
131	166
131	66
131	207
131	208
131	212
131	360
131	115
131	375
131	509
132	146
132	51
132	375
132	349
132	383
133	426
133	332
133	655
133	48
133	114
133	60
134	492
134	271
134	48
134	305
134	107
134	22
134	100
134	218
135	11
135	12
135	801
135	317
135	64
135	66
135	72
135	76
135	621
135	753
135	246
136	33
136	39
136	14
136	114
136	52
136	151
136	20
136	121
136	207
136	29
137	262
137	23
137	398
137	17
137	151
137	408
137	25
137	283
137	36
137	39
137	298
137	47
137	48
137	74
137	181
137	56
137	441
137	58
137	59
137	189
137	63
137	64
137	323
137	325
137	326
137	330
137	334
137	207
137	88
137	216
137	485
137	167
137	251
138	633
138	200
138	265
138	496
138	9
138	150
138	233
138	569
138	58
138	361
139	10
139	12
139	144
139	30
139	162
139	36
139	166
139	52
139	53
139	314
139	64
139	202
139	75
139	213
139	472
139	218
139	102
139	247
139	123
139	254
140	40
140	42
140	872
140	114
140	686
140	493
140	616
140	82
140	86
140	440
140	220
141	4
141	297
141	174
141	48
141	67
141	25
142	773
142	393
142	655
142	278
142	411
142	29
142	39
142	41
142	172
142	560
142	822
142	196
142	203
142	591
142	211
142	859
142	92
142	735
142	609
142	873
142	619
142	633
142	764
143	9
143	587
143	79
143	376
143	29
144	465
144	297
144	458
144	139
144	172
144	304
144	337
144	181
144	601
144	505
144	220
145	387
145	4
145	10
145	12
145	18
145	27
145	157
145	286
145	162
145	39
145	822
145	60
145	323
145	709
145	217
145	218
145	220
145	93
145	616
146	132
146	9
146	269
146	270
146	272
146	17
146	20
146	280
146	281
146	33
146	166
146	423
146	425
146	42
146	43
146	302
146	47
146	304
146	53
146	184
146	187
146	188
146	189
146	64
146	196
146	202
146	75
146	335
146	83
146	347
146	16
146	294
146	103
146	492
146	445
146	417
146	276
147	272
147	18
147	212
147	314
147	91
147	446
148	38
148	6
148	209
148	488
148	42
148	270
148	17
148	114
148	115
148	212
148	878
148	86
148	215
148	345
148	283
148	572
148	266
149	270
149	272
149	17
149	276
149	33
149	809
149	184
149	317
149	63
149	326
149	75
149	332
149	97
149	105
149	747
149	364
149	382
149	632
150	470
150	6
150	449
150	138
150	43
150	66
150	270
150	111
150	368
150	120
150	534
150	312
150	313
150	156
150	673
151	69
151	102
151	103
151	136
151	112
151	87
151	270
151	272
151	369
151	276
151	137
151	36
151	58
151	421
152	272
152	18
152	23
152	538
152	540
152	33
152	804
152	28
152	686
152	54
152	568
152	317
152	446
152	64
152	194
152	545
152	55
152	461
152	80
152	212
152	601
152	220
152	94
152	224
152	97
152	486
152	488
152	380
152	701
152	496
152	745
152	508
153	270
153	272
153	17
153	23
153	33
153	166
153	168
153	307
153	72
153	201
153	334
153	83
153	86
153	228
153	356
153	487
153	104
153	239
154	105
154	12
154	461
154	270
154	272
154	276
154	542
155	8
155	521
155	394
155	397
155	270
155	271
155	16
155	17
155	276
155	23
155	538
155	545
155	418
155	326
155	424
155	688
155	433
155	52
155	693
155	823
155	184
155	314
155	61
155	318
155	64
155	66
155	323
155	324
155	454
155	71
155	72
155	461
155	591
155	401
155	210
155	212
155	220
155	735
155	865
155	226
155	100
155	103
155	360
155	109
155	496
155	56
155	375
155	468
155	251
155	264
156	39
156	397
156	269
156	272
156	276
156	150
156	319
157	145
157	104
157	636
157	808
157	110
157	655
157	280
157	498
157	595
157	20
157	21
157	55
157	56
157	276
157	284
157	85
158	601
158	582
158	830
159	9
159	12
159	526
159	643
159	20
159	405
159	544
159	674
159	37
159	553
159	42
159	43
159	50
159	686
159	175
159	49
159	690
159	51
159	436
159	62
159	335
159	654
159	90
159	488
159	242
159	430
159	660
159	250
159	251
159	127
160	394
160	395
160	12
160	17
160	238
160	280
160	25
160	34
160	804
160	421
160	61
160	315
160	189
160	64
160	72
160	201
160	110
160	115
160	888
160	382
161	12
161	584
161	115
161	52
161	213
161	104
162	139
162	270
162	145
162	33
162	35
162	424
162	309
162	56
162	829
162	324
162	552
162	207
162	210
162	349
162	478
162	17
162	106
162	110
162	113
162	366
162	801
162	511
163	738
163	487
163	97
163	200
163	80
163	337
163	235
163	206
163	238
163	115
163	693
163	356
163	538
163	169
164	521
164	10
164	527
164	276
164	22
164	795
164	419
164	42
164	46
164	568
164	441
164	58
164	394
164	62
164	704
164	68
164	70
164	74
164	212
164	314
164	735
164	97
164	360
164	747
164	241
164	505
164	383
165	390
165	461
165	77
165	278
165	119
165	26
166	131
166	81
166	139
166	12
166	527
166	16
166	146
166	22
166	25
166	153
166	27
166	31
166	289
166	34
166	35
166	804
166	421
166	168
166	169
166	42
166	173
166	303
166	433
166	56
166	62
166	319
166	64
166	68
166	74
166	77
166	334
166	335
166	209
166	82
166	468
166	88
166	90
166	91
166	732
166	226
166	99
166	103
166	489
166	492
166	210
166	110
166	118
166	596
166	125
166	767
167	9
167	268
167	621
167	277
167	22
167	23
167	411
167	285
167	414
167	800
167	33
167	795
167	421
167	679
167	40
167	170
167	172
167	669
167	179
167	182
167	137
167	824
167	697
167	64
167	864
167	66
167	843
167	708
167	454
167	456
167	585
167	203
167	717
167	206
167	461
167	209
167	212
167	505
167	217
167	346
167	220
167	353
167	55
167	735
167	224
167	97
167	866
167	870
167	486
167	360
167	362
167	39
167	111
167	114
167	115
167	630
167	376
167	468
167	380
168	397
168	656
168	277
168	153
168	798
168	800
168	475
168	37
168	166
168	424
168	170
168	300
168	824
168	434
168	54
168	56
168	57
168	442
168	315
168	319
168	65
168	580
168	375
168	844
168	207
168	591
168	568
168	346
168	347
168	353
168	226
168	486
168	747
168	109
168	360
168	499
168	757
168	503
168	763
169	29
169	544
169	163
169	37
169	166
169	39
169	42
169	243
169	311
169	57
169	69
169	198
169	330
169	83
169	88
169	228
169	485
169	115
169	375
169	378
170	6
170	10
170	421
170	16
170	17
170	793
170	25
170	28
170	167
170	417
170	37
170	38
170	295
170	168
170	172
170	568
170	697
170	58
170	735
170	447
170	64
170	83
170	197
170	71
170	72
170	585
170	332
170	206
170	339
170	85
170	477
170	478
170	223
170	353
170	226
170	486
170	273
170	63
170	363
170	111
170	801
170	243
170	374
170	375
170	122
170	383
170	380
170	381
170	382
170	213
171	6
171	9
171	202
171	7
171	461
171	270
171	272
171	276
171	184
171	26
171	62
172	260
172	261
172	142
172	272
172	144
172	167
172	170
172	270
172	437
172	55
172	316
172	53
172	69
172	70
172	330
172	501
172	79
172	14
172	88
172	218
172	352
172	225
172	102
172	106
172	237
172	116
172	117
172	375
173	166
173	33
173	489
173	42
173	823
173	877
173	16
173	82
173	243
173	596
173	22
173	57
173	314
173	91
173	62
173	95
174	43
174	12
174	141
174	48
174	18
174	181
174	118
174	859
174	220
174	285
174	62
175	159
175	42
175	433
175	53
175	60
175	61
175	62
175	319
175	68
175	502
175	72
175	713
175	397
175	80
175	91
175	735
175	614
175	103
175	239
175	115
175	118
176	87
176	246
176	217
176	57
177	36
177	102
177	455
177	337
177	264
177	9
177	75
177	76
177	493
177	241
177	204
177	85
177	441
177	363
177	29
178	310
179	226
179	323
179	326
179	69
179	454
179	167
179	264
179	105
179	395
179	16
179	385
179	114
179	115
179	84
179	24
179	570
179	315
179	351
180	272
180	17
180	18
180	276
180	21
180	25
180	287
180	475
180	294
180	424
180	439
180	57
180	347
180	189
180	62
180	64
180	68
180	453
180	326
180	71
180	72
180	311
180	335
180	82
180	398
180	345
180	346
180	91
180	98
180	499
180	245
180	118
180	251
180	636
181	137
181	394
181	12
181	144
181	276
181	32
181	34
181	306
181	174
181	432
181	50
181	441
181	188
181	192
181	198
181	225
181	75
181	418
181	272
181	106
181	109
181	110
181	503
181	251
181	124
182	385
182	4
182	8
182	394
182	397
182	401
182	22
182	414
182	33
182	34
182	35
182	37
182	167
182	42
182	433
182	314
182	60
182	62
182	66
182	68
182	417
182	72
182	73
182	368
182	80
182	81
182	355
182	88
182	218
182	91
182	349
182	251
182	365
182	112
182	117
182	118
182	119
182	505
182	123
182	125
183	21
183	33
183	34
183	808
183	43
183	688
183	821
183	314
183	62
183	707
183	68
183	75
183	717
183	206
183	209
183	476
183	459
183	112
183	126
184	6
184	654
184	146
184	277
184	408
184	155
184	421
184	171
184	243
184	822
184	695
184	58
184	735
184	189
184	191
184	64
184	323
184	70
184	72
184	585
184	82
184	345
184	351
184	226
184	485
184	488
184	362
184	61
184	113
184	499
184	505
184	506
184	380
184	149
185	390
185	423
185	425
185	302
185	18
185	243
185	214
185	791
185	217
185	283
185	460
185	37
185	319
186	101
186	348
186	74
186	623
186	496
186	433
186	723
186	308
186	62
186	87
186	284
186	190
187	780
187	397
187	621
187	146
187	277
187	538
187	285
187	419
187	541
187	434
187	442
187	315
187	446
187	448
187	196
187	201
187	588
187	219
187	222
187	227
187	361
187	29
187	493
187	110
187	495
187	62
187	633
187	509
187	469
188	10
188	273
188	146
188	275
188	405
188	417
188	37
188	43
188	301
188	50
188	51
188	478
188	572
188	394
188	62
188	181
188	449
188	66
188	842
188	345
188	218
188	350
188	360
188	60
188	498
188	372
188	374
188	250
188	125
188	382
189	4
189	517
189	392
189	137
189	394
189	780
189	397
189	400
189	146
189	643
189	238
189	534
189	23
189	280
189	538
189	160
189	33
189	674
189	475
189	421
189	424
189	298
189	824
189	434
189	52
189	184
189	180
189	442
189	735
189	458
189	191
189	64
189	505
189	330
189	203
189	461
189	591
189	208
189	568
189	82
189	468
189	470
189	633
189	356
189	218
189	347
189	58
189	479
189	226
189	100
189	698
189	360
189	236
189	18
189	622
189	111
189	112
189	808
189	115
189	375
189	212
189	636
190	699
190	804
190	266
190	203
190	845
190	527
190	209
190	120
190	217
190	186
190	79
190	349
191	6
191	264
191	398
191	16
191	277
191	22
191	408
191	25
191	218
191	47
191	184
191	189
191	62
191	325
191	72
191	83
191	84
191	87
191	88
191	346
191	94
191	103
191	110
191	117
192	10
192	12
192	301
192	15
192	181
192	22
192	42
193	23
193	301
193	442
193	735
193	318
193	64
193	456
193	217
193	94
193	479
193	613
193	488
193	106
193	375
194	276
194	278
194	152
194	33
194	37
194	434
194	52
194	693
194	313
194	314
194	315
194	60
194	70
194	219
194	98
194	488
194	110
194	111
195	33
195	38
195	6
195	86
196	142
196	16
196	146
196	277
196	408
196	25
196	33
196	187
196	64
196	66
196	458
196	83
196	84
196	218
196	100
196	487
196	360
196	212
196	254
197	2
197	587
197	33
197	170
197	75
197	79
197	53
197	346
197	21
198	413
198	34
198	804
198	423
198	169
198	693
198	697
198	60
198	181
198	454
198	200
198	585
198	85
198	355
198	100
198	112
198	252
199	85
199	375
199	56
199	58
199	693
200	66
200	16
200	17
200	534
200	29
200	288
200	163
200	45
200	47
200	304
200	138
200	316
200	61
200	578
200	198
200	328
200	330
200	207
200	505
200	732
200	243
200	121
200	766
200	383
201	129
201	130
201	644
201	6
201	364
201	656
201	24
201	277
201	22
201	23
201	408
201	25
201	346
201	160
201	262
201	300
201	47
201	568
201	441
201	58
201	187
201	572
201	61
201	66
201	67
201	580
201	325
201	454
201	73
201	83
201	84
201	87
201	88
201	90
201	347
201	94
201	100
201	101
201	487
201	110
201	496
201	374
201	153
201	763
201	125
201	254
202	86
202	6
202	298
202	284
202	74
202	171
202	110
202	433
202	146
202	84
202	22
202	88
202	139
202	91
202	60
202	10
202	394
203	6
203	641
203	142
203	16
203	18
203	259
203	276
203	278
203	23
203	24
203	167
203	59
203	189
203	190
203	324
203	331
203	338
203	83
203	346
203	753
203	96
203	353
203	109
203	366
203	61
203	241
203	62
204	397
204	534
204	538
204	239
204	177
204	64
204	834
204	68
204	326
204	80
204	85
204	90
204	91
204	94
204	97
204	483
204	636
204	364
204	111
204	118
204	124
204	383
205	706
205	111
205	753
205	346
205	348
205	93
205	62
206	258
206	259
206	10
206	12
206	271
206	16
206	17
206	276
206	23
206	408
206	286
206	32
206	34
206	163
206	37
206	167
206	42
206	183
206	394
206	64
206	65
206	212
206	88
206	218
206	91
206	476
206	486
206	273
206	170
207	98
207	131
207	36
207	487
207	136
207	137
207	714
207	780
207	34
207	200
207	162
207	756
207	85
207	88
207	313
207	168
207	801
208	28
208	109
208	110
208	48
208	131
208	276
208	87
208	84
208	379
208	124
208	189
209	390
209	523
209	396
209	397
209	270
209	527
209	148
209	21
209	792
209	409
209	540
209	544
209	33
209	547
209	166
209	167
209	297
209	692
209	183
209	697
209	58
209	444
209	61
209	62
209	76
209	330
209	332
209	848
209	81
209	377
209	345
209	474
209	621
209	95
209	485
209	487
209	874
209	619
209	109
209	241
209	190
209	120
209	276
209	252
210	98
210	99
210	36
210	166
210	227
210	10
210	231
210	162
210	115
210	212
210	278
210	23
210	24
210	155
211	521
211	142
211	276
211	281
211	580
211	28
211	413
211	31
211	804
211	585
211	824
211	63
211	68
211	70
211	456
211	73
211	332
211	591
211	80
211	212
211	735
211	488
211	493
211	115
211	25
211	380
211	127
212	10
212	12
212	15
212	16
212	20
212	22
212	24
212	25
212	32
212	33
212	37
212	38
212	41
212	42
212	43
212	44
212	47
212	49
212	53
212	62
212	68
212	71
212	72
212	75
212	76
212	77
212	81
212	83
212	84
212	85
212	87
212	88
212	93
212	100
212	102
212	103
212	110
212	623
212	122
212	131
212	147
212	148
212	152
212	155
212	164
212	167
212	189
212	196
212	206
212	210
212	211
212	230
212	745
212	235
212	244
212	251
212	254
212	256
212	259
212	261
212	263
212	264
212	111
212	270
212	276
212	286
212	288
212	801
212	300
212	306
212	312
212	321
212	326
212	840
212	334
212	337
212	347
212	348
212	351
212	355
212	356
212	357
212	360
212	362
212	369
212	384
212	386
212	417
212	418
212	423
212	426
212	441
212	443
212	444
212	488
213	33
213	161
213	364
213	170
213	139
213	332
213	621
213	9
213	697
213	25
213	60
213	39
214	42
214	332
214	109
214	114
214	87
214	185
214	60
215	390
215	394
215	461
215	148
215	278
215	795
216	630
216	103
216	137
216	298
216	331
216	110
216	502
216	265
216	58
216	315
217	145
217	280
217	538
217	667
217	33
217	418
217	37
217	38
217	167
217	46
217	176
217	433
217	434
217	185
217	315
217	444
217	317
217	190
217	193
217	545
217	713
217	330
217	332
217	80
217	270
217	222
217	96
217	230
217	488
217	105
217	106
217	807
217	236
217	493
217	632
218	134
218	641
218	264
218	394
218	11
218	12
218	454
218	16
218	145
218	512
218	601
218	25
218	538
218	33
218	70
218	43
218	172
218	45
218	49
218	693
218	182
218	188
218	189
218	191
218	139
218	196
218	326
218	72
218	329
218	587
218	76
218	206
218	338
218	83
218	505
218	344
218	345
218	91
218	92
218	350
218	351
218	226
218	356
218	230
218	103
218	252
218	237
218	240
218	115
218	631
218	633
218	251
218	124
218	126
219	194
219	330
219	98
219	270
219	18
219	499
219	187
219	349
220	140
220	144
220	145
220	18
220	278
220	23
220	24
220	25
220	155
220	33
220	167
220	174
220	304
220	49
220	434
220	310
220	312
220	61
220	72
220	12
220	337
220	152
220	347
220	735
220	100
220	795
220	364
221	352
221	69
222	217
222	25
222	347
222	187
222	62
222	319
223	170
223	115
223	20
223	53
223	823
223	692
223	26
223	348
223	383
224	38
224	167
224	360
224	107
224	236
224	238
224	339
224	152
224	858
224	735
224	93
225	37
225	6
225	360
225	300
225	42
225	172
225	237
225	814
225	50
225	181
225	349
225	120
225	122
225	10
226	405
226	155
226	418
226	37
226	38
226	40
226	297
226	298
226	306
226	179
226	53
226	184
226	189
226	62
226	85
226	218
226	166
226	230
226	109
226	168
226	114
226	170
227	8
227	17
227	210
227	311
227	187
228	699
228	763
228	169
228	687
228	17
228	153
228	347
229	106
229	269
229	814
229	111
229	53
229	278
229	570
229	251
229	318
230	538
230	34
230	39
230	811
230	64
230	79
230	720
230	212
230	87
230	472
230	217
230	218
230	475
230	349
230	353
230	226
230	115
231	363
231	77
231	16
231	210
231	23
231	26
231	383
232	106
232	383
233	72
233	138
233	43
233	12
233	110
233	304
233	337
233	270
233	120
233	127
234	374
234	22
235	300
235	314
235	444
235	320
235	326
235	332
235	76
235	336
235	163
235	212
235	344
235	347
235	97
235	621
235	83
235	630
235	247
235	505
235	508
236	278
236	24
236	413
236	418
236	675
236	298
236	301
236	58
236	444
236	189
236	64
236	323
236	326
236	80
236	217
236	478
236	224
236	483
236	106
236	113
236	244
236	630
237	8
237	172
237	20
237	280
237	239
237	806
237	556
237	557
237	558
237	818
237	315
237	97
237	722
237	218
237	732
237	93
237	225
237	613
237	102
237	17
237	106
237	107
237	108
237	110
237	495
237	115
237	373
237	502
237	253
238	262
238	9
238	394
238	23
238	283
238	160
238	674
238	163
238	423
238	430
238	433
238	675
238	694
238	311
238	189
238	64
238	458
238	83
238	478
238	735
238	224
238	483
238	369
238	114
238	119
238	633
238	125
239	865
239	98
239	4
239	780
239	362
239	204
239	237
239	175
239	241
239	242
239	692
239	596
239	349
239	375
239	153
239	570
239	509
240	218
240	380
241	66
241	164
241	177
241	203
241	418
241	239
241	80
241	209
241	82
241	115
241	372
241	118
241	538
241	350
242	280
242	159
242	288
242	42
242	93
242	9
242	62
242	64
242	66
242	75
242	461
242	335
242	81
242	83
242	349
242	97
242	239
242	115
242	375
243	200
243	9
243	170
243	75
243	173
243	527
243	723
243	84
243	184
243	185
243	91
243	348
243	169
244	8
244	236
244	42
244	12
244	110
244	79
244	723
244	212
244	313
244	280
244	25
244	538
244	315
244	655
244	346
245	417
245	674
245	41
245	427
245	50
245	690
245	180
245	54
245	735
245	71
245	717
245	465
245	339
245	468
245	602
245	605
245	95
245	355
245	360
245	757
246	262
246	135
246	332
246	109
246	110
246	269
246	176
246	17
246	20
246	280
246	315
246	29
247	139
247	309
247	22
247	235
247	377
247	87
247	828
247	314
248	331
248	79
248	53
248	58
249	97
250	17
250	188
250	375
250	124
250	349
250	286
250	159
251	98
251	644
251	517
251	137
251	394
251	397
251	787
251	276
251	534
251	410
251	411
251	412
251	474
251	159
251	304
251	278
251	155
251	421
251	424
251	639
251	413
251	432
251	180
251	181
251	182
251	823
251	56
251	57
251	735
251	444
251	318
251	70
251	456
251	585
251	331
251	461
251	79
251	468
251	854
251	313
251	218
251	91
251	479
251	97
251	482
251	229
251	487
251	616
251	620
251	697
251	488
251	115
251	501
251	212
251	123
251	383
252	16
252	403
252	795
252	804
252	447
252	321
252	198
252	72
252	717
252	461
252	209
252	218
252	475
252	349
252	479
252	613
252	102
252	103
252	488
252	375
252	124
253	237
253	17
253	115
253	87
253	4
254	139
254	270
254	276
254	795
254	674
254	39
254	808
254	41
254	42
254	815
254	434
254	442
254	196
254	201
254	212
254	346
254	733
254	735
254	865
254	616
254	621
254	509
254	255
255	98
255	427
255	677
255	9
255	106
255	43
255	12
255	47
255	16
255	337
255	288
255	23
255	88
255	25
255	124
255	349
255	254
256	212
258	13
258	411
258	424
258	42
258	819
258	62
258	206
258	511
259	534
259	9
259	10
259	12
259	16
259	23
259	25
259	42
259	93
259	50
259	51
259	62
259	64
259	330
259	203
259	206
259	83
259	212
259	355
260	172
261	266
261	17
261	23
261	25
261	538
261	28
261	801
261	675
261	38
261	41
261	172
261	685
261	53
261	822
261	446
261	66
261	488
261	353
261	72
261	75
261	696
261	82
261	212
261	735
261	738
261	100
261	113
261	114
261	375
261	763
262	388
262	137
262	450
262	17
262	20
262	278
262	26
262	421
262	49
262	56
262	66
262	246
262	201
262	723
262	857
262	488
262	362
262	238
262	502
263	24
263	795
263	674
263	35
263	805
263	298
263	56
263	442
263	60
263	309
263	66
263	71
263	852
263	85
263	212
263	509
264	656
264	155
264	33
264	688
264	177
264	179
264	438
264	314
264	191
264	64
264	329
264	75
264	844
264	212
264	344
264	218
264	112
264	630
264	375
265	138
265	395
265	29
265	37
265	39
265	41
265	45
265	67
265	72
265	77
265	593
265	468
265	341
265	216
265	423
265	120
266	483
266	324
266	492
266	80
266	261
266	148
266	190
266	312
266	308
266	35
266	126
266	309
267	375
268	167
268	72
268	780
268	332
268	110
268	16
268	883
268	20
268	313
268	314
268	28
268	318
269	131
269	647
269	9
269	12
269	66
269	421
269	16
269	146
269	277
269	641
269	415
269	672
269	35
269	39
269	156
269	432
269	329
269	440
269	701
269	62
269	448
269	302
269	580
269	724
269	454
269	457
269	82
269	468
269	728
269	346
269	475
269	732
269	478
269	479
269	229
269	744
269	363
269	109
269	368
269	400
269	115
269	372
269	446
269	246
269	632
269	121
269	123
269	380
269	533
270	8
270	9
270	10
270	395
270	12
270	146
270	20
270	149
270	150
270	151
270	25
270	154
270	155
270	285
270	286
270	162
270	419
270	36
270	40
270	42
270	171
270	172
270	49
270	62
270	72
270	524
270	77
270	209
270	338
270	212
270	342
270	217
270	219
270	93
270	482
270	100
270	102
270	233
270	107
270	109
270	424
270	489
270	153
270	148
270	254
270	276
271	482
271	323
271	134
271	12
271	492
271	206
271	376
271	9
271	118
271	345
271	408
271	25
271	155
271	62
272	13
272	146
272	147
272	149
272	151
272	152
272	153
272	154
272	156
272	36
272	37
272	40
272	171
272	172
272	180
272	181
272	448
272	67
272	326
272	72
272	338
272	342
272	93
272	478
272	103
272	375
273	9
273	170
273	331
273	12
273	206
273	79
273	81
273	42
273	85
273	188
273	29
273	62
274	495
274	401
274	568
274	308
274	309
274	375
274	312
274	372
274	123
274	860
274	62
275	360
275	9
275	16
275	72
275	361
275	188
276	337
276	16
276	146
276	149
276	151
276	324
276	154
276	155
276	156
276	157
276	288
276	34
276	164
276	295
276	40
276	171
276	45
276	47
276	49
276	270
276	180
276	181
276	59
276	61
276	194
276	68
276	326
276	71
276	72
276	203
276	334
276	208
276	209
276	211
276	212
276	206
276	88
276	95
276	103
276	104
276	359
276	18
276	285
276	251
276	254
277	6
277	8
277	394
277	12
277	269
277	16
277	622
277	23
277	280
277	25
277	167
277	168
277	53
277	184
277	187
277	191
277	196
277	201
277	82
277	339
277	106
277	110
277	368
278	262
278	9
278	394
278	11
278	142
278	15
278	323
278	790
278	23
278	284
278	416
278	165
278	424
278	298
278	686
278	93
278	691
278	804
278	53
278	823
278	6
278	194
278	203
278	326
278	75
278	462
278	336
278	210
278	598
278	215
278	36
278	220
278	349
278	459
278	351
278	100
278	229
278	106
278	423
278	236
278	118
278	251
279	42
279	11
279	76
279	317
279	21
279	10
280	146
280	405
280	345
280	157
280	160
280	688
280	18
280	36
280	37
280	39
280	48
280	10
280	56
280	189
280	64
280	449
280	66
280	323
280	585
280	330
280	331
280	88
280	217
280	355
280	360
280	29
280	237
280	488
280	242
280	244
280	246
280	375
280	120
280	121
280	277
281	804
281	679
281	456
281	457
281	823
281	44
281	114
281	337
281	17
281	146
281	211
281	788
281	693
281	417
281	361
282	437
283	68
283	774
283	294
283	424
283	137
283	42
283	107
283	238
283	488
283	83
283	148
283	438
283	313
283	56
283	185
284	72
284	42
284	17
284	18
284	278
284	202
284	186
284	10
284	157
285	10
285	39
285	109
285	270
285	276
285	174
285	442
285	187
285	167
286	10
286	13
286	270
286	145
286	23
286	33
286	37
286	808
286	447
286	64
286	66
286	206
286	397
286	212
286	855
286	735
286	622
286	115
286	631
286	250
287	103
287	487
287	353
287	304
287	17
287	180
287	85
287	615
287	25
287	26
287	347
287	349
288	43
288	276
288	538
288	29
288	33
288	804
288	555
288	114
288	816
288	434
288	442
288	66
288	454
288	200
288	212
288	94
288	735
288	738
288	242
288	255
289	24
289	540
289	35
289	166
289	301
289	816
289	433
289	52
289	570
289	59
289	62
289	716
289	83
289	376
290	434
290	121
290	538
290	29
291	14
291	18
291	726
292	70
292	49
292	378
292	52
292	53
292	441
292	127
292	28
292	381
292	62
292	63
293	42
293	90
294	66
294	146
294	39
294	424
294	492
294	107
294	12
294	397
294	114
294	180
294	679
294	283
294	541
294	517
295	9
295	170
295	23
295	109
295	16
295	427
295	276
295	21
295	124
295	125
295	318
295	85
296	114
296	85
296	87
297	226
297	10
297	141
297	144
297	209
297	436
297	693
297	859
298	516
298	263
298	137
298	278
298	418
298	35
298	299
298	51
298	314
298	189
298	318
298	328
298	202
298	79
298	216
298	345
298	226
298	358
298	487
298	236
298	501
298	119
298	760
298	379
299	417
299	37
299	70
299	28
299	298
299	335
299	69
299	55
299	380
299	30
299	447
300	409
300	33
300	168
300	44
300	201
300	568
300	64
300	65
300	66
300	225
300	585
300	717
300	591
300	212
300	96
300	97
300	105
300	235
300	366
300	633
300	124
301	17
301	18
301	33
301	36
301	236
301	697
301	188
301	192
301	193
301	66
301	289
301	74
301	75
301	85
301	347
301	97
301	98
301	485
301	107
301	492
302	66
302	75
302	4
302	43
302	12
302	146
302	269
302	112
302	50
302	310
302	375
302	24
302	185
302	527
302	62
303	166
303	456
303	43
303	12
303	112
303	314
303	123
303	62
304	71
304	200
304	233
304	323
304	43
304	130
304	144
304	360
304	146
304	340
304	361
304	679
304	345
304	251
304	220
304	93
304	287
305	134
306	128
306	517
306	394
306	534
306	538
306	545
306	181
306	58
306	318
306	64
306	226
306	591
306	212
306	735
306	482
306	100
306	488
306	107
306	622
306	496
306	115
307	101
307	492
307	438
307	153
307	441
308	66
308	99
308	838
308	648
308	9
308	266
308	777
308	114
308	750
308	274
308	521
308	569
308	186
308	316
308	735
309	1
309	162
309	100
309	102
309	263
309	104
309	266
309	12
309	66
309	8
309	274
309	456
309	480
309	247
309	472
309	474
309	476
309	10
309	318
310	487
310	488
310	380
310	12
310	70
310	302
310	881
310	178
310	468
310	23
310	505
310	220
310	732
311	384
311	527
311	659
311	405
311	541
311	169
311	434
311	180
311	442
311	62
311	64
311	834
311	69
311	713
311	79
311	346
311	347
311	227
311	103
311	747
311	364
311	238
311	753
311	372
311	885
311	381
312	68
312	517
312	39
312	266
312	11
312	321
312	49
312	274
312	212
312	53
312	150
312	91
312	220
313	15
313	16
313	150
313	23
313	283
313	416
313	37
313	40
313	41
313	45
313	688
313	564
313	438
313	316
313	194
313	70
313	72
313	329
313	74
313	207
313	467
313	865
313	498
313	114
313	244
313	268
313	251
313	380
314	7
314	264
314	10
314	139
314	268
314	397
314	147
314	155
314	35
314	164
314	518
314	298
314	173
314	303
314	182
314	183
314	824
314	441
314	315
314	447
314	64
314	194
314	651
314	55
314	81
314	82
314	474
314	732
314	733
314	96
314	359
314	235
314	364
314	499
314	247
314	633
314	122
314	119
314	380
314	383
315	413
315	160
315	36
315	39
315	40
315	49
315	179
315	53
315	441
315	314
315	187
315	194
315	69
315	70
315	216
315	217
315	352
315	237
315	168
315	114
315	244
315	246
315	375
316	486
316	200
316	12
316	43
316	172
316	463
316	336
316	308
316	345
316	313
316	444
316	637
317	419
317	36
317	135
317	105
317	729
317	655
317	376
317	713
317	149
317	279
317	152
317	217
317	411
317	447
318	268
318	155
318	34
318	420
318	295
318	298
318	688
318	306
318	309
318	571
318	62
318	64
318	193
318	580
318	329
318	74
318	97
318	229
318	616
318	621
318	499
318	376
318	251
319	481
319	4
319	820
319	166
319	168
319	372
319	887
319	175
319	19
319	468
319	53
319	535
319	185
319	156
319	222
320	235
320	115
321	12
321	531
321	540
321	32
321	50
321	52
321	312
321	62
321	630
321	454
321	455
321	212
321	346
321	100
321	252
322	892
323	179
323	517
323	9
323	394
323	397
323	271
323	145
323	278
323	280
323	538
323	155
323	540
323	34
323	804
323	424
323	534
323	304
323	434
323	51
323	137
323	184
323	697
323	442
323	64
323	454
323	347
323	360
323	236
323	110
323	112
323	509
324	266
324	276
324	25
324	155
324	162
324	349
324	434
324	52
324	697
324	442
324	60
324	446
324	447
324	69
324	70
324	865
324	72
324	203
324	79
324	87
324	347
324	93
324	735
324	111
324	115
324	509
325	137
325	76
325	816
325	472
325	201
325	58
325	348
325	442
325	191
326	272
326	276
326	149
326	278
326	155
326	33
326	27
326	40
326	45
326	179
326	180
326	137
326	64
326	823
326	204
326	212
326	472
326	218
326	735
326	235
326	236
326	121
326	634
326	127
327	50
327	564
327	23
327	602
327	380
327	30
328	200
328	10
328	93
328	15
328	17
328	499
328	495
328	298
329	6
329	264
329	780
329	269
329	413
329	675
329	423
329	42
329	53
329	313
329	442
329	444
329	318
329	66
329	473
329	218
329	350
329	487
329	117
330	129
330	130
330	259
330	545
330	200
330	137
330	75
330	172
330	34
330	93
330	209
330	372
330	169
330	280
330	217
330	538
330	219
330	189
331	3
331	487
331	39
331	363
331	361
331	106
331	203
331	273
331	16
331	17
331	82
331	83
331	23
331	216
331	516
331	251
331	248
331	280
332	64
332	133
332	246
332	6
332	711
332	41
332	170
332	235
332	268
332	111
332	209
332	211
332	52
332	213
332	214
332	217
332	478
332	149
333	511
334	517
334	166
334	424
334	137
334	586
334	397
334	360
334	276
334	87
334	24
334	212
334	153
334	411
334	62
334	479
335	355
335	439
335	166
335	641
335	394
335	299
335	396
335	242
335	79
335	50
335	146
335	180
335	23
335	623
335	159
336	235
336	12
336	110
336	84
336	693
336	278
336	25
336	316
337	16
337	276
337	281
337	538
337	26
337	163
337	177
337	40
337	49
337	82
337	467
337	212
337	220
337	144
337	488
337	233
337	114
337	83
337	255
338	33
338	203
338	270
338	272
338	110
338	22
338	804
338	218
338	538
339	72
339	64
339	170
339	224
339	110
339	623
339	496
339	81
339	277
339	87
339	703
339	394
339	245
340	354
340	356
340	886
340	454
340	423
340	648
340	9
340	66
340	654
340	304
340	346
340	27
340	348
341	72
341	265
341	42
341	464
341	476
342	270
342	655
342	272
342	660
342	126
343	538
343	349
344	264
344	235
344	114
344	496
344	50
344	218
344	60
344	378
345	654
345	271
345	17
345	148
345	316
345	280
345	738
345	27
345	298
345	43
345	304
345	180
345	184
345	188
345	64
345	66
345	98
345	209
345	854
345	218
345	482
345	487
345	360
345	361
345	364
345	503
346	269
346	823
346	413
346	679
346	168
346	685
346	50
346	180
346	693
346	311
346	191
346	321
346	197
346	72
346	201
346	203
346	76
346	205
346	340
346	861
346	360
346	361
346	167
346	114
346	115
346	244
346	375
346	254
347	395
347	146
347	23
347	538
347	287
347	804
347	37
347	423
347	168
347	301
347	48
347	180
347	693
347	54
347	311
347	56
347	57
347	58
347	189
347	66
347	323
347	324
347	454
347	72
347	201
347	823
347	844
347	461
347	75
347	212
347	86
347	88
347	220
347	222
347	421
347	96
347	98
347	355
347	228
347	488
347	361
347	235
347	621
347	495
347	369
347	370
347	884
347	375
347	506
348	449
348	67
348	212
348	325
348	9
348	42
348	75
348	205
348	61
348	243
348	20
348	106
348	340
348	58
348	511
348	186
348	62
348	223
349	132
349	12
349	278
349	287
349	162
349	48
349	52
349	57
349	566
349	697
349	62
349	63
349	324
349	182
349	78
349	83
349	122
349	343
349	472
349	219
349	93
349	350
349	225
349	355
349	356
349	230
349	361
349	107
349	239
349	242
349	190
349	250
349	255
349	252
349	127
350	45
350	53
350	329
350	188
350	62
350	64
350	706
350	70
350	71
350	396
350	74
350	75
350	218
350	349
350	98
350	487
350	488
350	241
350	376
350	377
350	379
351	105
351	747
351	686
351	527
351	17
351	179
351	212
351	278
351	184
351	218
351	827
352	172
352	4
352	315
352	221
353	375
353	261
353	230
353	167
353	168
353	170
353	203
353	732
353	287
354	388
354	112
354	786
354	340
355	259
355	182
355	198
355	521
355	335
355	16
355	83
355	212
355	245
355	349
355	280
355	347
355	29
356	23
356	153
356	30
356	35
356	60
356	189
356	62
356	458
356	82
356	163
356	212
356	218
356	349
356	735
356	487
356	360
356	105
356	618
356	340
357	517
357	679
357	780
357	554
357	396
357	13
357	366
357	212
358	298
358	364
358	850
358	563
358	468
358	503
358	98
358	735
359	99
359	8
359	64
359	39
359	114
359	16
359	434
359	276
359	693
359	473
359	23
359	57
359	314
359	509
359	94
360	392
360	9
360	394
360	16
360	401
360	275
360	280
360	196
360	26
360	155
360	427
360	164
360	423
360	167
360	168
360	43
360	114
360	304
360	441
360	735
360	188
360	189
360	323
360	68
360	454
360	71
360	75
360	334
360	84
360	88
360	356
360	346
360	224
360	225
360	408
360	131
360	103
360	871
360	110
360	496
360	498
360	245
360	374
360	212
360	345
361	138
361	17
361	275
361	20
361	281
361	679
361	304
361	187
361	456
361	74
361	331
361	84
361	854
361	345
361	346
361	347
361	349
361	486
361	106
361	108
361	109
361	369
361	498
361	379
361	362
362	262
362	487
362	9
362	167
362	239
362	16
362	83
362	212
362	391
362	361
362	184
362	491
363	12
363	269
363	16
363	20
363	34
363	170
363	44
363	177
363	53
363	441
363	705
363	64
363	65
363	331
363	735
363	231
364	149
364	29
364	311
364	314
364	454
364	201
364	204
364	34
364	213
364	345
364	474
364	220
364	358
364	487
364	379
365	81
365	372
365	182
366	783
366	162
366	300
366	685
366	53
366	823
366	57
366	702
366	203
366	474
366	357
366	614
366	498
366	375
366	121
366	891
367	87
368	182
368	487
368	75
368	109
368	269
368	277
368	150
368	380
369	361
369	238
369	657
369	434
369	212
369	151
369	122
369	347
369	509
369	735
369	442
370	434
370	347
370	442
370	22
371	375
372	330
372	269
372	365
372	241
372	274
372	83
372	53
372	311
372	536
372	188
372	42
372	319
373	616
373	506
373	237
374	427
374	804
374	129
374	360
374	9
374	170
374	75
374	15
374	16
374	122
374	201
374	234
374	538
374	443
374	188
374	394
375	131
375	132
375	261
375	264
375	393
375	11
375	655
375	272
375	274
375	366
375	280
375	4
375	155
375	27
375	805
375	808
375	169
375	170
375	172
375	685
375	302
375	432
375	189
375	56
375	697
375	59
375	61
375	64
375	193
375	267
375	199
375	168
375	74
375	85
375	527
375	346
375	347
375	353
375	738
375	315
375	108
375	110
375	239
375	753
375	242
375	371
375	631
375	250
375	252
375	126
375	686
376	396
376	143
376	543
376	289
376	804
376	167
376	60
376	317
376	318
376	33
376	72
376	76
376	83
376	854
376	472
376	271
376	350
376	757
376	127
377	209
377	350
377	247
378	292
378	390
378	488
378	169
378	110
378	115
378	596
378	344
378	542
379	298
379	12
379	208
379	81
379	629
379	364
379	25
379	699
379	361
379	350
379	447
380	269
380	16
380	152
380	800
380	33
380	546
380	167
380	170
380	299
380	47
380	368
380	53
380	310
380	184
380	313
380	314
380	327
380	79
380	211
380	88
380	104
380	240
380	545
381	292
381	170
381	397
381	527
381	594
381	311
381	576
381	36
382	160
382	38
382	9
382	170
382	75
382	78
382	17
382	149
382	119
382	188
382	394
383	132
383	390
383	9
383	10
383	17
383	405
383	164
383	37
383	170
383	45
383	53
383	841
383	314
383	69
383	70
383	200
383	585
383	204
383	223
383	97
383	231
383	232
383	251
384	16
384	311
384	212
384	114
385	12
385	179
385	182
385	9
386	115
386	212
386	538
387	145
387	114
387	87
388	354
388	262
388	6
388	42
388	753
388	115
388	681
388	458
389	42
389	590
389	719
389	668
390	165
390	17
390	394
390	427
390	16
390	209
390	82
390	215
390	185
390	378
390	733
390	383
391	362
391	863
392	360
392	189
393	55
393	77
393	142
393	488
393	375
393	87
394	390
394	521
394	10
394	655
394	16
394	17
394	277
394	278
394	155
394	427
394	160
394	164
394	42
394	43
394	434
394	306
394	436
394	181
394	182
394	713
394	202
394	697
394	188
394	53
394	64
394	66
394	323
394	70
394	437
394	458
394	75
394	717
394	206
394	335
394	488
394	466
394	339
394	854
394	215
394	804
394	218
394	860
394	735
394	97
394	360
394	106
394	622
394	189
394	238
394	374
394	690
394	251
394	382
395	160
395	33
395	347
395	8
395	265
395	487
395	12
395	270
395	115
395	179
395	20
395	433
395	409
395	93
396	59
396	61
396	62
396	65
396	72
396	335
396	209
396	87
396	350
396	357
396	81
396	491
396	109
396	494
396	376
397	8
397	9
397	12
397	16
397	323
397	23
397	155
397	156
397	286
397	545
397	294
397	168
397	175
397	54
397	569
397	314
397	187
397	572
397	189
397	62
397	67
397	182
397	454
397	72
397	204
397	76
397	334
397	209
397	723
397	88
397	100
397	81
397	251
397	381
398	679
398	137
398	623
398	529
398	180
398	191
399	20
399	405
399	767
400	269
400	16
400	53
400	189
401	360
401	12
401	274
401	155
401	182
401	826
401	127
401	735
402	6
403	252
404	62
405	226
405	427
405	580
405	503
405	9
405	75
405	24
405	66
405	399
405	16
405	17
405	82
405	83
405	630
405	311
405	280
405	383
405	188
405	159
406	564
406	71
407	564
408	70
408	360
408	137
408	461
408	206
408	271
408	488
408	659
408	201
408	184
408	196
408	591
408	191
409	517
409	6
409	395
409	300
409	209
409	690
409	475
410	741
410	745
410	574
410	251
410	573
410	62
411	167
411	76
411	258
411	334
411	83
411	142
411	251
411	317
412	251
412	572
413	804
413	808
413	434
413	441
413	315
413	69
413	198
413	72
413	329
413	75
413	211
413	88
413	346
413	93
413	97
413	99
413	236
413	110
413	251
413	127
414	167
414	105
414	182
414	663
414	70
415	780
415	269
415	18
415	52
415	53
415	22
415	756
415	27
416	278
416	313
416	665
417	9
417	146
417	789
417	281
417	418
417	6
417	170
417	299
417	53
417	182
417	188
417	64
417	66
417	75
417	212
417	735
417	487
417	245
417	124
417	42
418	16
418	17
418	534
418	23
418	538
418	155
418	417
418	39
418	298
418	114
418	49
418	53
418	56
418	181
418	64
418	66
418	212
418	86
418	217
418	735
418	226
418	488
418	236
418	241
418	115
419	164
419	33
419	488
419	76
419	270
419	801
419	20
419	187
419	317
420	318
421	269
421	16
421	17
421	151
421	25
421	539
421	160
421	262
421	166
421	167
421	170
421	559
421	53
421	55
421	184
421	88
421	189
421	62
421	456
421	12
421	75
421	589
421	721
421	87
421	600
421	347
421	606
421	97
421	100
421	102
421	103
421	104
421	106
421	107
421	251
421	124
422	94
422	646
423	780
423	146
423	278
423	265
423	454
423	562
423	434
423	823
423	185
423	442
423	67
423	198
423	633
423	329
423	717
423	340
423	697
423	347
423	484
423	360
423	238
423	212
423	596
423	509
424	258
424	10
424	270
424	278
424	283
424	162
424	155
424	6
424	294
424	168
424	433
424	180
424	189
424	62
424	323
424	72
424	586
424	75
424	334
424	88
424	611
424	100
424	104
424	251
425	616
425	780
425	146
425	185
426	32
426	33
426	133
426	64
426	12
426	20
426	88
426	212
427	613
427	390
427	295
427	360
427	394
427	651
427	623
427	405
427	374
427	255
427	245
428	78
429	53
430	75
430	238
430	496
430	634
430	159
431	496
432	651
432	269
432	437
432	77
432	50
432	53
432	375
432	24
432	26
432	251
432	181
433	648
433	395
433	16
433	27
433	289
433	155
433	804
433	166
433	424
433	175
433	182
433	202
433	86
433	87
433	217
433	186
433	97
433	107
433	238
433	632
433	127
434	10
434	66
434	23
434	29
434	31
434	288
434	290
434	423
434	40
434	47
434	54
434	311
434	56
434	187
434	394
434	194
434	323
434	324
434	454
434	168
434	217
434	602
434	220
434	103
434	359
434	189
434	369
434	370
434	413
434	121
434	254
435	129
436	896
436	70
436	297
436	394
436	77
436	621
436	114
436	631
436	159
437	748
437	553
437	394
437	172
437	781
437	685
437	76
437	465
437	114
437	432
437	282
437	527
437	801
437	735
438	103
438	264
438	307
438	313
438	283
439	335
439	16
439	83
439	180
439	508
439	510
440	140
440	269
440	468
440	53
441	2
441	137
441	413
441	545
441	164
441	753
441	177
441	307
441	181
441	55
441	570
441	315
441	64
441	449
441	488
441	360
441	201
441	849
441	212
441	292
441	732
441	314
441	865
441	99
441	103
441	104
441	489
441	363
441	110
441	616
441	884
442	263
442	12
442	285
442	31
442	288
442	423
442	168
442	45
442	47
442	50
442	54
442	311
442	187
442	189
442	62
442	193
442	66
442	323
442	324
442	325
442	454
442	72
442	329
442	587
442	103
442	369
442	370
442	506
442	125
442	254
443	679
443	212
443	374
443	56
443	538
443	635
444	674
444	688
444	316
444	66
444	72
444	329
444	209
444	82
444	212
444	471
444	217
444	735
444	865
444	103
444	488
444	105
444	235
444	236
444	111
444	251
445	146
445	52
445	570
446	33
446	643
446	324
446	261
446	743
446	72
446	107
446	269
446	49
446	50
446	147
446	152
446	601
446	187
447	40
447	170
447	299
447	76
447	110
447	15
447	42
447	324
447	314
447	379
447	252
447	317
447	286
448	10
448	269
448	272
448	53
448	697
448	187
449	45
449	502
449	495
449	188
449	150
449	280
449	441
449	348
449	37
450	262
451	659
451	820
451	695
451	631
451	795
451	735
452	630
452	7
453	82
453	180
453	538
453	125
454	288
454	269
454	527
454	155
454	32
454	37
454	167
454	434
454	179
454	53
454	442
454	60
454	321
454	66
454	323
454	198
454	201
454	75
454	397
454	81
454	340
454	218
454	347
454	735
454	738
454	360
454	423
454	364
454	111
454	753
454	761
454	127
455	801
455	321
455	9
455	177
455	114
456	281
456	421
456	678
456	167
456	45
456	303
456	48
456	309
456	59
456	63
456	193
456	68
456	82
456	83
456	732
456	488
456	361
456	211
456	251
457	269
457	621
457	53
457	281
458	356
458	394
458	109
458	238
458	82
458	144
458	196
458	23
458	88
458	388
458	124
458	189
459	10
459	622
459	278
459	183
460	609
460	185
461	1
461	2
461	251
461	165
461	6
461	65
461	8
461	167
461	171
461	104
461	242
461	154
461	215
461	152
461	408
461	347
461	155
461	252
461	189
461	485
462	81
462	115
462	278
463	316
464	341
464	56
464	479
465	64
465	101
465	144
465	245
465	437
466	394
467	622
467	337
467	20
467	313
467	62
468	269
468	655
468	17
468	25
468	155
468	166
468	167
468	43
468	53
468	310
468	265
468	440
468	189
468	62
468	319
468	65
468	68
468	74
468	88
468	478
468	483
468	358
468	245
468	251
469	187
470	527
470	150
470	189
471	444
471	74
471	68
471	559
472	139
472	230
472	326
472	10
472	587
472	12
472	111
472	824
472	309
472	349
472	376
472	93
472	325
473	359
473	329
473	12
473	474
473	538
473	735
474	33
474	804
474	42
474	309
474	55
474	568
474	314
474	62
474	693
474	64
474	65
474	66
474	713
474	209
474	473
474	488
474	364
474	366
474	753
474	251
475	641
475	69
475	230
475	103
475	168
475	269
475	50
475	180
475	53
475	409
475	252
475	189
476	6
476	38
476	71
476	341
476	44
476	2
476	78
476	111
476	50
476	20
476	206
476	630
476	183
476	24
476	28
476	102
476	309
477	170
478	162
478	332
478	170
478	236
478	269
478	238
478	685
478	272
478	20
478	538
478	188
478	468
479	193
479	269
479	334
479	464
479	81
479	53
479	23
479	251
479	252
479	189
479	62
480	309
481	630
481	87
481	319
482	270
482	271
482	306
482	345
482	251
483	39
483	236
483	266
483	204
483	658
483	238
483	18
483	468
484	66
484	423
485	72
485	105
485	45
485	109
485	209
485	301
485	137
485	184
485	169
485	461
485	59
485	621
486	167
486	72
486	105
486	170
486	206
486	168
486	723
486	361
486	152
486	316
487	153
487	287
487	417
487	163
487	37
487	38
487	39
487	298
487	310
487	201
487	64
487	66
487	395
487	196
487	33
487	329
487	331
487	207
487	209
487	87
487	345
487	350
487	356
487	103
487	362
487	364
487	368
487	251
488	261
488	6
488	8
488	393
488	394
488	280
488	148
488	152
488	25
488	30
488	159
488	418
488	419
488	262
488	49
488	184
488	45
488	48
488	72
488	306
488	310
488	56
488	441
488	444
488	193
488	194
488	456
488	74
488	75
488	337
488	211
488	212
488	24
488	87
488	217
488	474
488	347
488	93
488	350
488	408
488	100
488	101
488	111
488	112
488	117
488	20
488	378
488	251
488	252
488	283
489	101
489	166
489	173
489	270
489	441
490	661
491	42
491	396
491	656
491	362
492	294
492	166
492	266
492	103
492	498
492	271
492	146
492	307
492	20
492	301
492	134
492	56
492	62
493	97
493	39
493	140
493	48
493	177
493	211
493	87
493	217
493	187
493	29
494	396
494	76
494	83
494	20
494	93
495	187
495	836
495	775
495	328
495	449
495	586
495	715
495	685
495	237
495	656
495	274
495	67
495	662
495	824
495	23
495	347
495	670
495	751
496	20
496	152
496	155
496	29
496	33
496	804
496	39
496	430
496	431
496	306
496	138
496	186
496	10
496	72
496	201
496	339
496	344
496	100
496	103
496	360
496	106
496	120
497	21
497	62
498	360
498	361
498	492
498	685
498	366
498	655
498	157
498	108
498	29
498	25
498	713
498	56
498	313
498	188
498	541
499	6
499	71
499	328
499	796
499	110
499	168
499	180
499	85
499	184
499	314
499	219
499	60
499	318
500	801
501	64
501	298
501	251
501	172
502	262
502	449
502	237
502	175
502	86
502	216
503	6
503	358
503	103
503	168
503	20
503	181
503	504
503	345
503	405
504	42
504	110
504	83
504	20
504	503
504	127
505	164
505	167
505	43
505	50
505	310
505	184
505	189
505	182
505	200
505	83
505	88
505	218
505	94
505	144
505	103
505	106
505	235
506	876
506	112
506	627
506	373
506	184
506	442
506	347
507	71
508	235
508	111
508	50
508	439
508	152
508	25
508	15
509	131
509	324
509	423
509	103
509	47
509	263
509	239
509	359
509	369
509	323
509	62
509	187
509	254
509	31
510	439
510	50
510	85
510	119
511	162
511	587
511	258
511	333
511	824
511	570
511	348
511	831
512	587
512	77
512	882
512	218
513	23
515	56
516	69
516	331
516	298
517	409
517	25
517	294
517	306
517	312
517	189
517	323
517	334
517	859
517	100
517	357
517	251
518	10
518	24
518	314
518	93
520	735
520	87
521	155
521	164
521	308
521	394
521	68
521	72
521	211
521	88
521	97
521	355
521	893
522	36
523	209
524	270
525	55
526	159
527	375
527	164
527	454
527	166
527	437
527	9
527	75
527	302
527	16
527	209
527	243
527	62
527	470
527	311
527	57
527	381
527	190
527	351
528	93
529	398
530	63
531	321
531	17
531	115
531	25
532	76
533	269
534	40
534	204
534	323
534	306
534	108
534	45
534	29
534	200
534	418
534	259
534	150
534	251
534	189
535	319
536	372
537	38
538	386
538	261
538	6
538	16
538	21
538	22
538	473
538	152
538	155
538	29
538	418
538	163
538	40
538	47
538	49
538	306
538	57
538	187
538	189
538	288
538	323
538	453
538	330
538	204
538	290
538	337
538	338
538	83
538	86
538	343
538	217
538	218
538	347
538	478
538	443
538	230
538	108
538	109
538	241
538	244
538	374
538	121
539	421
540	321
540	323
540	69
540	70
540	289
540	9
540	12
540	209
540	53
540	152
540	89
540	62
541	294
541	104
541	498
541	311
541	56
541	187
542	378
542	154
542	126
543	376
544	39
544	72
544	169
544	11
544	209
544	18
544	29
544	159
545	24
545	18
545	152
545	155
545	29
545	33
545	36
545	37
545	39
545	45
545	306
545	53
545	441
545	68
545	330
545	397
545	217
545	50
545	106
545	115
545	120
545	380
546	24
546	380
547	209
548	6
551	70
552	162
553	83
553	437
553	159
554	357
554	62
555	288
556	237
557	237
558	237
559	421
559	471
560	142
560	93
561	37
562	423
563	358
564	327
564	8
564	103
564	406
564	407
564	313
564	62
565	20
565	87
565	88
566	349
567	33
568	6
568	104
568	201
568	170
568	300
568	15
568	17
568	274
568	106
568	189
568	55
568	152
568	164
568	474
568	168
568	42
568	72
569	76
569	138
569	12
569	397
569	78
569	308
569	10
569	62
570	229
570	289
570	72
570	42
570	111
570	179
570	441
570	445
570	239
570	93
570	62
570	511
571	76
571	77
571	26
571	318
572	201
572	12
572	397
572	78
572	17
572	148
572	412
572	188
572	62
573	410
574	410
575	62
576	381
577	97
578	200
579	106
580	168
580	201
580	12
580	269
580	78
580	18
580	211
580	20
580	53
580	318
580	405
582	158
583	29
584	161
584	73
585	198
585	167
585	72
585	170
585	75
585	300
585	17
585	211
585	20
585	184
585	88
585	251
585	42
585	280
585	383
586	8
586	10
586	12
586	334
586	495
586	424
587	512
587	197
587	12
587	143
587	472
587	218
587	442
587	93
587	511
588	187
589	421
590	389
590	53
591	39
591	168
591	300
591	142
591	29
591	48
591	88
591	306
591	211
591	408
591	121
591	155
591	124
591	189
592	90
593	265
594	381
595	157
596	166
596	102
596	423
596	83
596	173
596	78
596	239
596	16
596	82
596	378
596	62
598	20
598	278
599	81
600	421
601	144
601	50
601	20
601	158
601	152
601	218
601	446
602	68
602	37
602	327
602	74
602	434
602	245
602	58
603	14
603	39
604	72
605	245
606	421
607	22
609	460
609	142
610	12
611	424
612	20
613	193
613	34
613	6
613	41
613	42
613	427
613	237
613	110
613	115
613	25
613	252
613	62
614	366
614	175
614	83
614	24
614	62
615	287
616	145
616	425
616	10
616	140
616	254
616	373
616	73
616	441
616	90
616	251
616	93
616	318
617	53
618	356
619	107
619	142
619	209
619	25
619	24
619	121
619	29
620	251
621	167
621	135
621	44
621	436
621	187
621	318
621	65
621	72
621	457
621	77
621	209
621	213
621	88
621	347
621	485
621	235
621	109
621	122
621	254
622	6
622	38
622	71
622	394
622	459
622	306
622	467
622	53
622	62
622	189
622	286
622	277
623	109
623	398
623	335
623	427
623	339
623	212
623	186
623	121
623	26
623	124
623	29
624	64
624	10
624	68
624	93
625	38
626	89
626	71
627	506
628	11
629	379
630	452
630	102
630	481
630	264
630	44
630	321
630	235
630	236
630	12
630	15
630	405
630	216
630	103
630	476
630	167
631	106
631	11
631	451
631	15
631	375
631	115
631	436
631	55
631	218
631	286
632	433
632	53
632	269
632	149
632	217
633	423
633	72
633	41
633	138
633	103
633	300
633	78
633	15
633	120
633	238
633	83
633	20
633	142
633	189
633	56
633	218
633	187
633	314
634	326
634	430
635	119
635	25
635	443
636	37
636	39
636	40
636	204
636	189
636	157
636	72
636	180
636	121
636	29
637	316
638	79
639	72
639	251
640	12
641	203
641	269
641	335
641	16
641	218
641	475
641	62
642	15
643	42
643	23
643	189
643	446
643	159
644	201
644	53
644	251
644	93
644	62
645	102
646	422
647	269
648	12
648	45
648	433
648	340
648	73
648	25
648	308
648	20
648	62
649	62
650	39
651	8
651	42
651	427
651	432
651	314
652	53
653	127
654	184
654	340
654	23
654	24
654	345
654	159
655	244
655	106
655	76
655	50
655	142
655	317
655	498
655	468
655	342
655	375
655	57
655	157
655	394
655	133
656	264
656	201
656	491
656	495
656	72
656	24
656	168
657	369
657	50
657	62
658	483
659	451
659	53
659	311
659	408
660	17
660	342
660	56
660	121
660	159
661	490
662	119
662	60
662	495
663	414
664	103
665	416
666	106
667	217
668	389
669	167
670	495
671	69
672	269
673	150
673	91
673	29
674	263
674	76
674	238
674	15
674	189
674	245
674	57
674	111
674	444
674	93
674	254
674	159
675	261
675	329
675	236
675	238
677	255
678	456
679	357
679	294
679	167
679	8
679	361
679	103
679	77
679	398
679	304
679	84
679	281
679	346
679	443
679	61
680	12
680	30
681	388
682	109
683	42
684	13
685	261
685	11
685	94
685	366
685	495
685	81
685	498
685	117
685	375
685	478
685	346
685	30
685	437
686	76
686	107
686	140
686	115
686	278
686	375
686	152
686	351
686	159
687	228
688	103
688	72
688	60
688	12
688	264
688	280
688	183
688	88
688	313
688	155
688	444
688	318
689	60
690	9
690	394
690	245
690	87
690	409
690	124
690	159
691	278
692	81
692	43
692	12
692	239
692	16
692	209
692	83
692	223
693	15
693	218
693	281
693	155
693	346
693	29
693	163
693	37
693	297
693	194
693	198
693	199
693	75
693	336
693	474
693	347
693	359
693	119
694	238
694	16
694	17
694	84
694	122
695	110
695	451
695	53
695	184
696	261
696	103
697	9
697	394
697	19
697	20
697	23
697	29
697	167
697	170
697	301
697	448
697	323
697	324
697	198
697	209
697	213
697	349
697	100
697	423
697	375
697	121
697	251
698	189
699	228
699	379
699	190
700	7
701	12
701	269
701	115
701	152
702	366
703	339
704	164
704	6
705	363
706	205
706	350
707	8
707	44
707	183
707	89
708	167
709	145
710	106
711	332
712	53
713	23
713	76
713	109
713	175
713	48
713	498
713	311
713	217
713	474
713	317
713	394
714	207
715	495
716	289
717	68
717	103
717	9
717	394
717	423
717	44
717	300
717	245
717	183
717	88
717	100
717	252
717	167
717	62
718	12
719	389
719	7
720	56
720	230
721	421
722	237
723	100
723	486
723	262
723	10
723	397
723	243
723	244
723	68
723	186
723	91
723	61
724	269
725	12
726	291
726	13
727	6
728	269
729	317
730	12
731	4
732	8
732	9
732	13
732	20
732	30
732	33
732	166
732	49
732	53
732	310
732	441
732	314
732	71
732	456
732	78
732	269
732	93
732	353
732	38
732	237
732	200
733	8
733	254
733	42
733	314
733	390
734	87
735	261
735	6
735	520
735	394
735	142
735	401
735	286
735	25
735	155
735	30
735	288
735	417
735	418
735	36
735	326
735	167
735	170
735	175
735	306
735	308
735	437
735	184
735	444
735	189
735	62
735	193
735	451
735	324
735	454
735	32
735	72
735	75
735	164
735	81
735	211
735	88
735	473
735	220
735	100
735	224
735	356
735	358
735	102
735	103
735	360
735	363
735	109
735	238
735	369
735	245
735	251
735	254
736	93
738	288
738	98
738	163
738	261
738	454
738	25
738	375
738	345
739	15
741	410
742	115
743	446
744	269
745	152
745	212
745	56
745	410
745	125
746	24
747	129
747	36
747	6
747	168
747	11
747	149
747	311
747	164
747	60
747	351
748	437
749	124
750	308
751	495
752	2
753	3
753	388
753	454
753	135
753	311
753	205
753	77
753	203
753	375
753	56
753	441
753	474
753	26
753	23
754	107
755	119
756	207
756	121
756	29
756	415
757	12
757	168
757	245
757	376
757	62
758	47
759	42
760	298
760	71
761	454
761	78
762	70
763	228
763	261
763	168
763	201
763	72
763	50
764	142
765	12
766	200
767	166
767	399
770	12
772	74
773	142
774	8
774	42
774	283
774	6
775	495
776	14
777	308
778	129
780	37
780	329
780	239
780	423
780	268
780	110
780	207
780	16
780	18
780	357
780	425
780	187
780	28
780	189
780	415
781	437
782	24
783	366
784	42
786	354
787	40
787	39
787	72
787	251
788	281
788	50
789	417
790	69
790	278
791	185
792	209
793	170
794	56
795	451
795	164
795	263
795	252
795	106
795	167
795	82
795	110
795	50
795	20
795	215
795	220
795	254
796	499
797	33
798	168
799	50
800	168
800	7
800	12
800	8
800	380
800	167
801	162
801	419
801	261
801	455
801	170
801	135
801	77
801	207
801	82
801	212
801	437
801	500
801	26
801	29
802	39
803	11
804	394
804	278
804	25
804	152
804	281
804	413
804	288
804	35
804	166
804	433
804	10
804	190
804	160
804	323
804	198
804	338
804	211
804	88
804	474
804	347
804	93
804	103
804	496
804	374
804	376
804	252
805	375
805	263
806	237
807	217
808	69
808	6
808	9
808	42
808	375
808	108
808	189
808	157
808	254
808	29
808	53
808	183
808	122
808	413
808	286
809	104
809	42
809	149
810	119
811	230
812	84
812	23
813	22
814	229
814	225
815	254
816	289
816	325
816	6
816	129
816	12
816	15
816	81
816	50
816	53
816	88
816	288
816	127
817	53
818	237
819	258
820	451
820	319
821	183
822	145
822	20
822	142
822	184
822	261
823	347
823	326
823	423
823	39
823	173
823	366
823	155
823	278
823	119
823	281
823	346
823	251
823	223
824	6
824	167
824	72
824	168
824	43
824	12
824	495
824	81
824	211
824	8
824	472
824	88
824	314
824	79
824	189
824	511
825	42
826	401
827	351
828	247
829	162
830	158
831	511
832	64
833	6
834	204
834	311
835	77
836	495
837	7
838	308
839	55
839	124
840	212
841	383
842	188
843	167
844	168
844	10
844	264
844	104
844	347
844	93
845	62
845	190
846	101
847	124
848	209
849	441
850	97
850	74
850	358
852	263
853	103
854	361
854	394
854	43
854	83
854	52
854	376
854	345
854	58
854	251
855	286
856	119
857	262
858	224
859	517
859	297
859	77
859	142
859	174
859	26
860	394
860	43
860	12
860	81
860	274
861	77
861	110
861	84
861	88
861	346
861	26
862	119
863	391
864	167
865	324
865	42
865	12
865	239
865	48
865	441
865	313
865	155
865	444
865	254
866	16
866	62
866	167
868	33
870	167
871	360
872	140
873	142
874	209
875	6
876	506
877	173
878	148
879	6
880	20
881	37
881	310
882	512
883	268
884	107
884	20
884	23
884	441
884	347
885	311
886	340
887	319
888	160
889	42
890	55
891	366
892	322
893	521
894	42
895	52
896	436
897	48
898	48
