0	1
0	2
0	3
0	4
0	5
0	6
0	71
1	0
1	38
1	40
1	9
1	10
1	109
2	0
2	66
2	8
2	41
2	10
2	111
2	40
2	90
3	0
3	4
3	5
3	103
3	73
3	108
3	45
3	115
3	54
3	58
3	31
4	0
4	65
4	3
4	68
4	5
4	38
4	7
4	8
4	44
4	84
4	88
4	90
4	37
5	0
5	3
5	4
5	108
5	30
5	31
6	0
6	101
7	8
7	9
7	10
7	11
7	4
8	68
8	65
8	2
8	4
8	69
8	39
8	40
8	9
8	10
8	7
8	81
8	52
8	88
8	84
9	1
9	66
9	37
9	7
9	8
9	76
9	107
9	44
9	82
9	53
9	88
9	90
9	101
9	93
9	69
10	64
10	1
10	2
10	11
10	38
10	7
10	8
10	42
10	39
10	78
10	14
10	86
10	88
10	27
10	92
10	93
11	96
11	65
11	66
11	107
11	68
11	38
11	39
11	72
11	74
11	7
11	14
11	18
11	99
11	46
11	27
11	10
12	73
12	42
12	46
12	13
12	14
12	15
12	16
12	17
12	18
12	21
12	58
12	91
12	29
12	85
13	100
13	73
13	74
13	12
13	14
13	16
13	17
13	50
13	55
13	56
14	10
14	11
14	12
14	13
14	15
14	17
14	21
14	22
14	28
14	32
14	33
14	36
14	39
14	42
14	48
14	53
14	58
14	59
14	61
14	64
14	73
14	79
14	80
14	82
14	95
14	114
15	33
15	91
15	48
15	46
15	12
15	14
15	16
15	18
15	21
15	26
15	59
15	28
15	62
15	95
16	73
16	12
16	13
16	46
16	15
16	18
16	83
16	21
16	63
17	64
17	34
17	73
17	12
17	13
17	14
17	85
17	55
17	27
18	96
18	35
18	74
18	11
18	12
18	15
18	16
18	62
19	111
19	20
19	21
19	22
19	23
19	24
19	116
19	94
20	35
20	36
20	37
20	19
20	116
20	22
20	24
20	94
21	12
21	14
21	15
21	16
21	19
21	22
21	91
22	32
22	33
22	50
22	36
22	101
22	39
22	110
22	14
22	79
22	114
22	19
22	20
22	21
22	24
22	28
22	62
22	53
23	38
23	74
23	80
23	19
23	89
23	91
23	92
23	31
24	97
24	36
24	40
24	110
24	111
24	19
24	20
24	22
24	116
24	26
24	92
24	94
25	32
25	108
25	61
25	47
25	26
25	27
25	28
25	29
25	30
25	31
26	45
26	15
26	53
26	54
26	24
26	25
26	29
27	99
27	70
27	10
27	43
27	11
27	17
27	25
27	30
27	31
28	33
28	103
28	104
28	105
28	14
28	47
28	112
28	52
28	22
28	56
28	25
28	15
28	62
29	98
29	99
29	103
29	12
29	83
29	54
29	25
29	26
30	5
30	40
30	108
30	47
30	48
30	99
30	25
30	27
31	3
31	5
31	46
31	27
31	54
31	23
31	25
31	91
31	92
32	34
32	108
32	14
32	22
32	25
33	34
33	14
33	15
33	22
33	28
34	32
34	33
34	99
34	97
34	104
34	73
34	108
34	17
34	91
35	105
35	42
35	44
35	77
35	78
35	18
35	20
35	46
35	62
36	39
36	14
36	20
36	53
36	22
36	24
37	68
37	100
37	9
37	76
37	77
37	20
37	85
37	57
37	4
38	1
38	4
38	10
38	11
38	77
38	23
39	36
39	101
39	70
39	65
39	8
39	74
39	11
39	14
39	72
39	10
39	84
39	53
39	22
39	88
39	68
39	93
40	1
40	2
40	67
40	68
40	69
40	102
40	8
40	108
40	24
40	93
40	30
41	2
41	102
41	71
41	73
41	66
41	109
41	82
41	57
42	35
42	12
42	10
42	43
42	44
42	45
42	14
42	46
43	42
43	75
43	45
43	47
43	27
43	63
44	35
44	4
44	71
44	9
44	42
44	75
44	76
44	46
44	79
44	92
44	62
45	3
45	54
45	42
45	43
45	81
45	83
45	86
45	26
45	59
46	96
46	35
46	44
46	42
46	11
46	12
46	78
46	15
46	16
46	31
46	63
47	115
47	43
47	48
47	49
47	50
47	51
47	25
47	28
47	30
48	102
48	14
48	15
48	99
48	47
48	30
49	88
49	47
50	72
50	13
50	47
50	113
50	22
50	62
51	115
51	62
51	47
52	67
52	8
52	77
52	83
52	88
52	28
52	62
53	36
53	70
53	39
53	104
53	73
53	14
53	72
53	114
53	22
53	9
53	26
53	95
54	3
54	45
54	93
54	83
54	85
54	86
54	26
54	91
54	29
54	31
55	56
55	17
55	13
55	57
56	67
56	100
56	73
56	13
56	55
56	28
57	98
57	37
57	41
57	109
57	55
57	90
58	3
58	59
58	12
58	14
59	73
59	45
59	14
59	15
59	112
59	113
59	58
60	86
61	25
61	62
61	14
61	63
62	35
62	74
62	44
62	50
62	15
62	80
62	18
62	51
62	52
62	85
62	22
62	28
62	61
63	16
63	43
63	61
63	46
64	17
64	10
64	14
65	8
65	66
65	11
65	4
65	39
66	65
66	2
66	102
66	97
66	9
66	11
66	41
66	88
66	71
67	69
67	40
67	52
67	56
68	97
68	4
68	37
68	39
68	40
68	11
68	108
68	78
68	8
68	110
68	86
68	72
68	100
69	8
69	9
69	67
69	40
70	71
70	27
70	53
70	39
71	0
71	66
71	70
71	102
71	72
71	41
71	44
71	77
72	11
72	68
72	71
72	39
72	50
72	83
72	53
73	96
73	3
73	34
73	99
73	100
73	41
73	107
73	12
73	13
73	14
73	16
73	17
73	115
73	53
73	86
73	56
73	59
74	102
74	39
74	11
74	76
74	13
74	79
74	18
74	23
74	88
74	62
75	43
75	44
75	77
76	37
76	9
76	74
76	44
76	80
76	88
77	35
77	37
77	38
77	71
77	75
77	52
77	85
77	86
77	87
77	84
78	96
78	10
78	35
78	68
78	46
79	74
79	44
79	22
79	14
80	81
80	76
80	62
80	14
80	23
81	8
81	45
81	80
81	82
81	83
81	84
82	81
82	90
82	41
82	14
82	9
83	98
83	54
83	72
83	106
83	45
83	16
83	81
83	52
83	86
83	29
84	8
84	81
84	4
84	77
84	39
85	37
85	105
85	12
85	77
85	17
85	54
85	62
86	100
86	104
86	73
86	106
86	77
86	45
86	83
86	54
86	68
86	60
86	10
87	77
88	66
88	4
88	39
88	8
88	9
88	74
88	76
88	49
88	52
88	89
88	10
89	88
89	23
90	97
90	2
90	4
90	9
90	82
90	57
90	93
91	34
91	106
91	107
91	12
91	15
91	21
91	54
91	23
91	31
92	10
92	44
92	111
92	112
92	23
92	24
92	31
93	97
93	101
93	39
93	40
93	9
93	10
93	54
93	90
94	24
94	116
94	19
94	20
95	53
95	14
95	15
96	99
96	73
96	11
96	78
96	18
96	46
97	34
97	68
97	102
97	66
97	110
97	24
97	90
97	93
98	57
98	83
98	29
99	96
99	34
99	73
99	11
99	48
99	27
99	29
99	30
100	68
100	101
100	73
100	13
100	86
100	56
100	37
101	100
101	6
101	39
101	9
101	111
101	22
101	93
102	97
102	66
102	71
102	40
102	41
102	74
102	48
103	3
103	28
103	29
104	34
104	28
104	53
104	86
105	35
105	28
105	85
106	107
106	91
106	83
106	86
107	11
107	73
107	106
107	91
107	9
108	32
108	34
108	3
108	68
108	5
108	40
108	25
108	30
109	1
109	41
109	57
110	24
110	97
110	68
110	22
111	24
111	2
111	19
111	92
111	101
112	28
112	59
112	92
113	50
113	59
114	22
114	53
114	14
115	73
115	3
115	51
115	47
116	24
116	19
116	20
116	94
117	130
117	136
117	118
117	119
117	120
117	121
118	157
118	117
118	159
118	124
118	125
118	126
118	127
119	131
119	135
119	117
119	120
119	122
119	126
120	128
120	130
120	131
120	134
120	135
120	137
120	139
120	141
120	147
120	150
120	157
120	159
120	160
120	161
120	162
120	117
120	119
120	124
120	125
120	126
120	127
121	117
122	159
122	123
122	124
122	125
122	119
123	122
123	124
123	125
123	159
124	160
124	131
124	133
124	141
124	118
124	120
124	122
124	123
124	126
125	160
125	161
125	135
125	136
125	118
125	120
125	122
125	123
125	159
126	128
126	129
126	130
126	131
126	132
126	133
126	135
126	136
126	140
126	141
126	143
126	144
126	147
126	148
126	149
126	150
126	154
126	155
126	156
126	157
126	158
126	160
126	161
126	118
126	119
126	120
126	124
126	127
127	128
127	162
127	131
127	132
127	133
127	137
127	140
127	144
127	145
127	163
127	148
127	118
127	151
127	120
127	164
127	155
127	156
127	126
128	131
128	140
128	120
128	154
128	157
128	126
128	127
129	137
129	139
129	140
129	143
129	150
129	126
130	163
130	158
130	117
130	150
130	120
130	126
131	128
131	162
131	133
131	141
131	143
131	144
131	119
131	120
131	124
131	126
131	127
132	140
132	141
132	151
132	152
132	153
132	155
132	156
132	126
132	127
133	131
133	138
133	142
133	143
133	124
133	126
133	127
134	120
134	135
135	134
135	137
135	138
135	119
135	120
135	156
135	125
135	126
135	159
136	141
136	142
136	117
136	125
136	126
137	129
137	135
137	139
137	140
137	143
137	120
137	157
137	127
138	161
138	151
138	133
138	150
138	135
139	120
139	129
139	137
139	143
140	128
140	129
140	132
140	137
140	143
140	144
140	126
140	127
141	131
141	132
141	136
141	120
141	124
141	126
142	160
142	133
142	136
142	143
142	144
142	150
143	129
143	131
143	133
143	137
143	139
143	140
143	142
143	155
143	126
144	131
144	140
144	142
144	147
144	126
144	127
145	162
145	127
146	152
146	154
146	150
147	144
147	152
147	148
147	149
147	150
147	120
147	126
148	162
148	147
148	151
148	156
148	157
148	126
148	127
149	147
149	150
149	151
149	154
149	155
149	126
150	129
150	130
150	138
150	142
150	146
150	147
150	149
150	120
150	154
150	126
151	132
151	138
151	148
151	149
151	152
151	153
151	127
152	146
152	147
152	132
152	151
153	132
153	151
154	128
154	161
154	146
154	149
154	150
154	126
155	132
155	143
155	149
155	126
155	127
156	132
156	135
156	148
156	157
156	126
156	127
157	128
157	137
157	148
157	118
157	120
157	156
157	126
158	130
158	164
158	126
159	135
159	118
159	120
159	122
159	123
159	125
160	142
160	120
160	124
160	125
160	126
161	164
161	138
161	120
161	154
161	125
161	126
162	120
162	145
162	131
162	148
162	127
163	130
163	127
164	161
164	158
164	127
165	166
165	167
165	168
165	169
165	170
165	171
165	172
166	193
166	165
166	167
166	170
166	203
166	173
166	177
166	189
166	191
167	195
167	196
167	165
167	166
167	199
167	202
167	178
167	184
167	197
168	169
168	171
168	196
168	165
169	192
169	165
169	168
169	201
169	203
169	172
169	184
169	186
169	188
169	191
170	198
170	193
170	195
170	196
170	165
170	166
170	171
170	173
170	174
171	168
171	170
171	199
171	165
171	197
172	169
172	187
172	196
172	165
173	176
173	170
173	166
173	174
173	175
174	170
174	173
174	175
174	182
174	189
174	190
175	197
175	173
175	174
175	176
175	185
175	189
176	205
176	195
176	196
176	173
176	175
177	178
177	179
177	180
177	166
178	193
178	196
178	199
178	202
178	167
178	177
178	187
179	177
179	180
180	177
180	179
181	182
181	183
181	184
181	185
181	186
181	187
181	188
182	201
182	203
182	174
182	181
182	183
182	185
182	190
182	191
183	192
183	194
183	201
183	203
183	181
183	182
183	185
183	187
184	194
184	167
184	169
184	203
184	181
184	201
184	185
184	186
184	190
185	192
185	194
185	197
185	175
185	181
185	182
185	183
185	184
185	186
186	193
186	196
186	198
186	199
186	200
186	169
186	181
186	184
186	185
187	172
187	178
187	181
187	183
188	169
188	201
188	181
188	191
189	193
189	196
189	166
189	174
189	175
190	192
190	201
190	174
190	182
190	184
190	191
191	193
191	194
191	197
191	166
191	200
191	169
191	205
191	182
191	188
191	190
192	169
192	183
192	201
192	185
192	190
193	198
193	195
193	196
193	197
193	166
193	200
193	170
193	204
193	178
193	186
193	189
193	191
194	201
194	183
194	184
194	185
194	191
195	193
195	196
195	197
195	198
195	167
195	170
195	176
196	193
196	195
196	167
196	168
196	172
196	202
196	204
196	176
196	178
196	170
196	186
196	189
197	193
197	195
197	167
197	201
197	202
197	171
197	204
197	175
197	185
197	191
198	193
198	170
198	195
198	186
198	199
199	198
199	167
199	200
199	171
199	178
199	186
200	193
200	186
200	199
200	191
201	192
201	194
201	197
201	169
201	182
201	183
201	184
201	188
201	190
202	178
202	196
202	197
202	167
203	184
203	169
203	166
203	182
203	183
204	193
204	196
204	197
205	176
205	191
206	207
206	208
206	209
206	210
206	211
206	212
207	225
207	226
207	227
207	228
207	230
207	206
207	208
207	209
207	210
207	215
207	219
207	220
207	222
208	224
208	225
208	227
208	228
208	206
208	207
208	209
208	210
208	212
208	213
208	216
208	219
208	220
209	224
209	226
209	227
209	232
209	206
209	207
209	208
209	210
209	213
209	215
209	218
209	219
209	220
209	222
210	227
210	231
210	233
210	206
210	207
210	208
210	209
210	215
210	216
210	239
210	222
211	206
212	228
212	229
212	232
212	233
212	234
212	206
212	239
212	208
212	213
212	214
212	217
212	222
213	208
213	209
213	212
213	214
213	215
214	225
214	230
214	235
214	236
214	237
214	212
214	213
214	217
215	224
215	226
215	227
215	229
215	232
215	234
215	207
215	209
215	210
215	213
215	219
215	222
216	224
216	225
216	227
216	208
216	210
216	217
216	218
216	219
216	220
216	221
217	212
217	214
217	216
217	220
217	221
218	225
218	227
218	233
218	234
218	239
218	209
218	216
218	219
218	220
218	223
219	224
219	225
219	227
219	228
219	231
219	232
219	207
219	208
219	209
219	215
219	216
219	218
219	220
219	222
219	223
220	224
220	225
220	227
220	207
220	208
220	209
220	216
220	217
220	218
220	219
220	222
220	223
221	216
221	217
222	207
222	209
222	210
222	212
222	215
222	219
222	220
222	223
223	225
223	226
223	218
223	219
223	220
223	222
224	227
224	208
224	209
224	215
224	216
224	219
224	220
225	207
225	208
225	214
225	216
225	218
225	219
225	220
225	223
226	227
226	228
226	207
226	209
226	215
226	223
227	224
227	226
227	207
227	208
227	209
227	210
227	215
227	216
227	218
227	219
227	220
228	240
228	226
228	230
228	232
228	207
228	208
228	212
228	219
229	212
229	230
229	215
230	228
230	229
230	231
230	232
230	234
230	235
230	236
230	237
230	207
230	214
231	230
231	235
231	236
231	237
231	238
231	210
231	219
232	228
232	230
232	233
232	234
232	209
232	212
232	215
232	219
233	232
233	210
233	212
233	218
233	239
234	230
234	232
234	239
234	240
234	212
234	215
234	218
235	236
235	230
235	214
235	231
236	230
236	231
236	235
236	237
236	238
236	214
237	236
237	230
237	214
237	231
238	236
238	231
239	233
239	210
239	212
239	218
239	234
240	234
240	228
