0	1
1	0
1	2
1	3
2	1
2	4
3	1
3	37
3	38
4	2
4	5
4	6
5	4
6	4
6	647
7	8
7	9
8	7
8	10
8	11
8	12
8	13
8	14
8	15
8	16
9	76
9	7
10	8
10	18
10	20
11	8
11	46
11	47
12	8
12	48
12	49
12	50
12	51
12	22
13	8
13	72
13	660
13	117
13	79
14	8
14	657
14	18
14	702
14	47
15	8
15	47
15	703
15	76
15	79
16	8
16	86
17	20
17	21
17	22
17	23
18	10
18	724
18	702
18	14
19	725
20	17
20	10
20	109
20	21
20	29
21	24
21	17
21	20
21	25
22	784
22	17
22	12
22	785
23	17
23	1114
23	837
24	27
24	21
25	783
25	21
25	781
26	28
26	29
26	30
26	31
27	24
27	31
28	32
28	33
28	26
28	34
29	26
29	20
29	54
29	55
30	57
30	26
31	26
31	27
31	796
31	797
32	35
32	28
33	832
33	28
34	1156
34	28
35	32
35	59
35	60
36	37
37	3
37	36
38	40
38	3
38	39
39	42
39	43
39	44
39	38
40	38
42	646
42	39
43	648
43	647
43	39
44	862
44	39
46	11
46	660
46	661
46	662
47	835
47	11
47	14
47	15
48	12
48	53
49	786
49	83
49	12
49	53
50	12
51	1139
51	12
52	54
53	48
53	49
54	52
54	29
55	56
55	29
56	55
57	58
57	30
58	57
58	59
59	58
59	35
60	1162
60	35
61	62
61	63
62	64
62	65
62	61
63	122
63	61
64	66
64	67
64	68
64	69
64	62
65	62
66	64
66	70
67	64
67	726
67	70
67	661
68	64
68	125
69	64
69	1091
69	123
70	66
70	67
70	71
70	72
70	73
70	74
70	75
70	76
71	70
72	13
72	70
72	663
73	664
73	129
73	75
73	70
74	70
74	703
75	73
75	78
75	70
75	1021
76	9
76	78
76	70
76	15
77	78
78	80
78	75
78	76
78	77
78	79
79	13
79	78
79	15
79	81
79	82
79	83
79	84
80	667
80	84
80	78
81	79
82	97
82	83
82	95
82	79
83	49
83	82
83	99
83	98
83	79
84	80
84	135
84	79
85	86
85	87
86	88
86	89
86	90
86	85
86	16
87	138
87	85
88	94
88	91
88	92
88	93
88	86
89	728
89	86
89	95
90	86
91	88
91	96
91	95
92	88
92	138
92	140
93	88
93	729
93	141
94	88
94	199
95	89
95	82
95	91
95	97
96	91
96	141
97	82
97	100
97	95
98	83
98	100
99	83
99	723
100	97
100	98
100	101
101	100
101	102
101	103
102	104
102	101
103	104
103	786
103	787
103	148
103	101
104	105
104	106
104	107
104	102
104	103
105	104
105	106
105	108
105	109
106	104
106	105
106	148
106	150
107	104
107	798
108	160
108	105
108	155
108	159
109	105
109	20
109	798
110	111
111	112
111	110
112	111
113	114
114	113
114	115
114	116
115	114
116	114
117	120
117	13
117	118
117	119
118	121
118	122
118	123
118	117
118	119
119	650
119	651
119	117
119	118
120	651
120	132
120	117
121	118
122	118
122	63
123	69
123	118
124	125
125	68
125	124
125	126
125	127
126	128
126	129
126	130
126	131
126	132
126	125
127	185
127	666
127	187
127	125
128	133
128	134
128	135
128	136
128	137
128	126
129	73
129	126
130	666
130	126
131	126
132	120
132	864
132	180
132	126
132	865
133	128
133	138
134	128
134	666
134	668
135	128
135	193
135	84
136	128
136	666
136	189
137	128
137	1022
138	139
138	92
138	133
138	87
139	138
139	731
139	189
139	191
140	92
141	96
141	93
141	142
142	141
142	143
143	144
143	145
143	142
144	146
144	143
145	902
145	143
146	144
146	147
147	146
147	148
148	103
148	106
148	147
148	149
148	150
148	151
149	152
149	148
150	156
150	106
150	148
151	148
151	1029
152	153
152	154
152	149
153	152
153	155
153	156
154	152
155	153
155	108
155	158
156	216
156	153
156	150
157	217
158	155
158	1031
159	281
159	283
159	108
160	108
161	162
162	161
162	163
163	162
163	164
164	163
164	165
164	166
164	167
165	168
165	164
166	843
166	164
166	845
166	846
167	984
167	634
167	164
168	165
169	170
169	171
169	172
170	169
170	298
171	632
171	169
171	630
171	631
172	840
172	169
172	841
172	838
172	839
173	174
174	176
174	173
174	175
175	177
175	174
176	174
177	178
177	175
178	177
178	179
179	178
179	180
180	179
180	132
180	181
180	182
180	183
181	185
181	186
181	180
182	180
182	247
182	249
182	250
182	251
182	252
182	253
182	254
183	904
183	180
183	247
184	187
185	652
185	181
185	127
186	181
187	184
187	127
188	189
189	136
189	139
189	188
189	190
189	191
190	192
190	193
190	194
190	195
190	196
190	189
191	192
191	139
191	189
191	199
192	197
192	198
192	199
192	200
192	201
192	202
192	190
192	191
193	190
193	135
194	264
194	190
195	912
195	907
195	910
195	190
196	1024
196	190
197	192
197	203
197	204
198	192
198	204
198	267
198	268
198	271
198	272
199	192
199	733
199	94
199	191
200	192
200	705
201	192
201	1100
202	192
202	270
203	197
203	206
203	205
204	197
204	198
205	203
205	207
205	208
205	209
205	210
205	211
206	272
206	203
207	212
207	205
208	736
208	205
209	205
209	735
210	205
210	735
211	1100
211	205
212	213
212	214
212	207
213	212
213	215
214	275
214	212
215	213
216	219
216	156
216	278
217	218
217	219
217	220
217	157
218	217
218	221
219	216
219	217
220	280
220	217
221	218
221	222
222	224
222	221
222	223
223	224
223	225
223	222
224	285
224	222
224	223
225	226
225	227
225	223
226	225
226	228
226	229
227	225
227	812
228	226
229	226
230	232
230	231
231	233
231	234
231	230
232	236
232	230
233	235
233	231
234	1163
234	231
235	233
235	236
236	232
236	235
237	238
238	240
238	241
238	237
238	239
239	238
240	297
240	298
240	299
240	238
241	238
242	243
243	242
243	244
243	245
244	243
244	246
245	243
246	244
247	248
247	182
247	183
248	1006
248	247
249	256
249	182
249	255
250	305
250	182
250	303
251	305
251	306
251	307
251	182
252	653
252	182
253	182
253	671
254	1006
254	182
255	249
255	258
255	259
255	257
256	249
256	308
257	260
257	255
258	673
258	671
258	255
259	308
259	255
260	257
260	261
260	262
260	263
260	264
260	265
260	266
261	267
261	260
262	313
262	260
263	316
263	315
263	260
264	704
264	265
264	194
264	260
264	705
265	264
265	314
265	260
265	909
266	313
266	319
266	260
266	929
267	270
267	268
267	261
267	198
268	737
268	267
268	270
268	198
269	316
270	1024
270	202
270	267
270	268
271	273
271	274
271	275
271	276
271	198
272	206
272	198
273	277
273	271
274	789
274	271
275	214
275	271
276	740
276	917
276	271
277	273
277	278
278	216
278	277
278	279
279	338
279	788
279	278
279	335
280	281
280	282
280	220
281	280
281	159
282	280
282	1033
283	284
283	285
283	159
284	283
284	286
284	287
285	224
285	283
286	284
286	287
287	812
287	284
287	286
288	289
288	290
289	288
289	291
290	288
290	813
290	365
290	359
291	289
291	292
291	293
292	291
292	294
293	291
293	372
294	292
294	295
295	296
295	294
296	372
296	374
296	295
297	240
298	240
298	170
298	629
299	240
300	983
301	302
302	301
302	303
303	304
303	250
303	302
304	1013
304	303
305	250
305	251
306	251
306	308
307	410
307	251
307	403
307	310
308	256
308	306
308	259
308	309
308	310
309	308
309	311
310	408
310	674
310	307
310	308
310	675
311	312
311	309
312	313
312	311
313	312
313	266
313	314
313	262
314	313
314	265
315	320
315	263
315	316
315	317
315	318
315	319
316	738
316	739
316	740
316	263
316	269
316	315
316	317
317	321
317	322
317	324
317	325
317	315
317	316
318	706
318	315
318	707
319	322
319	315
319	266
319	413
320	315
321	317
321	326
322	409
322	317
322	319
323	414
323	415
324	708
324	317
324	414
324	942
325	317
325	1101
326	321
326	327
327	328
327	326
328	329
328	327
329	328
329	330
329	331
329	332
330	329
330	331
330	333
331	329
331	330
331	334
331	335
331	336
331	337
332	329
332	414
333	330
334	339
334	338
334	331
335	337
335	331
335	788
335	789
335	279
336	425
336	331
337	331
337	740
337	335
338	340
338	341
338	334
338	279
339	340
339	334
340	338
340	339
340	342
341	338
341	1140
342	344
342	340
342	343
343	345
343	342
344	346
344	347
344	348
344	342
345	347
345	343
346	344
346	347
346	349
347	344
347	345
347	346
347	350
347	351
348	344
348	1141
348	935
349	346
349	427
350	352
350	353
350	354
350	347
351	425
351	347
351	428
351	429
351	353
352	355
352	350
353	430
353	350
353	351
354	350
354	431
355	352
355	356
356	355
356	357
357	356
357	358
358	357
358	359
359	360
359	361
359	290
359	358
360	359
360	362
360	363
360	364
360	366
361	432
361	433
361	434
361	364
361	359
362	360
362	363
363	360
363	368
363	362
363	369
363	367
364	360
364	361
365	290
366	360
367	370
367	363
368	363
369	363
370	371
370	367
371	370
372	296
372	293
372	373
373	372
373	1047
374	296
374	1171
375	376
376	377
376	375
377	376
377	435
378	379
379	378
379	380
380	379
380	381
380	382
380	383
381	384
381	380
382	513
382	380
383	380
383	854
384	385
384	381
385	384
385	386
386	385
386	387
386	388
387	386
387	389
388	386
388	918
389	387
389	390
389	391
390	392
390	393
390	389
391	617
391	389
391	985
392	394
392	395
392	390
393	923
393	390
394	392
394	397
395	392
395	921
396	922
396	923
396	399
397	394
397	398
398	400
398	401
398	397
398	399
399	396
399	398
400	398
401	1003
401	398
402	403
402	404
402	405
402	406
403	402
403	307
403	407
404	402
404	939
405	402
405	410
406	402
406	1013
407	403
408	409
408	410
408	310
409	408
409	322
409	411
409	412
409	413
410	654
410	655
410	656
410	307
410	405
410	438
410	408
411	409
411	676
412	409
412	677
412	678
412	655
413	409
413	319
414	416
414	417
414	418
414	323
414	420
414	332
414	419
414	324
415	323
415	1101
416	421
416	414
416	422
417	738
417	414
418	741
418	414
419	930
419	708
419	414
420	931
420	414
421	416
421	424
421	423
422	416
422	790
422	742
422	943
423	425
423	421
424	421
425	336
425	426
425	351
425	423
426	425
426	790
427	1142
427	349
428	791
428	790
428	351
429	800
429	801
429	799
429	430
429	351
430	353
430	429
431	432
431	354
432	361
432	431
433	480
433	361
433	481
434	361
434	801
435	377
435	436
436	435
437	438
437	439
438	440
438	441
438	410
438	437
438	442
439	437
439	925
440	442
440	443
440	444
440	445
440	438
441	483
441	438
441	635
441	925
441	926
441	927
442	440
442	940
442	438
442	1007
443	440
443	446
444	440
444	490
444	507
444	654
445	440
445	941
446	443
446	447
447	448
447	446
448	447
449	450
449	451
449	452
450	449
450	453
451	449
451	683
452	449
452	685
453	450
453	454
454	456
454	457
454	453
454	455
455	458
455	454
456	683
456	454
456	747
457	1026
457	1027
457	454
458	459
458	460
458	455
459	458
459	461
459	462
459	463
459	464
459	465
460	458
460	758
461	466
461	459
462	753
462	459
462	756
463	760
463	761
463	459
463	757
463	759
464	459
464	791
465	753
465	754
465	459
465	791
466	467
466	468
466	461
467	466
467	469
467	470
468	472
468	466
469	472
469	473
469	467
469	471
470	467
470	947
471	474
471	475
471	476
471	469
472	760
472	468
472	469
473	469
474	477
474	471
475	760
475	950
475	471
476	471
477	474
477	478
478	477
478	479
479	480
479	478
480	433
480	479
481	433
481	814
481	815
482	483
482	484
482	485
482	486
482	487
483	488
483	441
483	482
484	482
484	502
484	503
484	504
484	505
484	506
484	507
484	508
484	509
484	510
485	513
485	482
486	482
486	635
487	482
487	1003
488	489
488	483
489	488
489	491
489	492
489	493
489	494
489	495
490	444
491	496
491	489
491	498
491	497
492	512
492	489
492	511
493	489
493	514
493	515
493	503
494	489
494	682
494	684
494	495
495	489
495	685
495	494
496	491
497	1025
497	491
497	1028
497	949
497	715
498	491
498	971
499	500
499	501
500	499
501	794
501	499
502	484
502	511
503	484
503	493
504	484
505	512
505	484
505	518
505	519
506	538
506	484
507	444
507	484
508	484
508	550
509	484
509	927
510	1009
510	484
511	492
511	502
512	505
512	492
513	485
513	382
514	516
514	493
515	539
515	493
516	514
516	517
517	516
518	520
518	505
518	521
519	505
519	549
520	971
520	518
521	973
521	518
522	524
522	525
523	526
524	522
524	540
524	542
525	522
525	719
526	523
526	527
527	528
527	526
528	529
528	527
529	528
529	530
529	532
530	529
530	534
531	770
532	529
532	771
533	535
534	530
534	1054
535	536
535	533
536	537
536	535
537	536
538	506
538	539
539	538
539	515
539	540
540	539
540	524
540	541
541	553
541	554
541	540
541	549
542	524
542	543
543	544
543	545
543	542
544	546
544	547
544	543
545	771
545	543
546	544
547	544
547	1056
548	549
548	550
548	551
549	552
549	548
549	541
549	519
550	508
550	548
551	562
551	659
551	548
552	549
552	1015
553	555
553	541
554	541
554	686
555	553
555	556
556	555
556	557
557	556
557	558
558	557
558	559
559	560
559	558
560	561
560	559
561	560
561	688
561	772
561	773
562	563
562	564
562	551
563	562
563	565
564	562
564	583
565	563
565	566
566	565
566	567
567	568
567	566
568	569
568	570
568	567
569	568
569	571
569	572
570	568
570	584
570	588
570	589
571	569
571	573
571	574
572	1016
572	569
573	576
573	577
573	571
573	575
574	592
574	571
575	577
575	578
575	573
576	573
576	694
577	573
577	575
578	580
578	581
578	582
578	575
580	777
580	578
581	578
581	779
581	778
582	578
582	1061
583	584
583	585
583	586
583	564
584	570
584	587
584	583
585	589
585	583
586	1012
586	583
587	584
587	1074
588	570
588	590
589	585
589	570
589	598
589	599
590	588
590	591
591	593
591	594
591	590
592	595
592	596
592	574
593	696
593	591
594	1067
594	1068
594	591
595	592
595	597
596	592
596	1060
596	780
597	595
598	600
598	589
599	589
600	601
600	602
600	603
600	598
601	600
602	600
602	699
603	600
603	701
604	605
605	604
606	607
607	608
607	606
608	609
608	607
609	608
609	610
610	609
610	611
610	612
610	613
611	610
611	614
612	610
613	610
613	852
614	611
614	615
615	616
615	617
615	614
616	849
616	615
617	391
617	615
618	619
619	618
619	620
620	619
620	621
620	622
621	641
621	620
622	620
622	829
623	624
624	625
624	626
624	623
625	624
625	627
625	628
626	624
626	1005
627	625
628	625
628	859
628	860
629	298
629	982
630	633
630	634
630	171
631	841
631	171
632	1002
632	171
633	630
633	983
634	630
634	167
635	441
635	636
635	637
635	486
636	1083
636	635
636	1084
636	1085
637	1090
637	635
638	640
638	639
639	641
639	638
640	638
641	621
641	639
642	643
643	642
643	644
644	643
645	646
646	42
646	645
647	649
647	43
647	6
648	43
649	647
650	652
650	119
651	120
651	1080
651	119
652	185
652	650
653	673
653	252
653	905
654	657
654	410
654	444
654	658
655	410
655	412
655	677
656	410
656	684
657	14
657	654
658	654
659	1010
659	1011
659	551
660	13
660	46
661	67
661	1014
661	46
662	46
662	1095
663	72
663	665
664	73
665	663
666	136
666	130
666	667
666	134
666	127
667	80
667	666
668	669
668	134
669	668
669	670
670	669
670	671
671	672
671	258
671	253
671	670
672	907
672	671
673	258
673	907
673	653
673	906
674	676
674	310
675	928
675	310
676	674
676	411
677	680
677	655
677	412
677	679
678	412
678	942
679	681
679	677
680	1092
680	677
681	682
681	679
682	681
682	683
682	494
683	456
683	682
683	451
683	711
684	656
684	494
685	713
685	714
685	452
685	495
686	554
686	687
687	688
687	686
688	689
688	690
688	561
688	687
689	688
689	690
689	691
689	692
689	693
690	688
690	689
690	1059
691	689
691	694
692	689
692	775
693	776
693	689
694	576
694	691
694	695
695	694
696	593
696	698
697	1068
697	1070
698	696
698	699
699	698
699	700
699	602
700	699
701	603
702	722
702	18
702	14
703	74
703	1019
703	1020
703	15
704	264
704	739
704	911
705	264
705	200
706	708
706	709
706	318
707	318
708	706
708	419
708	324
708	710
708	711
709	706
709	1092
710	708
710	711
711	712
711	683
711	708
711	710
712	711
713	715
713	685
714	1027
714	685
715	713
715	716
715	717
715	497
716	715
716	718
717	715
718	716
718	719
719	720
719	525
719	718
720	972
720	719
721	722
722	721
722	723
722	702
723	722
723	99
724	784
724	18
725	19
725	726
726	67
726	725
726	727
727	728
727	726
728	89
728	727
729	730
729	731
729	93
730	729
730	732
731	729
731	139
732	730
732	733
732	734
733	199
733	732
733	735
734	732
734	902
735	736
735	209
735	210
735	733
736	208
736	735
737	913
737	914
737	268
738	417
738	316
739	704
739	316
740	337
740	913
740	915
740	916
740	276
740	316
741	418
741	742
741	743
742	741
742	422
742	744
742	745
742	746
742	747
743	741
744	750
744	748
744	749
744	742
745	930
745	742
746	742
746	943
747	456
747	749
747	742
748	744
748	752
748	751
749	744
749	747
750	744
751	753
751	748
752	754
752	748
753	465
753	754
753	755
753	462
753	751
754	752
754	753
754	465
754	943
755	753
756	462
757	463
758	948
758	460
758	949
758	761
759	762
759	463
760	472
760	475
760	463
761	758
761	463
762	1127
762	759
763	764
763	765
764	763
764	766
765	795
765	763
766	768
766	769
766	764
767	973
768	770
768	766
769	1138
769	766
770	768
770	531
771	545
771	532
772	561
772	774
773	561
774	772
774	775
775	692
775	774
776	777
776	693
777	776
777	580
778	780
778	581
779	1063
779	581
779	1062
779	1061
780	778
780	596
781	25
782	830
783	25
783	858
784	724
784	22
785	22
786	49
786	103
787	103
788	335
788	279
789	274
789	917
789	335
790	426
790	428
790	422
791	464
791	792
791	465
791	428
791	793
792	944
792	791
793	791
794	795
794	501
795	794
795	765
796	830
796	31
797	832
797	31
798	107
798	109
799	802
799	429
800	946
800	947
800	429
801	434
801	429
802	803
802	799
803	802
803	804
803	805
804	803
804	806
804	807
805	816
805	817
805	818
805	803
806	808
806	804
807	817
807	804
808	809
808	806
809	808
809	810
810	809
811	812
812	811
812	227
812	287
813	290
813	1166
814	481
814	954
814	955
815	481
815	956
816	805
817	819
817	820
817	805
817	807
818	805
818	959
819	817
820	817
820	1045
821	822
822	821
822	823
823	822
825	826
825	827
825	828
826	825
826	829
827	825
828	825
829	826
829	622
830	796
830	782
831	1036
831	1034
831	1035
832	33
832	797
833	834
833	835
834	833
834	836
834	837
835	833
835	1023
835	47
836	834
837	834
837	23
838	842
838	172
839	994
839	172
840	1000
840	1001
840	172
841	172
841	631
842	843
842	838
843	842
843	844
843	166
844	843
844	876
845	166
845	847
846	866
846	166
847	848
847	845
848	849
848	847
849	848
849	616
849	850
850	849
850	851
851	850
852	613
852	853
853	852
853	854
853	855
854	853
854	383
855	853
856	857
857	856
857	858
858	857
858	783
859	628
859	861
860	628
861	859
861	862
862	44
862	861
863	1029
864	1082
864	132
865	132
866	867
866	846
867	866
867	868
868	867
868	869
869	868
869	870
870	869
870	871
871	870
872	873
873	872
873	874
874	873
874	875
874	876
875	874
875	877
876	874
876	844
877	875
878	879
879	878
881	882
882	881
883	884
883	885
884	883
885	883
885	990
886	887
887	888
887	886
888	889
888	887
889	888
890	891
891	890
891	892
892	891
892	893
893	892
893	894
894	893
894	895
895	896
895	894
896	895
897	898
898	897
898	899
899	898
899	997
900	901
901	900
902	145
902	734
903	904
904	183
904	903
905	653
905	1095
906	673
906	908
907	672
907	673
907	195
908	906
908	909
909	265
909	908
909	910
910	195
910	909
911	704
912	195
913	737
913	740
914	737
915	740
916	740
916	1030
917	276
917	789
918	388
918	919
919	920
919	918
920	921
920	919
921	920
921	395
922	924
922	396
923	393
923	924
923	396
924	922
924	923
925	441
925	939
925	940
925	439
926	441
927	441
927	509
927	1007
928	929
928	675
929	928
929	266
930	745
930	419
931	932
931	420
932	931
932	933
933	932
934	935
935	936
935	937
935	348
935	934
936	938
936	935
937	1123
937	935
938	936
939	404
939	925
939	941
940	442
940	925
941	939
941	445
942	324
942	678
943	746
943	754
943	422
944	792
945	946
946	800
946	945
947	800
947	470
948	758
949	497
949	758
950	475
950	951
951	952
951	950
952	951
953	954
954	953
954	814
955	1040
955	814
956	960
956	959
956	957
956	958
956	815
957	961
957	956
958	1048
958	956
959	818
959	956
960	956
961	962
961	957
962	961
962	963
963	962
963	964
964	963
964	965
965	964
966	967
967	968
967	966
968	969
968	967
969	968
969	970
970	969
971	520
971	498
971	972
972	720
972	971
973	521
973	767
974	975
975	974
976	977
977	976
977	978
978	977
978	979
979	978
979	980
980	979
980	981
981	1058
981	980
982	629
982	983
983	633
983	300
983	982
984	167
985	989
985	391
986	987
987	986
987	988
988	987
988	989
989	985
989	988
990	885
990	991
991	992
991	990
992	993
992	991
993	992
994	839
995	996
996	995
997	899
997	998
998	997
998	999
999	1000
999	998
1000	840
1000	999
1001	840
1001	1079
1002	632
1003	401
1003	487
1004	1005
1005	626
1005	1004
1006	248
1006	254
1007	442
1007	927
1009	1010
1009	510
1010	1009
1010	659
1011	659
1011	1012
1012	586
1012	1011
1013	304
1013	406
1014	661
1015	552
1015	1016
1016	572
1016	1015
1017	1018
1018	1017
1019	703
1020	703
1021	75
1021	1022
1022	137
1022	1021
1023	835
1024	196
1024	270
1025	497
1026	457
1027	457
1027	714
1028	497
1028	1111
1029	151
1029	863
1030	916
1031	158
1032	1033
1033	1032
1033	282
1034	1038
1034	831
1035	1147
1035	831
1036	1148
1036	1149
1036	831
1037	1039
1038	1034
1038	1150
1039	1037
1040	955
1041	1042
1042	1041
1042	1043
1043	1042
1043	1044
1044	1043
1045	820
1045	1046
1046	1045
1047	373
1048	1049
1048	958
1049	1048
1050	1051
1051	1050
1051	1052
1052	1051
1052	1053
1053	1052
1054	534
1054	1055
1055	1054
1056	1057
1056	547
1057	1056
1057	1058
1058	1057
1058	981
1059	690
1060	596
1061	779
1061	582
1062	1064
1062	779
1063	1065
1063	779
1064	1062
1065	1066
1065	1063
1066	1065
1067	594
1067	1069
1068	697
1068	594
1069	1067
1070	697
1071	1072
1072	1071
1073	1075
1074	587
1075	1073
1076	1077
1077	1076
1077	1078
1078	1077
1078	1079
1079	1001
1079	1078
1080	1081
1080	651
1081	1080
1082	864
1083	636
1083	1086
1084	636
1085	636
1085	1087
1086	1083
1087	1088
1087	1085
1088	1089
1088	1087
1089	1088
1090	637
1091	69
1092	680
1092	709
1093	1094
1094	1093
1095	905
1095	662
1096	1097
1097	1096
1098	1099
1099	1098
1100	201
1100	211
1101	325
1101	415
1102	1103
1103	1104
1103	1102
1104	1103
1105	1106
1106	1105
1106	1107
1107	1106
1107	1108
1108	1107
1109	1110
1110	1109
1110	1111
1111	1028
1111	1110
1112	1113
1113	1112
1114	23
1115	1116
1116	1115
1117	1118
1118	1117
1118	1119
1119	1120
1119	1118
1120	1121
1120	1119
1121	1120
1121	1122
1122	1121
1122	1123
1123	937
1123	1122
1123	1124
1124	1123
1125	1126
1126	1125
1127	762
1128	1129
1129	1128
1129	1130
1130	1129
1131	1132
1132	1131
1132	1133
1133	1132
1133	1134
1134	1133
1134	1135
1135	1136
1135	1134
1136	1137
1136	1135
1137	1136
1138	769
1139	51
1140	341
1141	348
1142	427
1142	1143
1143	1144
1143	1142
1144	1145
1144	1143
1145	1144
1145	1146
1146	1145
1147	1035
1148	1036
1149	1036
1150	1152
1150	1038
1150	1151
1151	1153
1151	1150
1152	1157
1152	1150
1153	1151
1154	1155
1155	1154
1156	34
1157	1152
1158	1159
1159	1158
1160	1161
1161	1160
1162	60
1163	234
1164	1165
1165	1164
1166	813
1166	1167
1167	1166
1168	1169
1169	1168
1169	1170
1170	1169
1171	374
1172	1173
1173	1172
