334	336
196	512
846	131
509	960
705	128
61	86
367	1248
333	513
1066	832
140	132
1281	9
547	421
857	97
14	513
1479	994
357	73
98	132
117	513
1566	314
1218	960
1307	272
957	1238
1208	365
701	520
1125	68
590	128
1481	156
273	9
44	65
890	514
1226	960
585	132
128	9
507	515
1042	1474
1018	971
1226	1228
43	44
533	960
234	277
172	128
1230	960
726	129
243	112
800	97
358	464
493	513
413	513
183	131
881	112
1231	960
989	146
274	131
715	464
657	132
812	130
85	43
621	195
1099	150
1057	432
495	513
1242	105
883	52
21	513
653	97
553	547
1239	73
790	256
1184	1512
1310	163
189	512
650	96
1375	976
1217	960
206	344
45	512
118	391
1019	361
970	971
1428	163
519	32
520	396
1405	164
560	163
1329	1100
353	9
534	513
687	45
717	312
712	70
389	513
1249	512
428	289
119	513
962	672
274	135
262	257
715	196
1489	229
145	1025
884	89
1308	316
1509	229
117	1027
359	464
975	770
45	516
1029	146
1203	194
850	194
588	145
527	448
691	132
799	256
188	514
562	59
784	976
130	128
1385	504
744	745
1255	512
1569	163
1261	512
794	9
117	328
383	97
1049	56
1239	87
1269	9
678	417
659	195
1371	314
1297	955
6	832
969	705
418	32
1123	73
155	138
736	272
539	128
518	21
1079	173
967	80
84	9
709	164
94	601
733	97
4	1
337	258
1205	104
1239	164
179	685
136	512
313	257
962	1186
1358	163
1153	1050
248	9
256	174
540	21
1212	960
1488	229
409	395
122	1027
599	164
19	326
939	248
769	385
167	129
254	128
760	289
93	1030
669	128
209	210
780	976
631	196
872	163
103	1026
881	108
1254	417
1047	146
1078	1079
760	396
1244	712
1438	80
179	686
35	289
1187	568
1080	194
585	73
254	258
539	257
742	76
646	960
97	128
784	314
846	645
1255	417
322	132
403	395
1087	262
61	9
173	512
711	375
1378	976
246	354
1004	164
400	395
1158	180
576	204
432	289
605	96
803	802
176	692
462	256
832	1441
725	257
1334	1081
122	391
228	132
979	432
1307	316
829	65
178	1038
109	258
52	9
803	228
1308	45
156	9
795	73
1344	73
182	512
685	51
875	176
1051	56
142	516
664	132
185	9
309	1
602	73
432	425
1011	976
657	271
259	256
1057	289
45	86
720	257
1237	195
226	224
362	1159
640	128
508	520
335	515
1108	545
183	135
1032	944
1084	771
665	146
400	396
1273	9
1270	9
774	976
428	425
735	320
610	470
1301	73
511	448
905	113
361	263
359	753
262	193
890	898
557	68
371	258
1123	149
501	960
526	547
874	101
253	256
857	132
447	424
1011	777
1341	73
1346	73
340	107
894	512
256	1065
1096	896
1124	149
1042	194
1120	105
414	409
445	305
1427	272
1482	136
188	1030
748	128
1214	960
501	417
874	78
336	513
648	164
612	128
270	9
242	195
709	135
485	936
488	291
511	419
426	32
1328	195
1496	896
833	832
909	194
1	0
415	400
825	513
1094	112
393	394
1129	507
1186	224
609	132
850	131
916	166
1382	314
430	520
1562	954
500	513
864	9
1157	128
304	288
1481	926
1318	73
793	571
82	1280
527	289
530	4
965	258
368	4
275	257
1411	56
601	128
541	365
260	64
968	960
1026	68
892	512
218	226
1047	988
1339	68
1350	73
358	9
967	68
1283	9
634	128
1270	229
582	64
1089	204
1470	105
253	257
86	128
1155	316
110	1024
1300	1298
1082	952
235	128
531	287
666	316
679	73
181	512
626	128
321	73
1400	194
402	520
171	136
939	56
195	512
1327	9
434	289
589	187
748	545
251	256
1226	373
1361	954
593	132
215	128
829	859
348	901
1132	365
816	130
1394	82
751	896
731	262
231	9
944	769
232	128
241	772
1111	316
1518	272
285	1
427	32
122	396
478	146
1048	9
960	516
612	130
428	396
510	336
549	400
1239	9
328	513
237	187
1021	1219
303	448
493	367
1006	960
594	608
798	257
42	513
650	194
964	194
1032	769
1109	68
1255	1250
223	68
479	194
513	515
261	68
355	1024
18	4
255	179
122	13
1007	73
1016	480
871	257
975	773
1094	105
1035	97
556	128
693	173
1342	73
507	534
354	128
600	97
980	134
647	57
188	7
1065	753
1029	1030
1197	499
357	194
781	314
594	45
452	425
878	42
1447	312
78	1028
41	42
1031	101
1309	316
176	9
732	129
715	806
720	258
402	395
1422	976
897	896
243	194
1286	464
1455	9
528	527
1208	1102
500	515
1373	976
654	97
293	1
748	1058
1244	1147
631	97
502	513
722	73
739	193
951	1083
715	142
641	316
410	395
584	265
93	135
220	132
182	1033
1103	367
287	1
969	68
111	135
66	9
1117	68
876	354
226	225
448	289
897	135
1081	1010
54	1110
1159	480
738	737
260	642
1179	272
1423	976
1209	1132
1029	1028
617	193
275	9
659	198
278	64
1330	89
75	512
370	545
671	193
207	386
694	257
819	130
1090	31
830	832
778	976
154	230
565	389
670	193
718	256
86	256
778	314
239	9
556	673
73	68
14	825
739	263
1036	1040
786	129
396	432
35	34
140	135
1077	426
1181	976
579	112
1042	146
550	513
913	195
1053	56
906	68
1222	960
355	257
285	164
1296	73
700	520
346	73
1167	316
799	132
424	289
297	1
358	753
119	292
312	257
892	132
766	763
264	128
1102	194
1263	1264
78	1029
1017	146
994	832
320	806
1184	9
508	759
705	134
911	575
138	107
813	769
465	258
152	135
435	32
774	776
1200	513
181	1026
129	619
742	596
1017	1046
104	256
1037	146
991	1080
209	75
976	770
1303	194
107	9
175	512
885	278
1071	312
1104	1137
102	1026
171	137
408	520
955	1298
539	171
381	146
465	375
905	127
120	1510
54	9
700	396
909	163
159	131
48	9
687	48
1085	97
922	9
230	128
20	326
344	128
12	13
271	685
1503	746
759	699
1007	316
1035	146
163	512
253	644
269	103
759	520
508	396
170	9
387	388
865	195
619	132
690	257
208	73
817	769
1310	196
110	1026
658	1026
502	396
955	951
1203	362
717	313
1075	68
661	163
669	194
196	539
175	1043
549	547
639	194
898	194
133	164
1414	355
268	9
667	195
926	136
452	426
1283	229
754	520
945	273
901	162
785	153
1271	9
1264	18
509	417
689	520
604	97
376	56
765	763
1162	73
209	45
352	132
812	810
343	337
996	103
1249	417
327	324
1293	81
388	326
580	128
1150	417
951	519
415	402
62	128
842	256
643	164
210	928
556	73
728	162
943	513
746	832
1118	73
296	1
110	1030
14	391
63	132
772	314
306	1
789	73
319	312
10	1
1326	144
1444	195
1359	78
480	691
809	112
594	158
1206	66
928	136
1106	194
273	686
71	539
207	173
31	512
598	195
1201	891
728	166
941	73
668	272
1078	475
843	73
120	391
739	75
362	142
426	34
135	512
1435	276
951	503
1396	113
330	324
232	146
73	1025
628	195
953	955
377	97
1213	960
227	9
578	132
1207	1248
549	552
565	326
934	96
1091	272
1174	68
157	135
1159	461
658	171
1073	1072
14	1068
462	257
1362	1000
676	256
1	2
551	16
270	545
327	453
277	128
498	454
899	225
210	68
293	963
1157	164
221	1240
777	776
219	132
230	132
546	16
1317	163
478	947
768	112
98	134
193	9
55	545
1075	73
305	32
945	250
484	132
367	513
330	453
1370	976
54	686
1299	1298
957	519
790	137
610	9
240	194
359	474
1340	73
6	5
472	256
850	164
1038	1396
289	1
463	132
59	692
186	131
25	26
32	289
1012	976
1325	9
327	326
621	68
830	745
732	150
561	225
942	448
1008	163
1132	1102
393	291
1011	1012
782	314
876	68
841	128
398	513
1193	832
494	963
654	50
432	429
1134	21
500	396
118	328
271	686
756	520
634	187
691	136
829	132
944	146
204	512
92	899
684	45
523	333
842	65
369	73
9	86
960	158
645	1099
562	563
956	519
68	1024
293	455
1177	228
779	976
586	73
912	559
526	421
1071	58
250	103
712	707
1067	832
94	539
1036	146
809	130
271	43
1053	163
780	314
100	128
1177	229
95	128
876	135
414	400
570	571
839	256
36	32
453	325
436	448
768	385
397	520
1100	203
13	513
165	131
576	181
819	131
671	66
954	955
63	134
1190	513
1105	336
753	9
755	289
656	256
698	73
365	519
177	512
1151	1152
96	9
452	30
978	73
996	233
446	425
154	130
1387	954
966	164
993	202
250	170
30	1
760	429
731	135
78	1030
519	194
431	32
245	258
826	513
529	122
75	9
1250	417
897	9
245	178
1354	128
683	939
1298	503
520	399
395	396
13	387
378	258
1068	326
432	400
1306	73
327	456
507	522
51	9
799	139
191	129
291	448
689	396
288	1
1144	475
228	9
82	1026
1102	519
241	773
532	1090
1297	957
249	9
228	657
345	128
336	324
847	131
228	1179
194	512
543	365
663	164
107	45
621	73
416	417
513	391
964	195
335	13
304	1
776	773
942	419
353	686
460	124
615	64
565	327
221	80
327	21
990	112
203	1033
383	187
663	132
1050	56
1014	316
859	9
404	395
111	106
391	387
1409	172
1222	417
820	204
125	138
1417	320
1243	1242
257	685
205	512
245	470
335	16
1286	9
1498	350
428	429
401	520
703	513
1142	1139
1240	160
922	923
780	181
223	229
1422	314
123	9
754	396
543	1180
296	2
1518	672
304	2
601	132
1103	368
646	417
682	195
746	163
832	163
350	992
1291	9
937	75
269	270
417	512
420	32
1440	105
1097	513
824	163
1377	976
283	1
30	305
233	262
643	107
1045	73
773	1107
565	330
175	539
835	163
388	389
921	920
689	398
410	524
14	12
1125	149
398	395
245	135
622	163
953	957
915	184
598	68
282	1
978	164
836	993
510	548
756	396
304	296
569	515
48	685
618	43
705	273
14	13
620	59
512	132
691	137
767	385
185	89
204	513
114	391
68	512
774	314
1033	129
1039	1028
102	1033
648	135
56	1024
1144	158
1034	768
545	258
401	395
365	364
476	69
1160	73
671	164
1212	417
1306	338
60	256
64	43
1449	272
404	396
843	50
400	399
825	391
906	229
783	417
35	36
366	957
1480	176
1320	194
190	1026
520	407
729	163
180	1110
348	274
271	45
203	539
523	526
1072	59
302	296
1037	1029
70	9
896	195
980	76
1098	513
56	512
243	195
1174	173
763	705
1163	136
359	358
962	1158
409	396
703	396
1333	73
1413	163
297	298
581	96
740	68
421	549
229	1110
565	455
1192	832
900	9
1531	112
534	396
184	128
1330	91
553	421
1263	18
156	685
88	257
595	219
292	1
859	132
903	1096
315	312
187	9
178	1044
214	194
432	433
951	952
71	545
528	21
75	43
739	657
775	314
860	9
1100	164
635	136
587	132
325	387
353	545
1506	674
816	811
171	471
506	513
870	80
193	686
511	394
224	132
972	194
769	130
1045	146
501	194
18	422
1279	9
50	1033
131	1033
262	9
44	278
1017	341
1109	163
1457	83
882	480
223	105
960	417
47	51
726	338
407	395
1190	1097
246	168
662	132
1320	195
444	289
664	134
1506	219
377	101
1309	164
873	173
776	1421
973	163
264	132
1362	1001
388	390
716	195
692	65
398	396
52	43
975	774
618	45
586	316
855	164
976	773
1157	73
159	135
754	399
872	158
65	9
897	202
838	68
865	164
854	228
727	80
1081	82
1041	146
1344	164
732	135
739	211
844	73
243	164
819	139
292	507
262	82
191	131
1476	94
437	422
241	135
113	129
583	132
985	57
732	146
104	258
771	314
525	513
589	164
1344	316
1470	100
854	229
643	45
142	9
772	1107
918	163
1102	1128
567	293
1379	976
1247	163
999	1000
994	1059
738	262
1072	60
954	951
1017	814
1348	73
189	514
892	135
544	545
1040	236
459	1440
321	45
663	136
1456	73
482	483
771	1059
520	413
1145	515
50	686
234	144
1447	202
1138	455
1190	1098
722	164
316	68
841	258
101	171
410	397
1254	163
243	135
501	163
50	601
973	82
958	1298
1158	316
1117	149
867	68
74	480
149	516
1038	146
913	132
612	135
94	545
1075	173
196	45
598	73
1473	632
1213	417
854	9
599	202
474	880
1267	72
273	601
56	1026
706	608
202	9
1299	1083
1385	513
543	21
575	128
1355	73
786	163
434	292
57	256
94	603
796	696
282	2
30	396
370	135
81	9
963	568
945	68
258	9
1012	776
1400	163
549	487
164	512
1080	514
879	9
978	68
1120	149
792	70
759	329
814	130
43	45
461	258
408	395
584	87
352	145
231	863
871	163
384	385
1372	976
952	1083
58	9
519	503
777	1421
1412	132
1209	365
65	539
809	163
1099	107
312	137
75	45
425	1323
385	71
1274	9
1175	234
1131	971
876	589
416	195
940	164
899	68
548	16
425	4
338	257
473	545
675	132
729	146
991	204
1107	976
669	164
482	132
166	131
354	132
599	45
538	194
287	194
954	1298
939	52
140	136
383	965
748	475
1011	773
464	9
559	229
462	132
462	134
183	139
681	68
245	9
240	195
900	906
547	551
30	397
496	132
473	91
191	135
195	516
131	45
535	34
1320	135
417	516
113	135
740	229
476	136
51	686
195	1110
856	316
1240	9
201	544
36	289
45	682
1075	45
1475	198
179	89
392	387
1254	68
168	128
445	419
891	417
1233	80
537	519
563	936
374	258
1469	712
1032	146
370	105
