1 2 1
1 3 1
1 4 1
1 5 1
1 6 1
1 7 1
1 8 1
1 29 1
1 30 1
1 31 1
1 32 1
1 33 1
1 34 1
1 35 1
1 36 1
1 37 1
1 38 1
1 39 1
1 40 1
1 41 1
1 42 1
1 43 1
1 44 1
1 45 1
1 46 1
1 47 1
1 48 1
1 49 1
1 50 1
1 51 1
1 52 1
1 53 1
1 54 1
1 55 1
1 56 1
1 57 1
1 58 1
1 59 1
1 60 1
1 61 1
1 62 1
1 63 1
1 64 1
1 65 1
1 66 1
1 67 1
1 68 1
1 69 1
1 70 1
1 71 1
1 72 1
1 73 1
1 74 1
1 75 1
1 76 1
1 77 1
1 78 1
1 79 1
1 80 1
1 81 1
1 82 1
1 83 1
1 84 1
1 85 1
1 86 1
1 87 1
1 88 1
1 89 1
1 90 1
1 91 1
1 92 1
1 93 1
1 94 1
1 95 1
1 96 1
1 97 1
1 98 1
1 99 1
1 100 1
1 101 1
1 102 1
1 103 1
1 104 1
1 105 1
1 106 1
1 107 1
1 108 1
1 109 1
1 110 1
1 111 1
1 112 1
1 113 1
1 114 1
1 115 1
1 116 1
1 117 1
1 118 1
1 119 1
1 120 1
1 121 1
1 122 1
1 123 1
1 124 1
1 125 1
1 126 1
1 127 1
1 128 1
1 129 1
1 130 1
1 131 1
1 132 1
1 133 1
1 134 1
1 135 1
1 136 1
1 137 1
1 138 1
1 139 1
1 140 1
1 141 1
1 142 1
1 143 1
1 144 1
1 145 1
1 146 1
1 147 1
1 148 1
1 149 1
1 150 1
1 151 1
1 152 1
1 153 1
1 154 1
1 155 1
1 156 1
1 157 1
1 158 1
1 159 1
1 160 1
1 161 1
1 162 1
1 163 1
1 164 1
1 165 1
1 166 1
1 167 1
1 168 1
1 169 1
1 170 1
1 171 1
1 172 1
1 173 1
1 174 1
1 175 1
1 176 1
1 177 1
1 178 1
1 179 1
1 180 1
1 181 1
1 182 1
1 183 1
1 184 1
1 185 1
1 186 1
1 187 1
1 188 1
1 189 1
1 190 1
1 191 1
1 192 1
1 193 1
1 194 1
1 195 1
1 196 1
1 197 1
1 198 1
1 199 1
1 200 1
1 201 1
1 202 1
1 203 1
1 204 1
1 205 1
1 206 1
1 207 1
1 208 1
1 209 1
1 210 1
1 211 1
1 212 1
1 213 1
1 214 1
1 215 1
1 216 1
1 217 1
1 218 1
1 219 1
1 220 1
1 221 1
1 222 1
1 223 1
1 224 1
1 225 1
1 226 1
1 227 1
1 228 1
1 229 1
1 230 1
1 231 1
1 232 1
1 233 1
1 234 1
1 235 1
1 236 1
1 237 1
1 238 1
1 239 1
1 240 1
1 241 1
1 242 1
1 243 1
1 244 1
1 245 1
1 246 1
1 247 1
1 248 1
1 249 1
1 250 1
1 251 1
1 252 1
1 253 1
1 254 1
1 255 1
1 256 1
1 257 1
1 258 1
1 259 1
1 260 1
1 261 1
1 262 1
1 263 1
1 264 1
1 265 1
1 266 1
1 267 1
1 268 1
1 269 1
1 270 1
1 271 1
1 272 1
1 273 1
1 274 1
1 275 1
1 276 1
1 277 1
1 278 1
1 279 1
1 280 1
1 281 1
1 282 1
1 283 1
1 284 1
1 285 1
1 286 1
1 287 1
1 288 1
1 289 1
1 290 1
1 291 1
1 292 1
1 293 1
1 294 1
1 295 1
1 296 1
1 297 1
1 298 1
1 299 1
1 300 1
1 301 1
1 302 1
1 303 1
1 304 1
1 305 1
1 306 1
1 307 1
1 308 1
2 1 1
2 23 1
3 1 1
3 16 1
4 1 1
4 17 1
4 19 1
5 1 1
5 17 1
6 1 1
6 17 1
7 1 1
7 8 1
7 16 1
7 23 1
8 1 1
8 7 1
8 9 1
8 10 1
8 11 1
8 12 1
8 13 1
8 14 1
8 15 1
8 16 1
8 17 1
8 18 1
8 19 1
8 20 1
8 21 1
8 309 1
8 310 1
8 311 1
8 312 1
8 313 1
8 314 1
8 315 1
8 316 1
8 317 1
8 318 1
8 319 1
8 320 1
8 321 1
8 322 1
8 323 1
8 324 1
8 325 1
8 326 1
8 327 1
8 328 1
8 329 1
8 330 1
8 331 1
8 332 1
8 333 1
8 334 1
8 335 1
8 336 1
8 337 1
8 338 1
8 339 1
8 340 1
8 341 1
8 342 1
8 343 1
8 344 1
8 345 1
8 346 1
8 347 1
8 348 1
8 349 1
8 350 1
8 351 1
8 352 1
8 353 1
8 354 1
8 355 1
8 356 1
8 357 1
8 358 1
8 359 1
8 360 1
8 361 1
8 362 1
8 363 1
8 364 1
8 365 1
8 366 1
8 367 1
8 368 1
8 369 1
8 370 1
8 371 1
8 372 1
8 373 1
8 374 1
8 375 1
8 376 1
8 377 1
8 378 1
8 379 1
8 380 1
8 381 1
8 382 1
8 383 1
8 384 1
8 385 1
8 386 1
8 387 1
8 388 1
8 389 1
8 390 1
8 391 1
8 392 1
8 393 1
8 394 1
8 395 1
8 396 1
8 397 1
8 398 1
8 399 1
8 400 1
8 401 1
8 402 1
8 403 1
8 404 1
8 405 1
8 406 1
8 407 1
8 408 1
8 409 1
8 410 1
8 411 1
8 412 1
8 413 1
8 414 1
8 415 1
8 416 1
8 417 1
8 418 1
8 419 1
8 420 1
8 421 1
8 422 1
8 423 1
8 424 1
8 425 1
8 426 1
8 427 1
8 428 1
8 429 1
8 430 1
8 431 1
8 432 1
8 433 1
8 434 1
8 435 1
8 436 1
8 437 1
8 438 1
8 439 1
8 440 1
8 441 1
8 442 1
8 443 1
8 444 1
8 445 1
8 446 1
8 447 1
8 448 1
8 449 1
8 450 1
8 451 1
8 452 1
8 453 1
8 454 1
8 455 1
8 456 1
8 457 1
8 458 1
8 459 1
8 460 1
8 461 1
8 462 1
8 463 1
8 464 1
8 465 1
8 466 1
8 467 1
8 468 1
8 469 1
8 470 1
8 471 1
8 472 1
8 473 1
8 474 1
8 475 1
8 476 1
8 477 1
8 478 1
8 479 1
8 480 1
8 481 1
8 482 1
8 483 1
8 484 1
8 485 1
8 486 1
8 487 1
8 488 1
8 489 1
8 490 1
8 491 1
8 492 1
8 493 1
8 494 1
8 495 1
8 496 1
8 497 1
8 498 1
8 499 1
8 500 1
8 501 1
8 502 1
8 503 1
8 504 1
8 505 1
8 506 1
8 507 1
8 508 1
8 509 1
8 510 1
8 511 1
8 512 1
8 513 1
8 514 1
8 515 1
8 516 1
8 517 1
8 518 1
8 519 1
8 520 1
8 521 1
8 522 1
8 523 1
8 524 1
8 525 1
8 526 1
8 527 1
8 528 1
8 529 1
8 530 1
8 531 1
8 532 1
8 533 1
8 534 1
8 535 1
8 536 1
8 537 1
8 538 1
8 539 1
8 540 1
8 541 1
8 542 1
8 543 1
8 544 1
8 545 1
8 546 1
8 547 1
8 548 1
8 549 1
8 550 1
8 551 1
8 552 1
8 553 1
8 554 1
8 555 1
8 556 1
8 557 1
8 558 1
8 559 1
8 560 1
8 561 1
8 562 1
8 563 1
8 564 1
8 565 1
8 566 1
8 567 1
8 568 1
8 569 1
8 570 1
8 571 1
8 572 1
8 573 1
8 574 1
8 575 1
8 576 1
8 577 1
8 578 1
8 579 1
8 580 1
8 581 1
8 582 1
8 583 1
8 584 1
8 585 1
8 586 1
8 587 1
8 588 1
8 589 1
8 590 1
8 591 1
8 592 1
8 593 1
8 594 1
8 595 1
8 596 1
8 597 1
8 598 1
8 599 1
8 600 1
8 601 1
8 602 1
8 603 1
8 604 1
8 605 1
8 606 1
8 607 1
8 608 1
8 609 1
8 610 1
8 611 1
8 612 1
8 613 1
8 614 1
8 615 1
8 616 1
8 617 1
8 618 1
8 619 1
8 620 1
8 621 1
8 622 1
8 623 1
8 624 1
8 625 1
8 626 1
8 627 1
8 628 1
8 629 1
8 630 1
8 631 1
8 632 1
8 633 1
8 634 1
8 635 1
8 636 1
8 637 1
8 638 1
8 639 1
8 640 1
8 641 1
8 642 1
8 643 1
8 644 1
8 645 1
8 646 1
8 647 1
8 648 1
8 649 1
8 650 1
8 651 1
8 652 1
8 653 1
8 654 1
8 655 1
8 656 1
8 657 1
8 658 1
8 659 1
8 660 1
8 661 1
8 662 1
8 663 1
8 664 1
8 665 1
8 666 1
8 667 1
8 668 1
8 669 1
8 670 1
8 671 1
8 672 1
8 673 1
8 674 1
8 675 1
8 676 1
8 677 1
8 678 1
8 679 1
8 680 1
8 681 1
8 682 1
8 683 1
8 684 1
8 685 1
8 686 1
8 687 1
8 688 1
8 689 1
8 690 1
8 691 1
8 692 1
8 693 1
8 694 1
8 695 1
8 696 1
8 697 1
8 698 1
8 699 1
8 700 1
8 701 1
8 702 1
8 703 1
8 704 1
8 705 1
8 706 1
8 707 1
8 708 1
8 709 1
8 710 1
8 711 1
8 712 1
8 713 1
8 714 1
8 715 1
8 716 1
8 717 1
8 718 1
8 719 1
8 720 1
8 721 1
8 722 1
8 723 1
8 724 1
8 725 1
8 726 1
8 727 1
8 728 1
8 729 1
8 730 1
8 731 1
8 732 1
8 733 1
8 734 1
8 735 1
8 736 1
8 737 1
8 738 1
8 739 1
8 740 1
8 741 1
8 742 1
8 743 1
8 744 1
8 745 1
8 746 1
8 747 1
8 748 1
8 749 1
8 750 1
8 751 1
8 752 1
8 753 1
8 754 1
8 755 1
8 756 1
8 757 1
8 758 1
8 759 1
8 760 1
8 761 1
8 762 1
8 763 1
8 764 1
8 765 1
8 766 1
8 767 1
8 768 1
8 769 1
8 770 1
8 771 1
8 772 1
8 773 1
8 774 1
9 8 1
9 24 1
10 8 1
10 16 1
11 8 1
11 16 1
12 8 1
12 16 1
13 8 1
13 16 1
14 8 1
14 16 1
15 8 1
15 16 1
16 3 1
16 7 1
16 8 1
16 10 1
16 11 1
16 12 1
16 13 1
16 14 1
16 15 1
16 22 1
16 636 1
16 651 1
16 771 1
16 775 1
16 776 1
16 777 1
16 778 1
16 779 1
16 780 1
16 781 1
16 782 1
16 783 1
16 784 1
16 785 1
16 786 1
16 787 1
16 788 1
16 789 1
16 790 1
16 791 1
16 792 1
16 793 1
16 794 1
16 795 1
16 796 1
16 797 1
16 798 1
16 799 1
16 800 1
16 801 1
16 802 1
16 803 1
16 804 1
16 805 1
16 806 1
16 807 1
16 808 1
16 809 1
16 810 1
16 811 1
16 812 1
16 813 1
16 814 1
16 815 1
16 816 1
16 817 1
16 818 1
16 819 1
16 820 1
16 821 1
16 822 1
16 823 1
16 824 1
16 825 1
16 826 1
16 827 1
16 828 1
16 829 1
16 830 1
16 831 1
16 832 1
16 833 1
16 834 1
16 835 1
16 836 1
16 837 1
16 838 1
16 839 1
16 840 1
16 841 1
16 842 1
16 843 1
16 844 1
16 845 1
16 846 1
16 847 1
16 848 1
16 849 1
16 850 1
16 851 1
16 852 1
16 853 1
16 854 1
16 855 1
16 856 1
16 857 1
16 858 1
16 859 1
16 860 1
16 861 1
16 862 1
16 863 1
16 864 1
16 865 1
16 866 1
16 867 1
16 868 1
16 869 1
16 870 1
16 871 1
16 872 1
16 873 1
16 874 1
16 875 1
16 876 1
16 877 1
16 878 1
16 879 1
16 880 1
16 881 1
16 882 1
16 883 1
16 884 1
16 885 1
16 886 1
16 887 1
16 888 1
16 889 1
16 890 1
16 891 1
16 892 1
16 893 1
16 894 1
16 895 1
16 896 1
16 897 1
16 898 1
16 899 1
16 900 1
16 901 1
16 902 1
16 903 1
16 904 1
16 905 1
16 906 1
16 907 1
16 908 1
16 909 1
16 910 1
16 911 1
16 912 1
16 913 1
16 914 1
16 915 1
16 916 1
16 917 1
16 918 1
16 919 1
16 920 1
16 921 1
16 922 1
16 923 1
16 924 1
16 925 1
16 926 1
16 927 1
16 928 1
16 929 1
16 930 1
16 931 1
16 932 1
16 933 1
16 934 1
16 935 1
16 936 1
16 937 1
16 938 1
16 939 1
16 940 1
16 941 1
16 942 1
16 943 1
16 944 1
16 945 1
16 946 1
16 947 1
16 948 1
16 949 1
16 950 1
16 951 1
16 952 1
16 953 1
16 954 1
16 955 1
16 956 1
16 957 1
16 958 1
16 959 1
16 960 1
16 961 1
16 962 1
16 963 1
16 964 1
16 965 1
16 966 1
16 967 1
16 968 1
16 969 1
16 970 1
16 971 1
16 972 1
16 973 1
16 974 1
16 975 1
16 976 1
16 977 1
16 978 1
16 979 1
16 980 1
16 981 1
16 982 1
16 983 1
16 984 1
16 985 1
16 986 1
16 987 1
16 988 1
16 989 1
16 990 1
16 991 1
16 992 1
16 993 1
16 994 1
16 995 1
16 996 1
16 997 1
16 998 1
16 999 1
16 1000 1
16 1001 1
16 1002 1
16 1003 1
16 1004 1
16 1005 1
16 1006 1
16 1007 1
16 1008 1
16 1009 1
16 1010 1
16 1011 1
16 1012 1
16 1013 1
16 1014 1
16 1015 1
16 1016 1
16 1017 1
16 1018 1
16 1019 1
16 1020 1
16 1021 1
16 1022 1
16 1023 1
16 1024 1
16 1025 1
16 1026 1
16 1027 1
16 1028 1
16 1029 1
16 1030 1
16 1031 1
16 1032 1
16 1033 1
16 1034 1
16 1035 1
16 1036 1
16 1037 1
16 1038 1
16 1039 1
16 1040 1
16 1041 1
16 1042 1
16 1043 1
16 1044 1
16 1045 1
16 1046 1
16 1047 1
16 1048 1
16 1049 1
16 1050 1
16 1051 1
16 1052 1
16 1053 1
16 1054 1
16 1055 1
16 1056 1
16 1057 1
16 1058 1
16 1059 1
16 1060 1
16 1061 1
16 1062 1
16 1063 1
16 1064 1
16 1065 1
16 1066 1
16 1067 1
16 1068 1
16 1069 1
16 1070 1
16 1071 1
16 1072 1
16 1073 1
16 1074 1
16 1075 1
16 1076 1
16 1077 1
16 1078 1
16 1079 1
16 1080 1
16 1081 1
16 1082 1
16 1083 1
16 1084 1
16 1085 1
16 1086 1
16 1087 1
16 1088 1
16 1089 1
16 1090 1
16 1091 1
16 1092 1
16 1093 1
16 1094 1
16 1095 1
16 1096 1
16 1097 1
16 1098 1
16 1099 1
16 1100 1
16 1101 1
16 1102 1
16 1103 1
16 1104 1
16 1105 1
16 1106 1
16 1107 1
16 1108 1
16 1109 1
16 1110 1
16 1111 1
16 1112 1
16 1113 1
16 1114 1
16 1115 1
16 1116 1
16 1117 1
16 1118 1
16 1119 1
16 1120 1
16 1121 1
16 1122 1
16 1123 1
16 1124 1
16 1125 1
16 1126 1
16 1127 1
16 1128 1
16 1129 1
16 1130 1
16 1131 1
16 1132 1
16 1133 1
16 1134 1
16 1135 1
16 1136 1
16 1137 1
16 1138 1
16 1139 1
16 1140 1
16 1141 1
16 1142 1
16 1143 1
16 1144 1
16 1145 1
16 1146 1
16 1147 1
16 1148 1
16 1149 1
16 1150 1
16 1151 1
16 1152 1
16 1153 1
16 1154 1
16 1155 1
16 1156 1
16 1157 1
16 1158 1
16 1159 1
16 1160 1
16 1161 1
16 1162 1
16 1163 1
16 1164 1
16 1165 1
16 1166 1
16 1167 1
16 1168 1
16 1169 1
16 1170 1
16 1171 1
16 1172 1
16 1173 1
16 1174 1
16 1175 1
16 1176 1
16 1177 1
16 1178 1
16 1179 1
16 1180 1
16 1181 1
16 1182 1
16 1183 1
16 1184 1
16 1185 1
16 1186 1
16 1187 1
16 1188 1
16 1189 1
16 1190 1
16 1191 1
16 1192 1
16 1193 1
16 1194 1
16 1195 1
16 1196 1
16 1197 1
16 1198 1
16 1199 1
16 1200 1
16 1201 1
16 1202 1
16 1203 1
16 1204 1
16 1205 1
16 1206 1
16 1207 1
16 1208 1
16 1209 1
16 1210 1
16 1211 1
16 1212 1
16 1213 1
16 1214 1
16 1215 1
16 1216 1
16 1217 1
16 1218 1
16 1219 1
16 1220 1
16 1221 1
16 1222 1
16 1223 1
16 1224 1
16 1225 1
16 1226 1
16 1227 1
16 1228 1
16 1229 1
16 1230 1
16 1231 1
16 1232 1
16 1233 1
16 1234 1
16 1235 1
16 1236 1
16 1237 1
16 1238 1
16 1239 1
16 1240 1
16 1241 1
16 1242 1
16 1243 1
16 1244 1
16 1245 1
16 1246 1
16 1247 1
16 1248 1
16 1249 1
16 1250 1
16 1251 1
16 1252 1
16 1253 1
16 1254 1
16 1255 1
16 1256 1
16 1257 1
16 1258 1
16 1259 1
16 1260 1
16 1261 1
16 1262 1
16 1263 1
16 1264 1
16 1265 1
16 1266 1
16 1267 1
16 1268 1
16 1269 1
16 1270 1
16 1271 1
16 1272 1
16 1273 1
16 1274 1
16 1275 1
16 1276 1
16 1277 1
16 1278 1
16 1279 1
16 1280 1
16 1281 1
16 1282 1
16 1283 1
16 1284 1
16 1285 1
16 1286 1
16 1287 1
16 1288 1
16 1289 1
16 1290 1
16 1291 1
16 1292 1
16 1293 1
16 1294 1
16 1295 1
16 1296 1
16 1297 1
16 1298 1
16 1299 1
16 1300 1
16 1301 1
16 1302 1
16 1303 1
16 1304 1
16 1305 1
16 1306 1
16 1307 1
16 1308 1
16 1309 1
16 1310 1
16 1311 1
16 1312 1
16 1313 1
16 1314 1
16 1315 1
16 1316 1
16 1317 1
16 1318 1
16 1319 1
16 1320 1
16 1321 1
16 1322 1
16 1323 1
16 1324 1
16 1325 1
16 1326 1
16 1327 1
16 1328 1
16 1329 1
16 1330 1
16 1331 1
16 1332 1
16 1333 1
16 1334 1
16 1335 1
16 1336 1
16 1337 1
16 1338 1
16 1339 1
16 1340 1
16 1341 1
16 1342 1
16 1343 1
16 1344 1
16 1345 1
16 1346 1
16 1347 1
16 1348 1
16 1349 1
16 1350 1
16 1351 1
16 1352 1
16 1353 1
16 1354 1
16 1355 1
16 1356 1
16 1357 1
16 1358 1
16 1359 1
16 1360 1
16 1361 1
16 1362 1
16 1363 1
16 1364 1
16 1365 1
16 1366 1
16 1367 1
16 1368 1
16 1369 1
16 1370 1
16 1371 1
16 1372 1
16 1373 1
16 1374 1
16 1375 1
16 1376 1
16 1377 1
16 1378 1
16 1379 1
16 1380 1
16 1381 1
16 1382 1
16 1383 1
16 1384 1
16 1385 1
16 1386 1
16 1387 1
16 1388 1
16 1389 1
16 1390 1
16 1391 1
16 1392 1
16 1393 1
16 1394 1
16 1395 1
16 1396 1
16 1397 1
16 1398 1
16 1399 1
16 1400 1
16 1401 1
16 1402 1
16 1403 1
16 1404 1
16 1405 1
16 1406 1
16 1407 1
16 1408 1
16 1409 1
16 1410 1
16 1411 1
16 1412 1
16 1413 1
16 1414 1
16 1415 1
16 1416 1
16 1417 1
16 1418 1
16 1419 1
16 1420 1
16 1421 1
16 1422 1
16 1423 1
16 1424 1
16 1425 1
16 1426 1
16 1427 1
16 1428 1
16 1429 1
16 1430 1
16 1431 1
16 1432 1
16 1433 1
16 1434 1
16 1435 1
16 1436 1
16 1437 1
16 1438 1
16 1439 1
16 1440 1
16 1441 1
16 1442 1
16 1443 1
16 1444 1
16 1445 1
16 1446 1
16 1447 1
16 1448 1
16 1449 1
16 1450 1
16 1451 1
16 1452 1
16 1453 1
16 1454 1
16 1455 1
16 1456 1
16 1457 1
16 1458 1
16 1459 1
16 1460 1
16 1461 1
16 1462 1
16 1463 1
16 1464 1
16 1465 1
16 1466 1
16 1467 1
16 1468 1
16 1469 1
16 1470 1
16 1471 1
16 1472 1
16 1473 1
16 1474 1
16 1475 1
16 1476 1
16 1477 1
16 1478 1
16 1479 1
16 1480 1
16 1481 1
16 1482 1
16 1483 1
16 1484 1
16 1485 1
16 1486 1
16 1487 1
16 1488 1
16 1489 1
16 1490 1
16 1491 1
16 1492 1
16 1493 1
16 1494 1
16 1495 1
16 1496 1
16 1497 1
16 1498 1
16 1499 1
16 1500 1
16 1501 1
16 1502 1
16 1503 1
16 1504 1
16 1505 1
16 1506 1
16 1507 1
16 1508 1
16 1509 1
16 1510 1
16 1511 1
16 1512 1
16 1513 1
16 1514 1
16 1515 1
16 1516 1
16 1517 1
16 1518 1
16 1519 1
16 1520 1
16 1521 1
16 1522 1
16 1523 1
16 1524 1
16 1525 1
16 1526 1
16 1527 1
16 1528 1
16 1529 1
16 1530 1
17 4 1
17 5 1
17 6 1
17 8 1
17 18 1
17 19 1
17 20 1
17 21 1
17 722 1
17 723 1
17 724 1
17 725 1
17 726 1
17 727 1
17 1531 1
17 1532 1
17 1533 1
17 1534 1
17 1535 1
17 1536 1
17 1537 1
17 1538 1
17 1539 1
17 1540 1
17 1541 1
17 1542 1
17 1543 1
17 1544 1
17 1545 1
17 1546 1
17 1547 1
17 1548 1
17 1549 1
17 1550 1
17 1551 1
17 1552 1
17 1553 1
17 1554 1
17 1555 1
17 1556 1
17 1557 1
17 1558 1
17 1559 1
17 1560 1
17 1561 1
17 1562 1
17 1563 1
17 1564 1
17 1565 1
17 1566 1
17 1567 1
17 1568 1
17 1569 1
17 1570 1
17 1571 1
17 1572 1
17 1573 1
17 1574 1
17 1575 1
17 1576 1
17 1577 1
17 1578 1
17 1579 1
17 1580 1
17 1581 1
17 1582 1
17 1583 1
17 1584 1
17 1585 1
17 1586 1
17 1587 1
17 1588 1
17 1589 1
17 1590 1
17 1591 1
17 1592 1
17 1593 1
17 1594 1
17 1595 1
17 1596 1
17 1597 1
17 1598 1
17 1599 1
17 1600 1
17 1601 1
17 1602 1
17 1603 1
17 1604 1
17 1605 1
17 1606 1
17 1607 1
17 1608 1
17 1609 1
17 1610 1
17 1611 1
17 1612 1
17 1613 1
17 1614 1
17 1615 1
17 1616 1
17 1617 1
17 1618 1
17 1619 1
17 1620 1
17 1621 1
17 1622 1
17 1623 1
17 1624 1
17 1625 1
17 1626 1
17 1627 1
17 1628 1
17 1629 1
17 1630 1
17 1631 1
17 1632 1
17 1633 1
17 1634 1
17 1635 1
17 1636 1
17 1637 1
17 1638 1
17 1639 1
17 1640 1
17 1641 1
17 1642 1
17 1643 1
17 1644 1
17 1645 1
17 1646 1
17 1647 1
17 1648 1
17 1649 1
17 1650 1
17 1651 1
17 1652 1
17 1653 1
17 1654 1
17 1655 1
17 1656 1
17 1657 1
17 1658 1
17 1659 1
17 1660 1
17 1661 1
17 1662 1
17 1663 1
17 1664 1
17 1665 1
17 1666 1
17 1667 1
17 1668 1
17 1669 1
17 1670 1
17 1671 1
17 1672 1
17 1673 1
17 1674 1
17 1675 1
17 1676 1
17 1677 1
17 1678 1
17 1679 1
17 1680 1
17 1681 1
17 1682 1
17 1683 1
17 1684 1
17 1685 1
17 1686 1
17 1687 1
17 1688 1
17 1689 1
17 1690 1
17 1691 1
17 1692 1
17 1693 1
17 1694 1
17 1695 1
17 1696 1
17 1697 1
17 1698 1
17 1699 1
17 1700 1
17 1701 1
17 1702 1
17 1703 1
17 1704 1
17 1705 1
17 1706 1
17 1707 1
17 1708 1
17 1709 1
17 1710 1
17 1711 1
17 1712 1
17 1713 1
17 1714 1
17 1715 1
17 1716 1
17 1717 1
17 1718 1
17 1719 1
17 1720 1
17 1721 1
17 1722 1
17 1723 1
17 1724 1
17 1725 1
17 1726 1
17 1727 1
17 1728 1
17 1729 1
17 1730 1
17 1731 1
17 1732 1
17 1733 1
17 1734 1
17 1735 1
17 1736 1
17 1737 1
18 8 1
18 17 1
18 19 1
19 4 1
19 8 1
19 17 1
19 18 1
19 20 1
19 21 1
19 727 1
19 728 1
19 729 1
19 1550 1
19 1553 1
19 1554 1
19 1556 1
19 1558 1
19 1568 1
19 1571 1
19 1572 1
19 1577 1
19 1588 1
19 1596 1
19 1597 1
19 1601 1
19 1604 1
19 1607 1
19 1609 1
19 1611 1
19 1633 1
19 1636 1
19 1646 1
19 1654 1
19 1663 1
19 1667 1
19 1671 1
19 1677 1
19 1684 1
19 1685 1
19 1686 1
19 1694 1
19 1711 1
19 1713 1
19 1720 1
19 1723 1
19 1725 1
19 1726 1
19 1728 1
19 1732 1
19 1738 1
19 1739 1
19 1740 1
19 1741 1
19 1742 1
19 1743 1
19 1744 1
19 1745 1
19 1746 1
19 1747 1
19 1748 1
19 1749 1
19 1750 1
19 1751 1
19 1752 1
19 1753 1
19 1754 1
19 1755 1
19 1756 1
19 1757 1
19 1758 1
19 1759 1
19 1760 1
19 1761 1
19 1762 1
19 1763 1
19 1764 1
19 1765 1
19 1766 1
19 1767 1
19 1768 1
19 1769 1
19 1770 1
19 1771 1
19 1772 1
19 1773 1
19 1774 1
19 1775 1
19 1776 1
19 1777 1
19 1778 1
19 1779 1
19 1780 1
19 1781 1
19 1782 1
19 1783 1
19 1784 1
19 1785 1
19 1786 1
19 1787 1
19 1788 1
19 1789 1
19 1790 1
19 1791 1
19 1792 1
19 1793 1
19 1794 1
19 1795 1
19 1796 1
19 1797 1
19 1798 1
19 1799 1
19 1800 1
19 1801 1
19 1802 1
19 1803 1
19 1804 1
19 1805 1
19 1806 1
19 1807 1
19 1808 1
19 1809 1
19 1810 1
19 1811 1
19 1812 1
19 1813 1
19 1814 1
19 1815 1
19 1816 1
19 1817 1
19 1818 1
19 1819 1
19 1820 1
19 1821 1
19 1822 1
19 1823 1
19 1824 1
19 1825 1
19 1826 1
19 1827 1
19 1828 1
19 1829 1
19 1830 1
20 8 1
20 17 1
20 19 1
20 23 1
21 8 1
21 17 1
21 19 1
21 23 1
22 16 1
22 28 1
23 2 1
23 7 1
23 20 1
23 21 1
23 1831 1
23 1832 1
23 1833 1
23 1834 1
23 1835 1
23 1836 1
23 1837 1
23 1838 1
23 1839 1
23 1840 1
23 1841 1
23 1842 1
23 1843 1
23 1844 1
23 1845 1
23 1846 1
23 1847 1
23 1848 1
23 1849 1
23 1850 1
23 1851 1
23 1852 1
23 1853 1
23 1854 1
23 1855 1
23 1856 1
23 1857 1
23 1858 1
23 1859 1
23 1860 1
23 1861 1
23 1862 1
23 1863 1
23 1864 1
23 1865 1
23 1866 1
23 1867 1
23 1868 1
23 1869 1
23 1870 1
23 1871 1
23 1872 1
23 1873 1
23 1874 1
23 1875 1
23 1876 1
23 1877 1
23 1878 1
23 1879 1
23 1880 1
23 1881 1
23 1882 1
23 1883 1
23 1884 1
23 1885 1
23 1886 1
23 1887 1
23 1888 1
23 1889 1
23 1890 1
23 1891 1
23 1892 1
23 1893 1
23 1894 1
23 1895 1
23 1896 1
23 1897 1
23 1898 1
23 1899 1
23 1900 1
23 1901 1
23 1902 1
23 1903 1
23 1904 1
23 1905 1
23 1906 1
23 1907 1
23 1908 1
23 1909 1
23 1910 1
23 1911 1
23 1912 1
23 1913 1
23 1914 1
23 1915 1
23 1916 1
23 1917 1
23 1918 1
23 1919 1
23 1920 1
23 1921 1
23 1922 1
23 1923 1
23 1924 1
23 1925 1
23 1926 1
23 1927 1
23 1928 1
23 1929 1
23 1930 1
23 1931 1
23 1932 1
23 1933 1
23 1934 1
23 1935 1
23 1936 1
23 1937 1
23 1938 1
23 1939 1
23 1940 1
23 1941 1
23 1942 1
23 1943 1
23 1944 1
23 1945 1
23 1946 1
23 1947 1
23 1948 1
23 1949 1
23 1950 1
23 1951 1
23 1952 1
23 1953 1
23 1954 1
23 1955 1
23 1956 1
23 1957 1
23 1958 1
23 1959 1
23 1960 1
23 1961 1
23 1962 1
23 1963 1
23 1964 1
23 1965 1
23 1966 1
23 1967 1
23 1968 1
23 1969 1
23 1970 1
23 1971 1
23 1972 1
23 1973 1
23 1974 1
23 1975 1
23 1976 1
23 1977 1
23 1978 1
23 1979 1
23 1980 1
23 1981 1
23 1982 1
23 1983 1
23 1984 1
23 1985 1
23 1986 1
23 1987 1
23 1988 1
23 1989 1
23 1990 1
23 1991 1
23 1992 1
23 1993 1
23 1994 1
23 1995 1
23 1996 1
23 1997 1
23 1998 1
23 1999 1
23 2000 1
23 2001 1
23 2002 1
23 2003 1
23 2004 1
23 2005 1
23 2006 1
23 2007 1
23 2008 1
23 2009 1
23 2010 1
23 2011 1
23 2012 1
23 2013 1
23 2014 1
23 2015 1
23 2016 1
23 2017 1
23 2018 1
23 2019 1
23 2020 1
23 2021 1
23 2022 1
23 2023 1
23 2024 1
23 2025 1
23 2026 1
23 2027 1
23 2028 1
23 2029 1
23 2030 1
23 2031 1
23 2032 1
23 2033 1
23 2034 1
23 2035 1
23 2036 1
23 2037 1
23 2038 1
23 2039 1
23 2040 1
23 2041 1
23 2042 1
23 2043 1
23 2044 1
23 2045 1
23 2046 1
23 2047 1
23 2048 1
23 2049 1
23 2050 1
23 2051 1
23 2052 1
23 2053 1
23 2054 1
23 2055 1
23 2056 1
23 2057 1
23 2058 1
23 2059 1
23 2060 1
23 2061 1
23 2062 1
23 2063 1
23 2064 1
23 2065 1
23 2066 1
23 2067 1
23 2068 1
23 2069 1
23 2070 1
23 2071 1
23 2072 1
23 2073 1
23 2074 1
23 2075 1
23 2076 1
23 2077 1
23 2078 1
23 2079 1
23 2080 1
23 2081 1
23 2082 1
23 2083 1
23 2084 1
23 2085 1
23 2086 1
23 2087 1
23 2088 1
23 2089 1
23 2090 1
23 2091 1
23 2092 1
23 2093 1
23 2094 1
23 2095 1
23 2096 1
23 2097 1
23 2098 1
23 2099 1
23 2100 1
23 2101 1
23 2102 1
23 2103 1
23 2104 1
23 2105 1
23 2106 1
23 2107 1
23 2108 1
23 2109 1
23 2110 1
23 2111 1
23 2112 1
23 2113 1
23 2114 1
23 2115 1
23 2116 1
23 2117 1
23 2118 1
23 2119 1
23 2120 1
23 2121 1
23 2122 1
23 2123 1
23 2124 1
23 2125 1
23 2126 1
23 2127 1
23 2128 1
23 2129 1
23 2130 1
23 2131 1
23 2132 1
23 2133 1
23 2134 1
23 2135 1
23 2136 1
23 2137 1
23 2138 1
23 2139 1
23 2140 1
23 2141 1
23 2142 1
23 2143 1
23 2144 1
23 2145 1
23 2146 1
23 2147 1
23 2148 1
23 2149 1
23 2150 1
23 2151 1
23 2152 1
23 2153 1
23 2154 1
23 2155 1
23 2156 1
23 2157 1
23 2158 1
23 2159 1
23 2160 1
23 2161 1
23 2162 1
23 2163 1
23 2164 1
23 2165 1
23 2166 1
23 2167 1
23 2168 1
23 2169 1
23 2170 1
23 2171 1
23 2172 1
23 2173 1
23 2174 1
23 2175 1
23 2176 1
23 2177 1
23 2178 1
23 2179 1
23 2180 1
23 2181 1
23 2182 1
23 2183 1
23 2184 1
23 2185 1
23 2186 1
23 2187 1
23 2188 1
23 2189 1
23 2190 1
23 2191 1
23 2192 1
23 2193 1
23 2194 1
23 2195 1
23 2196 1
23 2197 1
23 2198 1
23 2199 1
23 2200 1
23 2201 1
23 2202 1
23 2203 1
23 2204 1
23 2205 1
23 2206 1
23 2207 1
23 2208 1
23 2209 1
23 2210 1
23 2211 1
23 2212 1
23 2213 1
23 2214 1
23 2215 1
23 2216 1
23 2217 1
23 2218 1
23 2219 1
23 2220 1
23 2221 1
23 2222 1
23 2223 1
23 2224 1
23 2225 1
23 2226 1
23 2227 1
23 2228 1
23 2229 1
23 2230 1
23 2231 1
23 2232 1
23 2233 1
23 2234 1
23 2235 1
23 2236 1
23 2237 1
23 2238 1
23 2239 1
23 2240 1
23 2241 1
23 2242 1
23 2243 1
23 2244 1
23 2245 1
23 2246 1
23 2247 1
23 2248 1
23 2249 1
23 2250 1
23 2251 1
23 2252 1
23 2253 1
23 2254 1
23 2255 1
23 2256 1
23 2257 1
23 2258 1
23 2259 1
23 2260 1
23 2261 1
23 2262 1
23 2263 1
23 2264 1
23 2265 1
23 2266 1
23 2267 1
23 2268 1
23 2269 1
23 2270 1
23 2271 1
23 2272 1
23 2273 1
23 2274 1
23 2275 1
23 2276 1
23 2277 1
23 2278 1
23 2279 1
23 2280 1
23 2281 1
23 2282 1
23 2283 1
23 2284 1
23 2285 1
23 2286 1
23 2287 1
23 2288 1
23 2289 1
23 2290 1
23 2291 1
23 2292 1
23 2293 1
23 2294 1
23 2295 1
23 2296 1
23 2297 1
23 2298 1
23 2299 1
23 2300 1
23 2301 1
23 2302 1
23 2303 1
23 2304 1
23 2305 1
23 2306 1
23 2307 1
23 2308 1
23 2309 1
23 2310 1
23 2311 1
23 2312 1
23 2313 1
23 2314 1
23 2315 1
23 2316 1
23 2317 1
23 2318 1
23 2319 1
23 2320 1
23 2321 1
23 2322 1
23 2323 1
23 2324 1
23 2325 1
23 2326 1
23 2327 1
23 2328 1
23 2329 1
23 2330 1
23 2331 1
23 2332 1
23 2333 1
23 2334 1
23 2335 1
23 2336 1
23 2337 1
23 2338 1
23 2339 1
23 2340 1
23 2341 1
23 2342 1
23 2343 1
23 2344 1
23 2345 1
23 2346 1
23 2347 1
23 2348 1
23 2349 1
23 2350 1
23 2351 1
23 2352 1
23 2353 1
23 2354 1
23 2355 1
23 2356 1
23 2357 1
23 2358 1
23 2359 1
23 2360 1
23 2361 1
23 2362 1
23 2363 1
23 2364 1
23 2365 1
23 2366 1
23 2367 1
23 2368 1
23 2369 1
23 2370 1
23 2371 1
23 2372 1
23 2373 1
23 2374 1
23 2375 1
23 2376 1
23 2377 1
23 2378 1
23 2379 1
23 2380 1
23 2381 1
23 2382 1
23 2383 1
23 2384 1
23 2385 1
23 2386 1
23 2387 1
23 2388 1
23 2389 1
23 2390 1
23 2391 1
23 2392 1
23 2393 1
23 2394 1
23 2395 1
23 2396 1
23 2397 1
23 2398 1
23 2399 1
23 2400 1
23 2401 1
23 2402 1
23 2403 1
23 2404 1
23 2405 1
23 2406 1
23 2407 1
23 2408 1
23 2409 1
23 2410 1
23 2411 1
23 2412 1
23 2413 1
23 2414 1
23 2415 1
23 2416 1
23 2417 1
23 2418 1
23 2419 1
23 2420 1
23 2421 1
23 2422 1
23 2423 1
23 2424 1
23 2425 1
23 2426 1
23 2427 1
23 2428 1
23 2429 1
23 2430 1
23 2431 1
23 2432 1
23 2433 1
23 2434 1
23 2435 1
23 2436 1
23 2437 1
23 2438 1
23 2439 1
23 2440 1
23 2441 1
23 2442 1
23 2443 1
23 2444 1
23 2445 1
23 2446 1
23 2447 1
23 2448 1
23 2449 1
23 2450 1
23 2451 1
23 2452 1
23 2453 1
23 2454 1
23 2455 1
23 2456 1
23 2457 1
23 2458 1
23 2459 1
23 2460 1
23 2461 1
23 2462 1
23 2463 1
23 2464 1
23 2465 1
23 2466 1
23 2467 1
23 2468 1
23 2469 1
23 2470 1
23 2471 1
23 2472 1
23 2473 1
23 2474 1
23 2475 1
23 2476 1
23 2477 1
23 2478 1
23 2479 1
23 2480 1
23 2481 1
23 2482 1
23 2483 1
23 2484 1
23 2485 1
23 2486 1
23 2487 1
23 2488 1
23 2489 1
23 2490 1
23 2491 1
23 2492 1
23 2493 1
23 2494 1
23 2495 1
23 2496 1
23 2497 1
23 2498 1
23 2499 1
23 2500 1
23 2501 1
23 2502 1
23 2503 1
23 2504 1
23 2505 1
23 2506 1
23 2507 1
23 2508 1
23 2509 1
23 2510 1
23 2511 1
23 2512 1
23 2513 1
23 2514 1
23 2515 1
23 2516 1
23 2517 1
23 2518 1
23 2519 1
23 2520 1
23 2521 1
23 2522 1
23 2523 1
23 2524 1
23 2525 1
23 2526 1
23 2527 1
23 2528 1
23 2529 1
23 2530 1
23 2531 1
23 2532 1
23 2533 1
23 2534 1
23 2535 1
23 2536 1
24 9 1
24 2537 1
24 2538 1
24 2539 1
24 2540 1
24 2541 1
24 2542 1
24 2543 1
24 2544 1
24 2545 1
24 2546 1
24 2547 1
24 2548 1
24 2549 1
24 2550 1
24 2551 1
24 2552 1
24 2553 1
24 2554 1
24 2555 1
24 2556 1
24 2557 1
24 2558 1
24 2559 1
24 2560 1
24 2561 1
24 2562 1
24 2563 1
24 2564 1
24 2565 1
24 2566 1
24 2567 1
24 2568 1
24 2569 1
24 2570 1
24 2571 1
24 2572 1
24 2573 1
24 2574 1
24 2575 1
24 2576 1
24 2577 1
24 2578 1
24 2579 1
24 2580 1
24 2581 1
24 2582 1
24 2583 1
24 2584 1
24 2585 1
24 2586 1
24 2587 1
24 2588 1
24 2589 1
24 2590 1
24 2591 1
24 2592 1
24 2593 1
24 2594 1
24 2595 1
24 2596 1
24 2597 1
24 2598 1
24 2599 1
24 2600 1
24 2601 1
24 2602 1
24 2603 1
24 2604 1
24 2605 1
24 2606 1
24 2607 1
24 2608 1
24 2609 1
24 2610 1
24 2611 1
24 2612 1
24 2613 1
24 2614 1
24 2615 1
24 2616 1
24 2617 1
24 2618 1
24 2619 1
24 2620 1
24 2621 1
24 2622 1
24 2623 1
24 2624 1
24 2625 1
24 2626 1
24 2627 1
24 2628 1
24 2629 1
24 2630 1
24 2631 1
24 2632 1
25 1738 1
25 2633 1
25 2634 1
25 2635 1
25 2636 1
25 2637 1
25 2638 1
25 2639 1
25 2640 1
25 2641 1
25 2642 1
25 2643 1
25 2644 1
25 2645 1
25 2646 1
25 2647 1
25 2648 1
25 2649 1
25 2650 1
25 2651 1
25 2652 1
25 2653 1
25 2654 1
25 2655 1
25 2656 1
25 2657 1
25 2658 1
25 2659 1
25 2660 1
25 2661 1
25 2662 1
25 2663 1
25 2664 1
25 2665 1
25 2666 1
25 2667 1
25 2668 1
25 2669 1
25 2670 1
25 2671 1
25 2672 1
25 2673 1
25 2674 1
25 2675 1
25 2676 1
25 2677 1
25 2678 1
25 2679 1
25 2680 1
25 2681 1
25 2682 1
25 2683 1
25 2684 1
25 2685 1
25 2686 1
25 2687 1
25 2688 1
25 2689 1
26 27 1
26 28 1
26 2690 1
26 2691 1
26 2692 1
26 2693 1
26 2694 1
26 2695 1
26 2696 1
26 2697 1
26 2698 1
26 2699 1
26 2700 1
26 2701 1
26 2702 1
26 2703 1
26 2704 1
26 2705 1
26 2706 1
26 2707 1
26 2708 1
26 2709 1
26 2710 1
26 2711 1
26 2712 1
26 2713 1
26 2714 1
26 2715 1
26 2716 1
26 2717 1
26 2718 1
26 2719 1
26 2720 1
26 2721 1
26 2722 1
26 2723 1
26 2724 1
26 2725 1
26 2726 1
26 2727 1
26 2728 1
26 2729 1
26 2730 1
26 2731 1
26 2732 1
26 2733 1
26 2734 1
26 2735 1
26 2736 1
26 2737 1
26 2738 1
26 2739 1
26 2740 1
26 2741 1
26 2742 1
26 2743 1
26 2744 1
26 2745 1
26 2746 1
26 2747 1
26 2748 1
26 2749 1
26 2750 1
26 2751 1
26 2752 1
26 2753 1
26 2754 1
26 2755 1
26 2756 1
26 2757 1
26 2758 1
26 2759 1
26 2760 1
26 2761 1
26 2762 1
26 2763 1
26 2764 1
26 2765 1
26 2766 1
26 2767 1
26 2768 1
26 2769 1
26 2770 1
26 2771 1
26 2772 1
26 2773 1
26 2774 1
26 2775 1
26 2776 1
26 2777 1
26 2778 1
26 2779 1
26 2780 1
26 2781 1
26 2782 1
26 2783 1
26 2784 1
26 2785 1
26 2786 1
26 2787 1
26 2788 1
26 2789 1
26 2790 1
26 2791 1
26 2792 1
26 2793 1
26 2794 1
26 2795 1
26 2796 1
26 2797 1
26 2798 1
26 2799 1
26 2800 1
26 2801 1
26 2802 1
26 2803 1
26 2804 1
26 2805 1
26 2806 1
26 2807 1
26 2808 1
26 2809 1
26 2810 1
26 2811 1
26 2812 1
26 2813 1
26 2814 1
26 2815 1
26 2816 1
26 2817 1
26 2818 1
26 2819 1
26 2820 1
26 2821 1
26 2822 1
26 2823 1
26 2824 1
26 2825 1
26 2826 1
26 2827 1
26 2828 1
26 2829 1
26 2830 1
26 2831 1
26 2832 1
26 2833 1
26 2834 1
26 2835 1
26 2836 1
26 2837 1
26 2838 1
26 2839 1
26 2840 1
26 2841 1
26 2842 1
26 2843 1
26 2844 1
26 2845 1
26 2846 1
26 2847 1
26 2848 1
26 2849 1
26 2850 1
26 2851 1
26 2852 1
26 2853 1
26 2854 1
26 2855 1
26 2856 1
26 2857 1
27 26 1
27 28 1
28 22 1
28 26 1
28 27 1
28 2709 1
28 2714 1
28 2720 1
28 2730 1
28 2746 1
28 2748 1
28 2754 1
28 2773 1
28 2775 1
28 2777 1
28 2801 1
28 2804 1
28 2805 1
28 2806 1
28 2811 1
28 2824 1
28 2826 1
28 2829 1
28 2831 1
28 2841 1
28 2857 1
28 2858 1
28 2859 1
28 2860 1
28 2861 1
28 2862 1
28 2863 1
28 2864 1
28 2865 1
28 2866 1
28 2867 1
28 2868 1
28 2869 1
28 2870 1
28 2871 1
28 2872 1
28 2873 1
28 2874 1
28 2875 1
28 2876 1
28 2877 1
28 2878 1
28 2879 1
28 2880 1
28 2881 1
28 2882 1
28 2883 1
28 2884 1
28 2885 1
28 2886 1
28 2887 1
28 2888 1
29 1 1
30 1 1
31 1 1
32 1 1
33 1 1
34 1 1
35 1 1
36 1 1
37 1 1
38 1 1
39 1 1
40 1 1
41 1 1
42 1 1
43 1 1
44 1 1
45 1 1
46 1 1
47 1 1
48 1 1
49 1 1
50 1 1
51 1 1
52 1 1
53 1 1
54 1 1
55 1 1
56 1 1
57 1 1
58 1 1
59 1 1
60 1 1
61 1 1
62 1 1
63 1 1
64 1 1
65 1 1
66 1 1
67 1 1
68 1 1
69 1 1
70 1 1
71 1 1
72 1 1
73 1 1
74 1 1
75 1 1
76 1 1
77 1 1
78 1 1
79 1 1
80 1 1
81 1 1
82 1 1
83 1 1
84 1 1
85 1 1
86 1 1
87 1 1
88 1 1
89 1 1
90 1 1
91 1 1
92 1 1
93 1 1
94 1 1
95 1 1
96 1 1
97 1 1
98 1 1
99 1 1
100 1 1
101 1 1
102 1 1
103 1 1
104 1 1
105 1 1
106 1 1
107 1 1
108 1 1
109 1 1
110 1 1
111 1 1
112 1 1
113 1 1
114 1 1
115 1 1
116 1 1
117 1 1
118 1 1
119 1 1
120 1 1
121 1 1
122 1 1
123 1 1
124 1 1
125 1 1
126 1 1
127 1 1
128 1 1
129 1 1
130 1 1
131 1 1
132 1 1
133 1 1
134 1 1
135 1 1
136 1 1
137 1 1
138 1 1
139 1 1
140 1 1
141 1 1
142 1 1
143 1 1
144 1 1
145 1 1
146 1 1
147 1 1
148 1 1
149 1 1
150 1 1
151 1 1
152 1 1
153 1 1
154 1 1
155 1 1
156 1 1
157 1 1
158 1 1
159 1 1
160 1 1
161 1 1
162 1 1
163 1 1
164 1 1
165 1 1
166 1 1
167 1 1
168 1 1
169 1 1
170 1 1
171 1 1
172 1 1
173 1 1
174 1 1
175 1 1
176 1 1
177 1 1
178 1 1
179 1 1
180 1 1
181 1 1
182 1 1
183 1 1
184 1 1
185 1 1
186 1 1
187 1 1
188 1 1
189 1 1
190 1 1
191 1 1
192 1 1
193 1 1
194 1 1
195 1 1
196 1 1
197 1 1
198 1 1
199 1 1
200 1 1
201 1 1
202 1 1
203 1 1
204 1 1
205 1 1
206 1 1
207 1 1
208 1 1
209 1 1
210 1 1
211 1 1
212 1 1
213 1 1
214 1 1
215 1 1
216 1 1
217 1 1
218 1 1
219 1 1
220 1 1
221 1 1
222 1 1
223 1 1
224 1 1
225 1 1
226 1 1
227 1 1
228 1 1
229 1 1
230 1 1
231 1 1
232 1 1
233 1 1
234 1 1
235 1 1
236 1 1
237 1 1
238 1 1
239 1 1
240 1 1
241 1 1
242 1 1
243 1 1
244 1 1
245 1 1
246 1 1
247 1 1
248 1 1
249 1 1
250 1 1
251 1 1
252 1 1
253 1 1
254 1 1
255 1 1
256 1 1
257 1 1
258 1 1
259 1 1
260 1 1
261 1 1
262 1 1
263 1 1
264 1 1
265 1 1
266 1 1
267 1 1
268 1 1
269 1 1
270 1 1
271 1 1
272 1 1
273 1 1
274 1 1
275 1 1
276 1 1
277 1 1
278 1 1
279 1 1
280 1 1
281 1 1
282 1 1
283 1 1
284 1 1
285 1 1
286 1 1
287 1 1
288 1 1
289 1 1
290 1 1
291 1 1
292 1 1
293 1 1
294 1 1
295 1 1
296 1 1
297 1 1
298 1 1
299 1 1
300 1 1
301 1 1
302 1 1
303 1 1
304 1 1
305 1 1
306 1 1
307 1 1
308 1 1
309 8 1
310 8 1
311 8 1
312 8 1
313 8 1
314 8 1
315 8 1
316 8 1
317 8 1
318 8 1
319 8 1
320 8 1
321 8 1
322 8 1
323 8 1
324 8 1
325 8 1
326 8 1
327 8 1
328 8 1
329 8 1
330 8 1
331 8 1
332 8 1
333 8 1
334 8 1
335 8 1
336 8 1
337 8 1
338 8 1
339 8 1
340 8 1
341 8 1
342 8 1
343 8 1
344 8 1
345 8 1
346 8 1
347 8 1
348 8 1
349 8 1
350 8 1
351 8 1
352 8 1
353 8 1
354 8 1
355 8 1
356 8 1
357 8 1
358 8 1
359 8 1
360 8 1
361 8 1
362 8 1
363 8 1
364 8 1
365 8 1
366 8 1
367 8 1
368 8 1
369 8 1
370 8 1
371 8 1
372 8 1
373 8 1
374 8 1
375 8 1
376 8 1
377 8 1
378 8 1
379 8 1
380 8 1
381 8 1
382 8 1
383 8 1
384 8 1
385 8 1
386 8 1
387 8 1
388 8 1
389 8 1
390 8 1
391 8 1
392 8 1
393 8 1
394 8 1
395 8 1
396 8 1
397 8 1
398 8 1
399 8 1
400 8 1
401 8 1
402 8 1
403 8 1
404 8 1
405 8 1
406 8 1
407 8 1
408 8 1
409 8 1
410 8 1
411 8 1
412 8 1
413 8 1
414 8 1
415 8 1
416 8 1
417 8 1
418 8 1
419 8 1
420 8 1
421 8 1
422 8 1
423 8 1
424 8 1
425 8 1
426 8 1
427 8 1
428 8 1
429 8 1
430 8 1
431 8 1
432 8 1
433 8 1
434 8 1
435 8 1
436 8 1
437 8 1
438 8 1
439 8 1
440 8 1
441 8 1
442 8 1
443 8 1
444 8 1
445 8 1
446 8 1
447 8 1
448 8 1
449 8 1
450 8 1
451 8 1
452 8 1
453 8 1
454 8 1
455 8 1
456 8 1
457 8 1
458 8 1
459 8 1
460 8 1
461 8 1
462 8 1
463 8 1
464 8 1
465 8 1
466 8 1
467 8 1
468 8 1
469 8 1
470 8 1
471 8 1
472 8 1
473 8 1
474 8 1
475 8 1
476 8 1
477 8 1
478 8 1
479 8 1
480 8 1
481 8 1
482 8 1
483 8 1
484 8 1
485 8 1
486 8 1
487 8 1
488 8 1
489 8 1
490 8 1
491 8 1
492 8 1
493 8 1
494 8 1
495 8 1
496 8 1
497 8 1
498 8 1
499 8 1
500 8 1
501 8 1
502 8 1
503 8 1
504 8 1
505 8 1
506 8 1
507 8 1
508 8 1
509 8 1
510 8 1
511 8 1
512 8 1
513 8 1
514 8 1
515 8 1
516 8 1
517 8 1
518 8 1
519 8 1
520 8 1
521 8 1
522 8 1
523 8 1
524 8 1
525 8 1
526 8 1
527 8 1
528 8 1
529 8 1
530 8 1
531 8 1
532 8 1
533 8 1
534 8 1
535 8 1
536 8 1
537 8 1
538 8 1
539 8 1
540 8 1
541 8 1
542 8 1
543 8 1
544 8 1
545 8 1
546 8 1
547 8 1
548 8 1
549 8 1
550 8 1
551 8 1
552 8 1
553 8 1
554 8 1
555 8 1
556 8 1
557 8 1
558 8 1
559 8 1
560 8 1
561 8 1
562 8 1
563 8 1
564 8 1
565 8 1
566 8 1
567 8 1
568 8 1
569 8 1
570 8 1
571 8 1
572 8 1
573 8 1
574 8 1
575 8 1
576 8 1
577 8 1
578 8 1
579 8 1
580 8 1
581 8 1
582 8 1
583 8 1
584 8 1
585 8 1
586 8 1
587 8 1
588 8 1
589 8 1
590 8 1
591 8 1
592 8 1
593 8 1
594 8 1
595 8 1
596 8 1
597 8 1
598 8 1
599 8 1
600 8 1
601 8 1
602 8 1
603 8 1
604 8 1
605 8 1
606 8 1
607 8 1
608 8 1
609 8 1
610 8 1
611 8 1
612 8 1
613 8 1
614 8 1
615 8 1
616 8 1
617 8 1
618 8 1
619 8 1
620 8 1
621 8 1
622 8 1
623 8 1
624 8 1
625 8 1
626 8 1
627 8 1
628 8 1
629 8 1
630 8 1
631 8 1
632 8 1
633 8 1
634 8 1
635 8 1
636 8 1
636 16 1
637 8 1
638 8 1
639 8 1
640 8 1
641 8 1
642 8 1
643 8 1
644 8 1
645 8 1
646 8 1
647 8 1
648 8 1
649 8 1
650 8 1
651 8 1
651 16 1
652 8 1
653 8 1
654 8 1
655 8 1
656 8 1
657 8 1
658 8 1
659 8 1
660 8 1
661 8 1
662 8 1
663 8 1
664 8 1
665 8 1
666 8 1
667 8 1
668 8 1
669 8 1
670 8 1
671 8 1
672 8 1
673 8 1
674 8 1
675 8 1
676 8 1
677 8 1
678 8 1
679 8 1
680 8 1
681 8 1
682 8 1
683 8 1
684 8 1
685 8 1
686 8 1
687 8 1
688 8 1
689 8 1
690 8 1
691 8 1
692 8 1
693 8 1
694 8 1
695 8 1
696 8 1
697 8 1
698 8 1
699 8 1
700 8 1
701 8 1
702 8 1
703 8 1
704 8 1
705 8 1
706 8 1
707 8 1
708 8 1
709 8 1
710 8 1
711 8 1
712 8 1
713 8 1
714 8 1
715 8 1
716 8 1
717 8 1
718 8 1
719 8 1
720 8 1
721 8 1
722 8 1
722 17 1
723 8 1
723 17 1
724 8 1
724 17 1
725 8 1
725 17 1
726 8 1
726 17 1
727 8 1
727 17 1
727 19 1
728 8 1
728 19 1
729 8 1
729 19 1
730 8 1
731 8 1
732 8 1
733 8 1
734 8 1
735 8 1
736 8 1
737 8 1
738 8 1
739 8 1
740 8 1
741 8 1
742 8 1
743 8 1
744 8 1
745 8 1
746 8 1
747 8 1
748 8 1
749 8 1
750 8 1
751 8 1
752 8 1
753 8 1
754 8 1
755 8 1
756 8 1
757 8 1
758 8 1
759 8 1
760 8 1
761 8 1
762 8 1
763 8 1
764 8 1
765 8 1
766 8 1
767 8 1
768 8 1
769 8 1
770 8 1
771 8 1
771 16 1
772 8 1
773 8 1
774 8 1
775 16 1
776 16 1
777 16 1
778 16 1
779 16 1
780 16 1
781 16 1
782 16 1
783 16 1
784 16 1
785 16 1
786 16 1
787 16 1
788 16 1
789 16 1
790 16 1
791 16 1
792 16 1
793 16 1
794 16 1
795 16 1
796 16 1
797 16 1
798 16 1
799 16 1
800 16 1
801 16 1
802 16 1
803 16 1
804 16 1
805 16 1
806 16 1
807 16 1
808 16 1
809 16 1
810 16 1
811 16 1
812 16 1
813 16 1
814 16 1
815 16 1
816 16 1
817 16 1
818 16 1
819 16 1
820 16 1
821 16 1
822 16 1
823 16 1
824 16 1
825 16 1
826 16 1
827 16 1
828 16 1
829 16 1
830 16 1
831 16 1
832 16 1
833 16 1
834 16 1
835 16 1
836 16 1
837 16 1
838 16 1
839 16 1
840 16 1
841 16 1
842 16 1
843 16 1
844 16 1
845 16 1
846 16 1
847 16 1
848 16 1
849 16 1
850 16 1
851 16 1
852 16 1
853 16 1
854 16 1
855 16 1
856 16 1
857 16 1
858 16 1
859 16 1
860 16 1
861 16 1
862 16 1
863 16 1
864 16 1
865 16 1
866 16 1
867 16 1
868 16 1
869 16 1
870 16 1
871 16 1
872 16 1
873 16 1
874 16 1
875 16 1
876 16 1
877 16 1
878 16 1
879 16 1
880 16 1
881 16 1
882 16 1
883 16 1
884 16 1
885 16 1
886 16 1
887 16 1
888 16 1
889 16 1
890 16 1
891 16 1
892 16 1
893 16 1
894 16 1
895 16 1
896 16 1
897 16 1
898 16 1
899 16 1
900 16 1
901 16 1
902 16 1
903 16 1
904 16 1
905 16 1
906 16 1
907 16 1
908 16 1
909 16 1
910 16 1
911 16 1
912 16 1
913 16 1
914 16 1
915 16 1
916 16 1
917 16 1
918 16 1
919 16 1
920 16 1
921 16 1
922 16 1
923 16 1
924 16 1
925 16 1
926 16 1
927 16 1
928 16 1
929 16 1
930 16 1
931 16 1
932 16 1
933 16 1
934 16 1
935 16 1
936 16 1
937 16 1
938 16 1
939 16 1
940 16 1
941 16 1
942 16 1
943 16 1
944 16 1
945 16 1
946 16 1
947 16 1
948 16 1
949 16 1
950 16 1
951 16 1
952 16 1
953 16 1
954 16 1
955 16 1
956 16 1
957 16 1
958 16 1
959 16 1
960 16 1
961 16 1
962 16 1
963 16 1
964 16 1
965 16 1
966 16 1
967 16 1
968 16 1
969 16 1
970 16 1
971 16 1
972 16 1
973 16 1
974 16 1
975 16 1
976 16 1
977 16 1
978 16 1
979 16 1
980 16 1
981 16 1
982 16 1
983 16 1
984 16 1
985 16 1
986 16 1
987 16 1
988 16 1
989 16 1
990 16 1
991 16 1
992 16 1
993 16 1
994 16 1
995 16 1
996 16 1
997 16 1
998 16 1
999 16 1
1000 16 1
1001 16 1
1002 16 1
1003 16 1
1004 16 1
1005 16 1
1006 16 1
1007 16 1
1008 16 1
1009 16 1
1010 16 1
1011 16 1
1012 16 1
1013 16 1
1014 16 1
1015 16 1
1016 16 1
1017 16 1
1018 16 1
1019 16 1
1020 16 1
1021 16 1
1022 16 1
1023 16 1
1024 16 1
1025 16 1
1026 16 1
1027 16 1
1028 16 1
1029 16 1
1030 16 1
1031 16 1
1032 16 1
1033 16 1
1034 16 1
1035 16 1
1036 16 1
1037 16 1
1038 16 1
1039 16 1
1040 16 1
1041 16 1
1042 16 1
1043 16 1
1044 16 1
1045 16 1
1046 16 1
1047 16 1
1048 16 1
1049 16 1
1050 16 1
1051 16 1
1052 16 1
1053 16 1
1054 16 1
1055 16 1
1056 16 1
1057 16 1
1058 16 1
1059 16 1
1060 16 1
1061 16 1
1062 16 1
1063 16 1
1064 16 1
1065 16 1
1066 16 1
1067 16 1
1068 16 1
1069 16 1
1070 16 1
1071 16 1
1072 16 1
1073 16 1
1074 16 1
1075 16 1
1076 16 1
1077 16 1
1078 16 1
1079 16 1
1080 16 1
1081 16 1
1082 16 1
1083 16 1
1084 16 1
1085 16 1
1086 16 1
1087 16 1
1088 16 1
1089 16 1
1090 16 1
1091 16 1
1092 16 1
1093 16 1
1094 16 1
1095 16 1
1096 16 1
1097 16 1
1098 16 1
1099 16 1
1100 16 1
1101 16 1
1102 16 1
1103 16 1
1104 16 1
1105 16 1
1106 16 1
1107 16 1
1108 16 1
1109 16 1
1110 16 1
1111 16 1
1112 16 1
1113 16 1
1114 16 1
1115 16 1
1116 16 1
1117 16 1
1118 16 1
1119 16 1
1120 16 1
1121 16 1
1122 16 1
1123 16 1
1124 16 1
1125 16 1
1126 16 1
1127 16 1
1128 16 1
1129 16 1
1130 16 1
1131 16 1
1132 16 1
1133 16 1
1134 16 1
1135 16 1
1136 16 1
1137 16 1
1138 16 1
1139 16 1
1140 16 1
1141 16 1
1142 16 1
1143 16 1
1144 16 1
1145 16 1
1146 16 1
1147 16 1
1148 16 1
1149 16 1
1150 16 1
1151 16 1
1152 16 1
1153 16 1
1154 16 1
1155 16 1
1156 16 1
1157 16 1
1158 16 1
1159 16 1
1160 16 1
1161 16 1
1162 16 1
1163 16 1
1164 16 1
1165 16 1
1166 16 1
1167 16 1
1168 16 1
1169 16 1
1170 16 1
1171 16 1
1172 16 1
1173 16 1
1174 16 1
1175 16 1
1176 16 1
1177 16 1
1178 16 1
1179 16 1
1180 16 1
1181 16 1
1182 16 1
1183 16 1
1184 16 1
1185 16 1
1186 16 1
1187 16 1
1188 16 1
1189 16 1
1190 16 1
1191 16 1
1192 16 1
1193 16 1
1194 16 1
1195 16 1
1196 16 1
1197 16 1
1198 16 1
1199 16 1
1200 16 1
1201 16 1
1202 16 1
1203 16 1
1204 16 1
1205 16 1
1206 16 1
1207 16 1
1208 16 1
1209 16 1
1210 16 1
1211 16 1
1212 16 1
1213 16 1
1214 16 1
1215 16 1
1216 16 1
1217 16 1
1218 16 1
1219 16 1
1220 16 1
1221 16 1
1222 16 1
1223 16 1
1224 16 1
1225 16 1
1226 16 1
1227 16 1
1228 16 1
1229 16 1
1230 16 1
1231 16 1
1232 16 1
1233 16 1
1234 16 1
1235 16 1
1236 16 1
1237 16 1
1238 16 1
1239 16 1
1240 16 1
1241 16 1
1242 16 1
1243 16 1
1244 16 1
1245 16 1
1246 16 1
1247 16 1
1248 16 1
1249 16 1
1250 16 1
1251 16 1
1252 16 1
1253 16 1
1254 16 1
1255 16 1
1256 16 1
1257 16 1
1258 16 1
1259 16 1
1260 16 1
1261 16 1
1262 16 1
1263 16 1
1264 16 1
1265 16 1
1266 16 1
1267 16 1
1268 16 1
1269 16 1
1270 16 1
1271 16 1
1272 16 1
1273 16 1
1274 16 1
1275 16 1
1276 16 1
1277 16 1
1278 16 1
1279 16 1
1280 16 1
1281 16 1
1282 16 1
1283 16 1
1284 16 1
1285 16 1
1286 16 1
1287 16 1
1288 16 1
1289 16 1
1290 16 1
1291 16 1
1292 16 1
1293 16 1
1294 16 1
1295 16 1
1296 16 1
1297 16 1
1298 16 1
1299 16 1
1300 16 1
1301 16 1
1302 16 1
1303 16 1
1304 16 1
1305 16 1
1306 16 1
1307 16 1
1308 16 1
1309 16 1
1310 16 1
1311 16 1
1312 16 1
1313 16 1
1314 16 1
1315 16 1
1316 16 1
1317 16 1
1318 16 1
1319 16 1
1320 16 1
1321 16 1
1322 16 1
1323 16 1
1324 16 1
1325 16 1
1326 16 1
1327 16 1
1328 16 1
1329 16 1
1330 16 1
1331 16 1
1332 16 1
1333 16 1
1334 16 1
1335 16 1
1336 16 1
1337 16 1
1338 16 1
1339 16 1
1340 16 1
1341 16 1
1342 16 1
1343 16 1
1344 16 1
1345 16 1
1346 16 1
1347 16 1
1348 16 1
1349 16 1
1350 16 1
1351 16 1
1352 16 1
1353 16 1
1354 16 1
1355 16 1
1356 16 1
1357 16 1
1358 16 1
1359 16 1
1360 16 1
1361 16 1
1362 16 1
1363 16 1
1364 16 1
1365 16 1
1366 16 1
1367 16 1
1368 16 1
1369 16 1
1370 16 1
1371 16 1
1372 16 1
1373 16 1
1374 16 1
1375 16 1
1376 16 1
1377 16 1
1378 16 1
1379 16 1
1380 16 1
1381 16 1
1382 16 1
1383 16 1
1384 16 1
1385 16 1
1386 16 1
1387 16 1
1388 16 1
1389 16 1
1390 16 1
1391 16 1
1392 16 1
1393 16 1
1394 16 1
1395 16 1
1396 16 1
1397 16 1
1398 16 1
1399 16 1
1400 16 1
1401 16 1
1402 16 1
1403 16 1
1404 16 1
1405 16 1
1406 16 1
1407 16 1
1408 16 1
1409 16 1
1410 16 1
1411 16 1
1412 16 1
1413 16 1
1414 16 1
1415 16 1
1416 16 1
1417 16 1
1418 16 1
1419 16 1
1420 16 1
1421 16 1
1422 16 1
1423 16 1
1424 16 1
1425 16 1
1426 16 1
1427 16 1
1428 16 1
1429 16 1
1430 16 1
1431 16 1
1432 16 1
1433 16 1
1434 16 1
1435 16 1
1436 16 1
1437 16 1
1438 16 1
1439 16 1
1440 16 1
1441 16 1
1442 16 1
1443 16 1
1444 16 1
1445 16 1
1446 16 1
1447 16 1
1448 16 1
1449 16 1
1450 16 1
1451 16 1
1452 16 1
1453 16 1
1454 16 1
1455 16 1
1456 16 1
1457 16 1
1458 16 1
1459 16 1
1460 16 1
1461 16 1
1462 16 1
1463 16 1
1464 16 1
1465 16 1
1466 16 1
1467 16 1
1468 16 1
1469 16 1
1470 16 1
1471 16 1
1472 16 1
1473 16 1
1474 16 1
1475 16 1
1476 16 1
1477 16 1
1478 16 1
1479 16 1
1480 16 1
1481 16 1
1482 16 1
1483 16 1
1484 16 1
1485 16 1
1486 16 1
1487 16 1
1488 16 1
1489 16 1
1490 16 1
1491 16 1
1492 16 1
1493 16 1
1494 16 1
1495 16 1
1496 16 1
1497 16 1
1498 16 1
1499 16 1
1500 16 1
1501 16 1
1502 16 1
1503 16 1
1504 16 1
1505 16 1
1506 16 1
1507 16 1
1508 16 1
1509 16 1
1510 16 1
1511 16 1
1512 16 1
1513 16 1
1514 16 1
1515 16 1
1516 16 1
1517 16 1
1518 16 1
1519 16 1
1520 16 1
1521 16 1
1522 16 1
1523 16 1
1524 16 1
1525 16 1
1526 16 1
1527 16 1
1528 16 1
1529 16 1
1530 16 1
1531 17 1
1532 17 1
1533 17 1
1534 17 1
1535 17 1
1536 17 1
1537 17 1
1538 17 1
1539 17 1
1540 17 1
1541 17 1
1542 17 1
1543 17 1
1544 17 1
1545 17 1
1546 17 1
1547 17 1
1548 17 1
1549 17 1
1550 17 1
1550 19 1
1551 17 1
1552 17 1
1553 17 1
1553 19 1
1554 17 1
1554 19 1
1555 17 1
1556 17 1
1556 19 1
1557 17 1
1558 17 1
1558 19 1
1559 17 1
1560 17 1
1561 17 1
1562 17 1
1563 17 1
1564 17 1
1565 17 1
1566 17 1
1567 17 1
1568 17 1
1568 19 1
1569 17 1
1570 17 1
1571 17 1
1571 19 1
1572 17 1
1572 19 1
1573 17 1
1574 17 1
1575 17 1
1576 17 1
1577 17 1
1577 19 1
1578 17 1
1579 17 1
1580 17 1
1581 17 1
1582 17 1
1583 17 1
1584 17 1
1585 17 1
1586 17 1
1587 17 1
1588 17 1
1588 19 1
1589 17 1
1590 17 1
1591 17 1
1592 17 1
1593 17 1
1594 17 1
1595 17 1
1596 17 1
1596 19 1
1597 17 1
1597 19 1
1598 17 1
1599 17 1
1600 17 1
1601 17 1
1601 19 1
1602 17 1
1603 17 1
1604 17 1
1604 19 1
1605 17 1
1606 17 1
1607 17 1
1607 19 1
1608 17 1
1609 17 1
1609 19 1
1610 17 1
1611 17 1
1611 19 1
1612 17 1
1613 17 1
1614 17 1
1615 17 1
1616 17 1
1617 17 1
1618 17 1
1619 17 1
1620 17 1
1621 17 1
1622 17 1
1623 17 1
1624 17 1
1625 17 1
1626 17 1
1627 17 1
1628 17 1
1629 17 1
1630 17 1
1631 17 1
1632 17 1
1633 17 1
1633 19 1
1634 17 1
1635 17 1
1636 17 1
1636 19 1
1637 17 1
1638 17 1
1639 17 1
1640 17 1
1641 17 1
1642 17 1
1643 17 1
1644 17 1
1645 17 1
1646 17 1
1646 19 1
1647 17 1
1648 17 1
1649 17 1
1650 17 1
1651 17 1
1652 17 1
1653 17 1
1654 17 1
1654 19 1
1655 17 1
1656 17 1
1657 17 1
1658 17 1
1659 17 1
1660 17 1
1661 17 1
1662 17 1
1663 17 1
1663 19 1
1664 17 1
1665 17 1
1666 17 1
1667 17 1
1667 19 1
1668 17 1
1669 17 1
1670 17 1
1671 17 1
1671 19 1
1672 17 1
1673 17 1
1674 17 1
1675 17 1
1676 17 1
1677 17 1
1677 19 1
1678 17 1
1679 17 1
1680 17 1
1681 17 1
1682 17 1
1683 17 1
1684 17 1
1684 19 1
1685 17 1
1685 19 1
1686 17 1
1686 19 1
1687 17 1
1688 17 1
1689 17 1
1690 17 1
1691 17 1
1692 17 1
1693 17 1
1694 17 1
1694 19 1
1695 17 1
1696 17 1
1697 17 1
1698 17 1
1699 17 1
1700 17 1
1701 17 1
1702 17 1
1703 17 1
1704 17 1
1705 17 1
1706 17 1
1707 17 1
1708 17 1
1709 17 1
1710 17 1
1711 17 1
1711 19 1
1712 17 1
1713 17 1
1713 19 1
1714 17 1
1715 17 1
1716 17 1
1717 17 1
1718 17 1
1719 17 1
1720 17 1
1720 19 1
1721 17 1
1722 17 1
1723 17 1
1723 19 1
1724 17 1
1725 17 1
1725 19 1
1726 17 1
1726 19 1
1727 17 1
1728 17 1
1728 19 1
1729 17 1
1730 17 1
1731 17 1
1732 17 1
1732 19 1
1733 17 1
1734 17 1
1735 17 1
1736 17 1
1737 17 1
1738 19 1
1738 25 1
1739 19 1
1740 19 1
1741 19 1
1742 19 1
1743 19 1
1744 19 1
1745 19 1
1746 19 1
1747 19 1
1748 19 1
1749 19 1
1750 19 1
1751 19 1
1752 19 1
1753 19 1
1754 19 1
1755 19 1
1756 19 1
1757 19 1
1758 19 1
1759 19 1
1760 19 1
1761 19 1
1762 19 1
1763 19 1
1764 19 1
1765 19 1
1766 19 1
1767 19 1
1768 19 1
1769 19 1
1770 19 1
1771 19 1
1772 19 1
1773 19 1
1774 19 1
1775 19 1
1776 19 1
1777 19 1
1778 19 1
1779 19 1
1780 19 1
1781 19 1
1782 19 1
1783 19 1
1784 19 1
1785 19 1
1786 19 1
1787 19 1
1788 19 1
1789 19 1
1790 19 1
1791 19 1
1792 19 1
1793 19 1
1794 19 1
1795 19 1
1796 19 1
1797 19 1
1798 19 1
1799 19 1
1800 19 1
1801 19 1
1802 19 1
1803 19 1
1804 19 1
1805 19 1
1806 19 1
1807 19 1
1808 19 1
1809 19 1
1810 19 1
1811 19 1
1812 19 1
1813 19 1
1814 19 1
1815 19 1
1816 19 1
1817 19 1
1818 19 1
1819 19 1
1820 19 1
1821 19 1
1822 19 1
1823 19 1
1824 19 1
1825 19 1
1826 19 1
1827 19 1
1828 19 1
1829 19 1
1830 19 1
1831 23 1
1832 23 1
1833 23 1
1834 23 1
1835 23 1
1836 23 1
1837 23 1
1838 23 1
1839 23 1
1840 23 1
1841 23 1
1842 23 1
1843 23 1
1844 23 1
1845 23 1
1846 23 1
1847 23 1
1848 23 1
1849 23 1
1850 23 1
1851 23 1
1852 23 1
1853 23 1
1854 23 1
1855 23 1
1856 23 1
1857 23 1
1858 23 1
1859 23 1
1860 23 1
1861 23 1
1862 23 1
1863 23 1
1864 23 1
1865 23 1
1866 23 1
1867 23 1
1868 23 1
1869 23 1
1870 23 1
1871 23 1
1872 23 1
1873 23 1
1874 23 1
1875 23 1
1876 23 1
1877 23 1
1878 23 1
1879 23 1
1880 23 1
1881 23 1
1882 23 1
1883 23 1
1884 23 1
1885 23 1
1886 23 1
1887 23 1
1888 23 1
1889 23 1
1890 23 1
1891 23 1
1892 23 1
1893 23 1
1894 23 1
1895 23 1
1896 23 1
1897 23 1
1898 23 1
1899 23 1
1900 23 1
1901 23 1
1902 23 1
1903 23 1
1904 23 1
1905 23 1
1906 23 1
1907 23 1
1908 23 1
1909 23 1
1910 23 1
1911 23 1
1912 23 1
1913 23 1
1914 23 1
1915 23 1
1916 23 1
1917 23 1
1918 23 1
1919 23 1
1920 23 1
1921 23 1
1922 23 1
1923 23 1
1924 23 1
1925 23 1
1926 23 1
1927 23 1
1928 23 1
1929 23 1
1930 23 1
1931 23 1
1932 23 1
1933 23 1
1934 23 1
1935 23 1
1936 23 1
1937 23 1
1938 23 1
1939 23 1
1940 23 1
1941 23 1
1942 23 1
1943 23 1
1944 23 1
1945 23 1
1946 23 1
1947 23 1
1948 23 1
1949 23 1
1950 23 1
1951 23 1
1952 23 1
1953 23 1
1954 23 1
1955 23 1
1956 23 1
1957 23 1
1958 23 1
1959 23 1
1960 23 1
1961 23 1
1962 23 1
1963 23 1
1964 23 1
1965 23 1
1966 23 1
1967 23 1
1968 23 1
1969 23 1
1970 23 1
1971 23 1
1972 23 1
1973 23 1
1974 23 1
1975 23 1
1976 23 1
1977 23 1
1978 23 1
1979 23 1
1980 23 1
1981 23 1
1982 23 1
1983 23 1
1984 23 1
1985 23 1
1986 23 1
1987 23 1
1988 23 1
1989 23 1
1990 23 1
1991 23 1
1992 23 1
1993 23 1
1994 23 1
1995 23 1
1996 23 1
1997 23 1
1998 23 1
1999 23 1
2000 23 1
2001 23 1
2002 23 1
2003 23 1
2004 23 1
2005 23 1
2006 23 1
2007 23 1
2008 23 1
2009 23 1
2010 23 1
2011 23 1
2012 23 1
2013 23 1
2014 23 1
2015 23 1
2016 23 1
2017 23 1
2018 23 1
2019 23 1
2020 23 1
2021 23 1
2022 23 1
2023 23 1
2024 23 1
2025 23 1
2026 23 1
2027 23 1
2028 23 1
2029 23 1
2030 23 1
2031 23 1
2032 23 1
2033 23 1
2034 23 1
2035 23 1
2036 23 1
2037 23 1
2038 23 1
2039 23 1
2040 23 1
2041 23 1
2042 23 1
2043 23 1
2044 23 1
2045 23 1
2046 23 1
2047 23 1
2048 23 1
2049 23 1
2050 23 1
2051 23 1
2052 23 1
2053 23 1
2054 23 1
2055 23 1
2056 23 1
2057 23 1
2058 23 1
2059 23 1
2060 23 1
2061 23 1
2062 23 1
2063 23 1
2064 23 1
2065 23 1
2066 23 1
2067 23 1
2068 23 1
2069 23 1
2070 23 1
2071 23 1
2072 23 1
2073 23 1
2074 23 1
2075 23 1
2076 23 1
2077 23 1
2078 23 1
2079 23 1
2080 23 1
2081 23 1
2082 23 1
2083 23 1
2084 23 1
2085 23 1
2086 23 1
2087 23 1
2088 23 1
2089 23 1
2090 23 1
2091 23 1
2092 23 1
2093 23 1
2094 23 1
2095 23 1
2096 23 1
2097 23 1
2098 23 1
2099 23 1
2100 23 1
2101 23 1
2102 23 1
2103 23 1
2104 23 1
2105 23 1
2106 23 1
2107 23 1
2108 23 1
2109 23 1
2110 23 1
2111 23 1
2112 23 1
2113 23 1
2114 23 1
2115 23 1
2116 23 1
2117 23 1
2118 23 1
2119 23 1
2120 23 1
2121 23 1
2122 23 1
2123 23 1
2124 23 1
2125 23 1
2126 23 1
2127 23 1
2128 23 1
2129 23 1
2130 23 1
2131 23 1
2132 23 1
2133 23 1
2134 23 1
2135 23 1
2136 23 1
2137 23 1
2138 23 1
2139 23 1
2140 23 1
2141 23 1
2142 23 1
2143 23 1
2144 23 1
2145 23 1
2146 23 1
2147 23 1
2148 23 1
2149 23 1
2150 23 1
2151 23 1
2152 23 1
2153 23 1
2154 23 1
2155 23 1
2156 23 1
2157 23 1
2158 23 1
2159 23 1
2160 23 1
2161 23 1
2162 23 1
2163 23 1
2164 23 1
2165 23 1
2166 23 1
2167 23 1
2168 23 1
2169 23 1
2170 23 1
2171 23 1
2172 23 1
2173 23 1
2174 23 1
2175 23 1
2176 23 1
2177 23 1
2178 23 1
2179 23 1
2180 23 1
2181 23 1
2182 23 1
2183 23 1
2184 23 1
2185 23 1
2186 23 1
2187 23 1
2188 23 1
2189 23 1
2190 23 1
2191 23 1
2192 23 1
2193 23 1
2194 23 1
2195 23 1
2196 23 1
2197 23 1
2198 23 1
2199 23 1
2200 23 1
2201 23 1
2202 23 1
2203 23 1
2204 23 1
2205 23 1
2206 23 1
2207 23 1
2208 23 1
2209 23 1
2210 23 1
2211 23 1
2212 23 1
2213 23 1
2214 23 1
2215 23 1
2216 23 1
2217 23 1
2218 23 1
2219 23 1
2220 23 1
2221 23 1
2222 23 1
2223 23 1
2224 23 1
2225 23 1
2226 23 1
2227 23 1
2228 23 1
2229 23 1
2230 23 1
2231 23 1
2232 23 1
2233 23 1
2234 23 1
2235 23 1
2236 23 1
2237 23 1
2238 23 1
2239 23 1
2240 23 1
2241 23 1
2242 23 1
2243 23 1
2244 23 1
2245 23 1
2246 23 1
2247 23 1
2248 23 1
2249 23 1
2250 23 1
2251 23 1
2252 23 1
2253 23 1
2254 23 1
2255 23 1
2256 23 1
2257 23 1
2258 23 1
2259 23 1
2260 23 1
2261 23 1
2262 23 1
2263 23 1
2264 23 1
2265 23 1
2266 23 1
2267 23 1
2268 23 1
2269 23 1
2270 23 1
2271 23 1
2272 23 1
2273 23 1
2274 23 1
2275 23 1
2276 23 1
2277 23 1
2278 23 1
2279 23 1
2280 23 1
2281 23 1
2282 23 1
2283 23 1
2284 23 1
2285 23 1
2286 23 1
2287 23 1
2288 23 1
2289 23 1
2290 23 1
2291 23 1
2292 23 1
2293 23 1
2294 23 1
2295 23 1
2296 23 1
2297 23 1
2298 23 1
2299 23 1
2300 23 1
2301 23 1
2302 23 1
2303 23 1
2304 23 1
2305 23 1
2306 23 1
2307 23 1
2308 23 1
2309 23 1
2310 23 1
2311 23 1
2312 23 1
2313 23 1
2314 23 1
2315 23 1
2316 23 1
2317 23 1
2318 23 1
2319 23 1
2320 23 1
2321 23 1
2322 23 1
2323 23 1
2324 23 1
2325 23 1
2326 23 1
2327 23 1
2328 23 1
2329 23 1
2330 23 1
2331 23 1
2332 23 1
2333 23 1
2334 23 1
2335 23 1
2336 23 1
2337 23 1
2338 23 1
2339 23 1
2340 23 1
2341 23 1
2342 23 1
2343 23 1
2344 23 1
2345 23 1
2346 23 1
2347 23 1
2348 23 1
2349 23 1
2350 23 1
2351 23 1
2352 23 1
2353 23 1
2354 23 1
2355 23 1
2356 23 1
2357 23 1
2358 23 1
2359 23 1
2360 23 1
2361 23 1
2362 23 1
2363 23 1
2364 23 1
2365 23 1
2366 23 1
2367 23 1
2368 23 1
2369 23 1
2370 23 1
2371 23 1
2372 23 1
2373 23 1
2374 23 1
2375 23 1
2376 23 1
2377 23 1
2378 23 1
2379 23 1
2380 23 1
2381 23 1
2382 23 1
2383 23 1
2384 23 1
2385 23 1
2386 23 1
2387 23 1
2388 23 1
2389 23 1
2390 23 1
2391 23 1
2392 23 1
2393 23 1
2394 23 1
2395 23 1
2396 23 1
2397 23 1
2398 23 1
2399 23 1
2400 23 1
2401 23 1
2402 23 1
2403 23 1
2404 23 1
2405 23 1
2406 23 1
2407 23 1
2408 23 1
2409 23 1
2410 23 1
2411 23 1
2412 23 1
2413 23 1
2414 23 1
2415 23 1
2416 23 1
2417 23 1
2418 23 1
2419 23 1
2420 23 1
2421 23 1
2422 23 1
2423 23 1
2424 23 1
2425 23 1
2426 23 1
2427 23 1
2428 23 1
2429 23 1
2430 23 1
2431 23 1
2432 23 1
2433 23 1
2434 23 1
2435 23 1
2436 23 1
2437 23 1
2438 23 1
2439 23 1
2440 23 1
2441 23 1
2442 23 1
2443 23 1
2444 23 1
2445 23 1
2446 23 1
2447 23 1
2448 23 1
2449 23 1
2450 23 1
2451 23 1
2452 23 1
2453 23 1
2454 23 1
2455 23 1
2456 23 1
2457 23 1
2458 23 1
2459 23 1
2460 23 1
2461 23 1
2462 23 1
2463 23 1
2464 23 1
2465 23 1
2466 23 1
2467 23 1
2468 23 1
2469 23 1
2470 23 1
2471 23 1
2472 23 1
2473 23 1
2474 23 1
2475 23 1
2476 23 1
2477 23 1
2478 23 1
2479 23 1
2480 23 1
2481 23 1
2482 23 1
2483 23 1
2484 23 1
2485 23 1
2486 23 1
2487 23 1
2488 23 1
2489 23 1
2490 23 1
2491 23 1
2492 23 1
2493 23 1
2494 23 1
2495 23 1
2496 23 1
2497 23 1
2498 23 1
2499 23 1
2500 23 1
2501 23 1
2502 23 1
2503 23 1
2504 23 1
2505 23 1
2506 23 1
2507 23 1
2508 23 1
2509 23 1
2510 23 1
2511 23 1
2512 23 1
2513 23 1
2514 23 1
2515 23 1
2516 23 1
2517 23 1
2518 23 1
2519 23 1
2520 23 1
2521 23 1
2522 23 1
2523 23 1
2524 23 1
2525 23 1
2526 23 1
2527 23 1
2528 23 1
2529 23 1
2530 23 1
2531 23 1
2532 23 1
2533 23 1
2534 23 1
2535 23 1
2536 23 1
2537 24 1
2538 24 1
2539 24 1
2540 24 1
2541 24 1
2542 24 1
2543 24 1
2544 24 1
2545 24 1
2546 24 1
2547 24 1
2548 24 1
2549 24 1
2550 24 1
2551 24 1
2552 24 1
2553 24 1
2554 24 1
2555 24 1
2556 24 1
2557 24 1
2558 24 1
2559 24 1
2560 24 1
2561 24 1
2562 24 1
2563 24 1
2564 24 1
2565 24 1
2566 24 1
2567 24 1
2568 24 1
2569 24 1
2570 24 1
2571 24 1
2572 24 1
2573 24 1
2574 24 1
2575 24 1
2576 24 1
2577 24 1
2578 24 1
2579 24 1
2580 24 1
2581 24 1
2582 24 1
2583 24 1
2584 24 1
2585 24 1
2586 24 1
2587 24 1
2588 24 1
2589 24 1
2590 24 1
2591 24 1
2592 24 1
2593 24 1
2594 24 1
2595 24 1
2596 24 1
2597 24 1
2598 24 1
2599 24 1
2600 24 1
2601 24 1
2602 24 1
2603 24 1
2604 24 1
2605 24 1
2606 24 1
2607 24 1
2608 24 1
2609 24 1
2610 24 1
2611 24 1
2612 24 1
2613 24 1
2614 24 1
2615 24 1
2616 24 1
2617 24 1
2618 24 1
2619 24 1
2620 24 1
2621 24 1
2622 24 1
2623 24 1
2624 24 1
2625 24 1
2626 24 1
2627 24 1
2628 24 1
2629 24 1
2630 24 1
2631 24 1
2632 24 1
2633 25 1
2634 25 1
2635 25 1
2636 25 1
2637 25 1
2638 25 1
2639 25 1
2640 25 1
2641 25 1
2642 25 1
2643 25 1
2644 25 1
2645 25 1
2646 25 1
2647 25 1
2648 25 1
2649 25 1
2650 25 1
2651 25 1
2652 25 1
2653 25 1
2654 25 1
2655 25 1
2656 25 1
2657 25 1
2658 25 1
2659 25 1
2660 25 1
2661 25 1
2662 25 1
2663 25 1
2664 25 1
2665 25 1
2666 25 1
2667 25 1
2668 25 1
2669 25 1
2670 25 1
2671 25 1
2672 25 1
2673 25 1
2674 25 1
2675 25 1
2676 25 1
2677 25 1
2678 25 1
2679 25 1
2680 25 1
2681 25 1
2682 25 1
2683 25 1
2684 25 1
2685 25 1
2686 25 1
2687 25 1
2688 25 1
2689 25 1
2690 26 1
2691 26 1
2692 26 1
2693 26 1
2694 26 1
2695 26 1
2696 26 1
2697 26 1
2698 26 1
2699 26 1
2700 26 1
2701 26 1
2702 26 1
2703 26 1
2704 26 1
2705 26 1
2706 26 1
2707 26 1
2708 26 1
2709 26 1
2709 28 1
2710 26 1
2711 26 1
2712 26 1
2713 26 1
2714 26 1
2714 28 1
2715 26 1
2716 26 1
2717 26 1
2718 26 1
2719 26 1
2720 26 1
2720 28 1
2721 26 1
2722 26 1
2723 26 1
2724 26 1
2725 26 1
2726 26 1
2727 26 1
2728 26 1
2729 26 1
2730 26 1
2730 28 1
2731 26 1
2732 26 1
2733 26 1
2734 26 1
2735 26 1
2736 26 1
2737 26 1
2738 26 1
2739 26 1
2740 26 1
2741 26 1
2742 26 1
2743 26 1
2744 26 1
2745 26 1
2746 26 1
2746 28 1
2747 26 1
2748 26 1
2748 28 1
2749 26 1
2750 26 1
2751 26 1
2752 26 1
2753 26 1
2754 26 1
2754 28 1
2755 26 1
2756 26 1
2757 26 1
2758 26 1
2759 26 1
2760 26 1
2761 26 1
2762 26 1
2763 26 1
2764 26 1
2765 26 1
2766 26 1
2767 26 1
2768 26 1
2769 26 1
2770 26 1
2771 26 1
2772 26 1
2773 26 1
2773 28 1
2774 26 1
2775 26 1
2775 28 1
2776 26 1
2777 26 1
2777 28 1
2778 26 1
2779 26 1
2780 26 1
2781 26 1
2782 26 1
2783 26 1
2784 26 1
2785 26 1
2786 26 1
2787 26 1
2788 26 1
2789 26 1
2790 26 1
2791 26 1
2792 26 1
2793 26 1
2794 26 1
2795 26 1
2796 26 1
2797 26 1
2798 26 1
2799 26 1
2800 26 1
2801 26 1
2801 28 1
2802 26 1
2803 26 1
2804 26 1
2804 28 1
2805 26 1
2805 28 1
2806 26 1
2806 28 1
2807 26 1
2808 26 1
2809 26 1
2810 26 1
2811 26 1
2811 28 1
2812 26 1
2813 26 1
2814 26 1
2815 26 1
2816 26 1
2817 26 1
2818 26 1
2819 26 1
2820 26 1
2821 26 1
2822 26 1
2823 26 1
2824 26 1
2824 28 1
2825 26 1
2826 26 1
2826 28 1
2827 26 1
2828 26 1
2829 26 1
2829 28 1
2830 26 1
2831 26 1
2831 28 1
2832 26 1
2833 26 1
2834 26 1
2835 26 1
2836 26 1
2837 26 1
2838 26 1
2839 26 1
2840 26 1
2841 26 1
2841 28 1
2842 26 1
2843 26 1
2844 26 1
2845 26 1
2846 26 1
2847 26 1
2848 26 1
2849 26 1
2850 26 1
2851 26 1
2852 26 1
2853 26 1
2854 26 1
2855 26 1
2856 26 1
2857 26 1
2857 28 1
2858 28 1
2859 28 1
2860 28 1
2861 28 1
2862 28 1
2863 28 1
2864 28 1
2865 28 1
2866 28 1
2867 28 1
2868 28 1
2869 28 1
2870 28 1
2871 28 1
2872 28 1
2873 28 1
2874 28 1
2875 28 1
2876 28 1
2877 28 1
2878 28 1
2879 28 1
2880 28 1
2881 28 1
2882 28 1
2883 28 1
2884 28 1
2885 28 1
2886 28 1
2887 28 1
2888 28 1
