7092	17536
5423	35656
26642	26637
10992	10160
44445	43848
11984	8645
45533	46072
29882	992
39226	38001
41995	39976
6653	737
17282	34274
57562	57600
20412	9464
62261	61664
23518	3001
23717	10956
7119	14480
38054	29585
806	3744
42548	44320
59965	60320
12671	13798
50520	23777
12782	832
21531	14110
499	489
6768	57608
47793	47968
15995	15992
44738	41344
52769	52160
9465	20416
49928	50336
12394	12400
5969	45980
26824	61056
18024	32136
31979	7040
9121	33184
2069	25420
31787	61056
44066	37207
41003	14890
31207	45958
38196	59571
29035	20256
2315	194
44111	42770
22362	1864
18957	42146
36647	34793
12121	14790
31525	40275
61017	60901
39339	45032
61642	61664
47412	42433
38490	38432
45018	51416
6232	11752
11721	986
3559	41880
38813	22355
39544	41314
44183	23664
57437	6880
53896	58144
45773	49328
1732	16770
13474	7864
34502	27941
5395	2737
2928	2386
518	22617
8081	4368
28436	29280
49780	48417
59028	15808
23110	12501
25267	9285
40534	38993
23859	26593
22453	13562
3945	30848
12956	1217
37241	5601
5111	13920
39885	39699
11807	2608
15151	19456
18109	2944
56809	19640
6858	9836
34128	25945
44005	52896
8037	49222
7545	13244
10242	2414
7646	11642
49911	59205
35308	44680
50179	59859
48377	28928
16652	49674
53572	53554
29963	11616
45767	27088
40902	34273
53465	57376
40915	40337
51420	52640
59393	9121
14606	14592
52815	10243
5493	14787
22427	8672
11689	2880
19826	17627
30875	58842
60870	50179
21441	51970
8375	56449
48702	51344
1986	43867
50803	49531
1428	1410
24310	24752
62500	37830
5687	32892
22935	49735
2034	31768
20602	9728
33823	22947
53902	56732
22600	29840
59136	36128
7410	46730
3871	40923
49730	51552
27589	55425
26485	59034
20716	11648
16746	16744
43886	48163
80	38145
55590	41027
37390	23268
14780	14784
8765	46496
1846	4547
36451	40992
31618	26528
31168	4838
37542	39201
20506	7872
31153	40719
33135	23564
36790	640
54113	44001
51713	34401
39553	12152
26186	33856
14992	61356
21593	46435
59374	59226
21274	34729
7438	1873
24188	44731
23300	16336
28771	37858
56063	38474
19125	27353
16996	16514
61211	57067
4165	51226
22327	10026
24327	60760
39045	28705
48138	14497
46190	62307
18858	14212
42530	39491
59474	52052
34769	24871
35326	41648
11172	15468
48179	48833
50490	61793
17021	32377
59768	39008
35644	26632
25110	30961
3316	1728
11015	4410
56732	55330
29806	20432
49570	44042
12187	52624
4941	29154
11472	26896
26882	3008
15648	15650
29064	20856
8595	705
17195	15296
1832	5891
11762	2682
430	13024
43313	9701
30419	39024
18704	16864
6704	49531
2324	194
10631	849
2682	2658
14472	14465
11777	24335
52716	51922
3443	20771
48707	60323
6846	58714
7223	4745
1329	1602
56526	56208
12472	1216
23722	24932
21716	20057
60862	60760
56612	19964
25307	36633
14088	22816
35487	36395
8946	21250
27330	58859
60138	60521
30097	26571
54690	56088
43813	46251
14464	22337
36891	31936
49396	33859
16781	16800
34562	33258
30695	16577
61727	5857
14619	22097
18770	29315
15801	2490
40507	39936
52303	52416
59482	59128
9917	44593
19203	17666
39971	58080
21895	41824
4398	30178
50026	25760
11245	22473
16011	17024
13256	13251
18351	16032
52246	37083
42701	37248
3709	41484
15522	14457
16937	27360
56965	60737
17438	4928
57601	16420
32663	28940
7074	4913
32603	35652
44201	35456
38420	39433
34209	20860
41604	37136
29057	13363
38359	38369
4812	3329
2662	2657
24852	45659
24703	31616
56332	44480
30004	29942
30481	30382
34236	34880
27434	44618
43932	47808
49761	40326
27010	25704
28619	34849
11265	33024
4655	5034
45169	44241
10946	59176
15653	15648
275	8576
38664	54241
15229	41115
48776	44001
15571	25760
31799	23808
30600	30848
10128	34679
60217	32128
46051	14756
22687	24338
39658	42370
13364	39488
6867	46051
37933	58392
59381	59596
16111	4850
28223	17641
29139	37888
56084	55779
45972	51552
16926	53031
20444	21472
31538	13315
27490	18976
35539	35225
4340	17611
6245	43726
1872	20992
30037	13088
12520	20053
42653	44576
57297	54417
33723	49760
43133	41213
44153	46175
748	3067
27596	31250
21670	31936
20607	20602
46818	23680
183	192
55169	55328
16938	27577
27141	1514
1621	19515
33844	25451
23482	28531
1034	1056
43981	44801
46082	50242
32888	4344
20565	38218
50834	50337
10827	10817
11800	54113
29988	49361
53040	50290
6177	6186
40683	34985
20868	46849
61742	12322
10422	52885
3097	15013
55225	4672
13383	9248
31534	45088
813	50633
57929	32145
38457	49499
1352	1350
7030	32096
5671	7058
40076	41144
7195	7232
14252	20299
22141	22128
17532	32353
17121	2980
13628	41001
8970	42668
54916	53026
36613	32864
36888	33568
58857	58720
9674	16026
48530	51620
5905	5894
33619	33889
7042	51110
57692	58957
10347	1611
44199	9574
10822	10817
5430	54465
31418	36913
55296	54504
16807	49222
30702	29413
9486	809
27531	33217
10207	17521
61238	15671
58530	52822
10930	1107
16475	20778
20923	5675
20017	16037
44668	47730
9809	3961
42988	36450
58021	58230
55300	29506
50131	49568
43744	49652
13046	14113
13560	55072
13251	13249
1672	1440
41482	55644
61028	60853
18285	27204
61181	61206
37379	27337
21667	47027
34164	32354
8207	61898
46073	5063
10312	56448
27329	25609
28674	35859
918	2480
44234	19616
62422	57222
30354	22098
54240	51988
43074	46021
340	2976
663	633
23758	23746
16002	32712
38403	41880
39633	1282
43119	37568
60340	39616
14403	14264
26938	30705
38265	34241
48504	47504
30491	22560
10612	36871
51839	29920
35524	31970
39655	60448
47725	47267
8476	8472
45480	60697
22247	22251
29970	10912
29981	19418
17176	5708
47159	10114
22134	1440
15292	13209
40570	43859
7975	9986
50999	49760
58880	39768
31961	26944
26996	27563
54070	52256
52295	26611
44794	44128
5226	4130
29218	50400
15597	47273
58498	32928
34171	17120
17666	19200
46699	46441
34883	10688
24952	30965
898	896
51396	49568
27594	1440
24863	19488
39567	43712
14189	14185
41570	38824
16747	16744
820	64
24376	13683
16002	35800
31815	21061
42025	24322
20917	47112
54339	50522
60460	35011
13072	24256
17512	22435
8538	8513
19426	9442
20053	5536
38574	1921
14384	23703
39249	24914
52849	51384
53251	61488
42231	37866
10888	48776
34840	27333
17972	9158
1577	9792
59961	59888
15339	25606
50159	56905
30067	54595
21689	21633
19659	45369
31721	20617
2558	4896
42735	40475
52526	52200
625	22592
45019	5537
58104	46434
61066	28889
42020	62370
23775	7850
10007	10574
55143	59420
37058	11525
50336	50337
6237	48263
50824	46304
1790	1767
51231	13792
45996	36268
52813	52992
57927	58940
53100	54676
56991	35232
17742	9833
23299	34396
6714	43899
8925	14832
31522	31523
58226	46561
25797	6624
8785	8780
38947	35897
3182	15778
47237	48483
32846	31783
13184	47318
50338	49802
14014	10816
51480	49656
8980	2436
61308	61153
50523	50465
51214	47388
58859	22753
55381	7618
44288	44593
34795	33832
38429	44354
4040	51305
16138	5536
17823	27152
16217	6530
54685	54524
22571	21889
8842	13856
38957	45037
40474	453
14854	61889
7534	7238
49107	36258
36069	5283
34402	51713
56437	41776
49702	21552
198	16160
58015	2886
37094	17533
48985	14731
9796	47201
21033	58912
23438	37474
18292	26520
41349	45408
1978	30534
15511	22435
47903	48800
56233	55074
43074	46801
34192	49170
17677	25401
33169	43370
7854	50953
10986	10978
35227	35845
25910	19938
22	1184
5351	26816
39034	16025
9144	32960
35655	31715
24899	38663
55609	53027
40500	52200
26752	19296
3615	3616
9203	7400
43575	47280
31784	19360
29539	39041
33095	47907
41041	61419
37183	37344
5077	5636
9999	14490
37282	38009
45400	10147
55355	38724
1680	1713
21991	22168
29060	38080
26133	26458
51975	48194
21947	50086
5466	15204
29121	1611
52109	50244
54015	61498
57715	57496
31572	29953
21352	41084
5976	9156
28927	33250
19388	31435
20866	11340
42085	44050
30693	20536
17711	24521
46192	43747
16141	36688
58836	58986
2765	40640
17375	23234
1282	3648
8831	8224
17883	37062
56075	40921
45526	32946
3825	60139
38525	40480
59628	31712
9701	5475
1157	644
33675	18196
9144	32965
32901	26160
15453	7585
50438	48725
35574	35969
1218	19604
24827	36523
39385	48731
54178	61459
44068	27106
13678	38808
60788	60448
25670	16500
43644	42205
7374	59456
15130	5464
46258	51416
35818	35491
54328	59040
60064	59761
4824	25657
40385	19425
12170	11394
59006	39521
15051	15233
344	8421
7321	24096
18754	1396
1293	60806
51391	1409
31248	36332
50731	13668
25716	19585
10876	5774
11416	32401
28772	18688
10271	5051
3940	18979
5220	4129
42773	49580
4950	12260
10758	9505
57413	59128
42462	18368
10721	3215
3537	10323
54636	54503
47245	32064
28659	27137
11776	60844
61471	61384
2373	4993
5898	18768
36404	34081
5353	15617
29881	6249
56985	20904
37384	28549
15543	13689
32652	4192
9498	21579
39677	38977
45091	6179
47014	37433
51425	1763
44907	47346
46224	47521
9436	9984
32411	46082
32780	4782
42892	40460
23583	5826
38832	60061
9772	11040
12437	12432
54774	16392
61048	9890
32836	35712
4651	4109
52596	51633
22246	17329
59296	58968
9949	5738
24052	55559
12144	12146
54984	54816
28264	47880
4657	3194
49045	50283
20518	20512
3861	32
12043	22172
44878	42538
53194	51872
36510	38209
6511	10081
12076	49760
1008	1009
21839	7112
55348	54929
27791	40513
47039	41450
6182	15825
49440	60472
12927	12913
1977	5552
31072	16336
3348	3360
47736	52031
9615	1458
42621	13696
33232	4993
22864	33466
31912	33505
6641	6626
57104	60788
25246	291
10259	10251
4766	3651
45875	45216
50367	48226
1116	1099
18637	7713
40941	35138
36295	40864
29991	44016
46676	51081
59645	40416
18984	41417
11141	13947
47912	50976
27944	14019
51002	40896
5721	51681
36196	26843
19218	44128
28705	37344
28502	13217
42757	30728
29333	33560
25336	17440
5612	5594
24789	36075
22098	26496
28970	54233
17489	45668
18803	52421
25583	8312
9786	9761
20536	6336
3086	7296
26221	17120
20351	20353
43332	43488
37562	33789
37613	58387
56333	29124
45919	50757
33167	42251
2608	11808
5800	38500
51163	23712
3216	5921
838	2657
34798	32052
11107	20340
42230	37866
27336	23641
41405	29569
1849	22435
31074	52521
12085	50122
6247	3541
30135	38787
62074	62086
58548	44736
52988	30438
34504	12233
42083	4130
19712	6656
32733	31094
57423	56897
7659	10097
10979	34053
11016	3111
45198	9833
24627	6489
54201	58820
11876	10209
15489	15470
14124	16770
34945	23081
57746	57355
43166	54178
49703	27360
22556	8771
48712	38376
30374	38232
46667	53672
31746	27251
40086	39456
58014	59256
38301	54212
37807	35264
40187	40342
5605	5593
39120	5601
36836	15984
60259	2084
40990	17760
45701	27138
5791	43776
2905	6594
1230	11756
25832	23359
20382	51744
9753	7265
34947	23081
6133	1792
43465	50611
50779	55184
12037	4128
40863	28739
49129	54811
54102	60163
6274	19
13604	20512
1183	51461
11159	20804
21624	24025
24186	22517
7537	7528
21924	21473
61425	61320
15309	15304
21219	37376
50942	42544
50889	38144
3203	12843
42803	10497
38045	41891
39339	27533
17903	47752
12945	16129
32732	42945
16917	9776
9389	10146
51223	30786
35899	28472
6040	12036
29969	27500
5790	17969
3349	4992
28560	2338
35677	62192
23699	57443
38518	48111
33459	32808
5704	10347
25219	42106
14892	4961
44184	42288
25839	20238
26581	48804
20881	30596
12299	6881
13792	13793
23848	22272
19264	13016
37393	45091
4324	39168
28085	38355
55265	30785
25447	3552
49173	49896
62042	62048
2029	14355
30895	29400
32350	32722
26960	25804
14349	14352
38728	33048
16136	58280
7304	31084
20826	2720
41192	41155
44295	43971
61850	12200
23009	27054
58844	57801
47417	45745
6548	288
52450	10243
50285	33618
60802	60769
49863	23232
8014	6939
42370	40075
729	55592
27655	29442
29788	36154
60941	24971
7151	52640
42799	37376
51989	52042
4742	17536
11104	32722
42402	10400
3087	1704
35132	52530
16986	14993
41148	52180
50594	45830
12129	6004
22643	57601
35841	41329
4852	11751
2299	6032
51145	50674
15114	5927
100	35335
33697	24373
28005	24929
35064	26586
21837	36095
7639	4050
28350	25730
2432	54279
8438	18668
1052	3655
28816	13633
37017	62242
11648	29443
49528	47832
25333	10146
3158	2880
7486	3714
39413	30545
36169	52209
19624	61263
38570	55078
12219	58784
30091	26568
7783	5731
43743	13376
47963	46256
8132	5210
13724	27088
2262	7394
31849	31832
43691	32153
24134	4897
52711	26177
26854	6721
29008	26040
10257	10251
5264	8032
1264	60769
20512	33632
11783	5201
18984	39434
1789	3332
60695	19272
40358	34730
33325	29761
60184	59330
40605	31777
4153	4149
17666	19201
42781	42433
1247	15854
38241	32377
3960	5129
25768	12964
19414	35386
2682	21028
21557	22240
14813	21579
42933	52937
47302	45032
20610	21314
36296	37314
36799	32016
56747	40044
59041	59067
38731	41212
9813	23664
59347	58924
5985	425
53770	54304
20534	6336
59171	59397
21654	20036
57487	48704
14714	10712
1840	44416
40612	46579
56840	60016
7653	7654
10	0
21355	17163
47500	48448
27261	43788
12651	19979
13467	9986
21834	25921
52609	40257
39649	3552
23218	60324
32331	44640
17591	11792
14236	34074
13862	13856
57572	59514
19798	32726
758	24986
58185	56608
13381	46256
980	1920
56849	60321
21737	947
61989	52962
30154	40328
43362	2562
38750	36806
39633	29477
36607	52319
5568	12640
48615	48681
15629	61075
35468	39313
46144	40208
13491	6209
1684	6844
59507	56321
61342	61628
28286	8082
61897	60272
11397	406
3016	408
29212	32201
25714	22056
50750	50480
22030	31966
43122	42211
2124	5626
4139	1560
17696	27301
39621	40705
27259	31584
4329	2597
12728	12736
8091	4369
26536	46082
55714	55736
15133	25185
17724	17720
35865	23372
23607	10016
20316	20320
28094	27857
34396	9218
16952	55361
15952	15956
56048	552
37995	46321
3520	40836
32648	30018
56246	54837
62028	61825
44308	45846
34688	29531
49723	53891
1157	1158
9826	9827
48697	36241
39422	49752
373	342
29128	28848
26604	26589
3192	14212
26709	42720
13761	13762
28696	59010
51820	37761
29137	37408
53187	53440
50887	50889
9598	32962
45492	58352
22886	57134
46964	20544
13117	8881
44462	43307
51510	53504
22731	5601
3347	1193
12445	17120
51251	51232
39931	19424
22269	24861
8660	27968
50354	51089
45702	45393
6114	6097
16076	23904
56364	55360
32237	27522
4102	2568
56014	54592
50495	58498
8993	40291
1724	1632
2049	24440
9604	41953
37806	38411
8097	52950
20518	35681
2649	10080
52794	53328
30982	30977
3948	33466
5399	30561
38097	18373
48786	8576
11281	9313
15744	10619
31719	45280
30841	23938
10078	10064
1759	546
1602	4224
44756	35196
1019	27232
8842	8402
54774	54939
8529	8512
23047	24650
2205	46984
15272	25344
51062	48833
33668	34432
1506	11774
29446	17650
39327	30136
42880	40225
60085	13153
39207	37669
5469	36408
38317	7203
41053	60163
5103	19840
31085	37979
38	68
16213	10849
29516	28400
26249	4834
18478	15778
32722	58720
15238	36288
44186	26178
53598	37574
26770	14824
9715	22818
23288	27520
31935	41884
29950	49921
50626	51200
28711	14825
33987	19698
53900	16385
41048	34036
49338	55504
42780	3459
11339	61347
18495	17186
26345	38527
42148	21793
46162	30055
422	3488
50437	50752
29189	22753
56615	60000
17446	20576
39483	17058
19026	19104
48528	51617
48985	48916
30672	7815
43364	58513
1036	1626
7349	4818
51385	51045
14783	14780
19982	908
10898	368
40833	41664
28478	2177
57039	57858
30896	2016
619	2817
30111	26554
3880	29537
52962	52135
25214	20514
58315	2400
42813	39432
27811	22068
28855	25880
26442	10500
15957	15201
14655	14653
37980	42828
23131	32151
5053	25026
55051	62297
5856	8003
23307	6793
7379	52426
6171	6169
28516	9121
40265	33467
11197	10011
8973	5504
32429	42048
9643	6176
9254	12242
27452	25522
18825	9568
35181	49014
51766	13633
35232	51233
31803	12128
22247	22248
59587	58912
36662	36804
34228	7136
22923	10324
32528	16141
55891	43520
25300	7700
41764	43767
62015	10016
48804	41254
61757	25473
7153	4626
48336	49312
37034	8224
17140	36832
51968	52929
237	14715
678	635
24148	56162
58487	57514
23093	32006
7108	22285
22619	33656
31362	31402
31252	28032
31176	39993
27790	40441
9871	5955
61607	61489
5574	10144
17656	31496
38143	34962
59967	56473
11884	15617
29515	33827
28739	23235
45204	60329
24729	21762
53621	58486
33465	40719
18598	14145
15278	10224
24185	22688
58688	58293
32542	35371
17836	3680
30108	28289
20207	54625
43798	39797
43061	40923
9311	32945
3357	20970
898	2976
45777	53684
62137	41281
2162	10889
22395	22394
61011	60867
830	770
17225	21210
34489	37474
35173	49585
25339	10082
32288	7941
6730	44618
42532	39491
36833	41240
33860	18985
49015	31906
49313	50402
22255	1248
27847	45708
9868	23040
37007	61348
39006	49155
15083	6208
52380	51200
2985	5716
4475	3924
48478	33506
24582	24570
10917	57039
48217	42977
14172	60452
7910	15113
10404	29585
39969	34137
10803	20281
3460	3469
51373	50465
23761	23747
10540	782
53235	52442
39224	13994
38445	12256
19562	36883
34926	32450
9531	2944
60611	60732
37831	34848
34412	24288
46208	46114
48193	8770
17062	42048
1507	3329
2704	26100
18770	29316
49729	28000
44776	47714
21688	25657
25189	61179
35617	37937
51226	50790
50159	47362
27155	60016
31387	40491
185	17475
8462	3552
10697	35875
36010	11080
22170	22176
23462	23459
53416	42675
6881	2976
34728	30272
38866	58280
7702	57696
27250	31744
26311	27008
14500	14501
50649	49250
30959	28232
56619	56960
14817	30803
36132	36493
60587	21633
16538	26424
5269	60961
33407	18019
59822	60192
51042	15107
10451	29570
8913	22662
30209	4769
45101	43425
23467	34267
56375	55177
38933	25562
7226	7712
16933	13049
46390	46785
60551	60608
31220	14626
54486	53224
27916	51616
30352	25445
61329	13248
23879	1507
6128	13920
17672	39896
31435	28102
59878	24484
13785	25420
56656	61609
31982	31000
22005	2771
42434	11468
14932	4897
19831	19688
44070	59392
22883	57818
51963	25536
59665	449
24598	45601
45666	28224
47650	49728
18730	47168
50336	52265
23614	62016
58462	9632
40825	17440
59758	45955
38219	32201
32779	44322
25729	22609
51685	43227
9721	59835
3580	19275
28605	6530
1359	9635
539	56960
40762	59942
22133	19035
10834	9796
49682	52034
13965	15912
26595	23072
18961	48859
61161	62496
60857	24555
9523	2313
47619	47424
1750	1921
86	35491
26737	44651
3347	18414
59829	60098
10757	9505
59019	59111
55070	51262
2048	1746
13820	13824
56724	58860
45877	5187
41477	41256
47424	48368
5989	426
7774	12128
41266	3044
16412	5354
9543	4985
60864	56898
23678	56000
4855	48263
17658	57625
31417	54072
37464	38277
32101	30612
57765	59871
28869	24074
44600	37569
4386	14344
190	42146
48063	46920
48269	49235
36588	40258
29854	56233
7217	2944
8521	26769
58564	19426
28251	25657
4597	16672
53325	47488
46301	53297
8732	2912
18427	30363
58321	57328
33218	28176
3276	7296
43118	46490
41310	7874
40364	52544
17056	55873
8073	8067
17400	37001
20715	17130
40364	48560
30743	33408
6610	2912
49758	49363
27363	16937
32574	16514
62453	62432
5149	55680
40112	34208
18775	1987
47797	31170
56857	56483
27162	51809
12558	35329
47019	37433
59135	5187
14052	376
5116	26499
51485	2912
42583	40736
31425	52721
26554	30112
10511	11905
23778	25447
13004	16705
18652	50651
56170	25698
45495	49152
32627	15206
24720	28304
40154	41344
43166	59176
7356	9856
61396	8225
51622	48530
32667	62418
22077	60122
39240	24128
32332	35683
54944	57729
40210	25856
31970	34006
3692	25280
60485	1792
49990	46951
22211	53665
51325	38587
51790	29952
30165	17440
6809	3521
44201	35293
27200	22024
26345	13597
6834	20795
3826	67
15552	40229
21483	1249
53994	56743
41598	11576
45875	10309
1469	1540
1518	1219
16538	17138
14500	14502
45691	47618
21342	18400
52181	26529
8908	34912
47415	45745
7403	62080
4420	4416
27403	6112
60820	5537
2689	2662
36405	34931
31359	30209
5594	5608
36934	32664
46212	45749
51713	12322
31830	23843
48624	52929
4241	3410
36725	23459
57033	57984
14940	23800
42611	11777
2453	15032
8226	3392
26287	26283
8056	3875
15723	29778
3312	14848
61218	61976
6602	4024
16962	16963
15874	15899
59273	59229
43315	38130
2190	10402
4026	3984
24281	12122
9798	23360
2259	9869
40352	34729
8493	8491
37375	36602
29252	52034
15218	4775
60294	56288
13377	1707
3264	24457
62482	26983
57219	56304
26470	18401
16144	13920
36891	29569
1826	6016
57726	22496
35220	32392
12701	8482
1172	4103
25566	32073
21801	2056
51779	39297
32231	21475
21391	37643
4210	4212
29836	23970
56492	2113
28789	9856
49390	57696
22203	1225
338	6076
35604	55892
38848	46824
39671	48860
56066	18659
48817	60914
6821	54418
17756	19010
61320	60613
12438	12432
60279	7111
27115	5569
2651	40160
15776	16745
19845	31008
37417	38201
53523	7712
2591	4664
35006	43202
30155	50529
46914	47560
43015	44384
18775	20420
4927	4897
3389	3825
12395	3681
52990	55299
21203	42603
39301	42083
28484	47041
6655	737
45715	53376
47381	46274
558	6150
18777	24440
61090	61937
17745	12953
42898	39875
54144	53789
21099	18433
2349	41605
38623	30732
14239	7336
31129	59746
51109	9120
12033	3314
56646	55698
30055	19424
12179	36352
57383	59571
19141	9361
7106	7490
52086	53218
32662	34368
12771	54957
18696	16452
16396	56704
33845	25451
14810	25680
47098	51025
34828	48136
45454	44618
27719	23072
32124	61788
36048	35906
23772	7850
12565	3416
34093	34554
47220	27555
55676	52513
15190	18656
9715	7353
458	56208
48104	23504
22513	21024
3274	8966
56169	54976
7874	35329
53229	28691
28721	26499
19390	25092
33631	30992
35411	38297
18488	58802
18668	18017
29519	56352
4860	4864
15242	16864
34848	706
30311	14226
27224	25420
28805	49129
44987	25378
42120	47139
59742	40228
16768	52242
53644	58784
27540	34054
5824	32833
11668	1264
38359	54467
40337	1707
10363	10370
60256	60353
35848	55809
29544	37058
52660	36993
51427	52960
34528	23667
43553	22020
8051	8032
35378	32545
9609	6880
53301	52638
53014	54406
32646	54978
55802	448
25949	41136
30252	26248
25670	47013
14136	51744
35110	31936
9156	1792
9836	59368
49562	48139
7567	29004
3811	57443
27358	34342
26773	35137
11802	8674
6157	57857
45551	62474
25267	30566
16781	11446
827	770
28328	27202
12961	24729
31925	46245
3937	10131
34434	57195
49216	40899
59653	51778
1168	1169
45244	25795
9301	4392
40584	29506
11494	29057
4343	4331
60257	26624
47523	49427
2858	2176
51797	49723
60545	62272
2905	6595
32105	37123
29023	40704
28676	43780
40462	34912
31284	22209
37538	57515
34074	38717
33566	39971
8567	36356
8513	8507
32932	38500
36541	28224
9105	6009
46483	4928
27383	6210
17695	5378
39051	47244
5379	8448
57781	60316
42193	46168
29125	28848
27187	32891
61246	12232
13406	11761
16671	61154
25316	50058
50936	38785
264	2436
59373	40676
34217	30920
46964	48384
27821	20255
50297	28691
35797	36804
48376	46962
18273	6208
17319	29849
1693	51296
60956	62064
34905	30977
41457	39993
2980	35586
5205	16249
20709	30892
46245	7073
57139	49803
55397	28576
27040	38576
18555	56555
3076	31984
27690	45010
15682	22316
7625	7618
4917	44647
424	21366
37994	13700
2951	14212
48834	51172
45199	36774
23657	17224
25912	33569
25996	25216
33444	20413
45625	15296
5891	5892
49559	6976
4315	19296
40233	5920
6925	6897
16240	27160
38560	41136
23746	23745
43569	51002
20250	14961
23492	26658
21713	11440
15512	52420
43874	9162
37763	32864
57727	22496
45660	36800
4098	6764
61060	61057
18659	19425
26183	1732
25086	36291
38769	36672
8147	5337
18424	34368
2316	194
48927	45446
2489	10274
56936	58816
33840	61793
31182	29843
54873	54788
16705	7328
1847	1816
14111	5637
28369	9697
27896	30254
30969	32073
61789	1248
23507	22052
49846	22040
51667	52000
36329	38112
23649	56162
2284	18041
2255	40548
17329	30272
35628	36259
52659	57515
12470	12689
3657	13284
30584	33282
41994	39976
18078	26593
22835	10281
25256	57882
3505	57698
26311	2960
52402	52409
17491	11632
44385	47800
31114	53097
29032	20256
51744	52549
30491	25525
2343	31885
7209	65
15274	228
23981	4962
15369	11543
17760	14144
483	744
34847	33420
29351	36313
5172	5179
54145	60323
57479	56569
11512	24205
25988	20680
29980	26882
39532	43808
33197	31241
21842	28261
15283	5369
24016	56260
44652	26864
24483	28608
28761	28258
11207	6977
49643	45394
49138	22177
2131	3584
38435	2720
59076	59363
17916	28578
41515	38065
45688	4375
31555	18553
36973	35901
30844	36096
58256	61475
41382	34081
17032	16012
31333	43696
21639	353
25689	2771
24315	19362
41530	45931
890	40518
37422	11328
21482	20432
54059	43808
29578	20219
6314	1792
42525	6372
31917	15988
287	2016
5594	5609
26950	21890
55476	56088
6779	2969
58947	14401
24004	1504
52836	10497
46782	47360
5053	2120
60545	60840
33940	61113
6433	9307
41749	14914
8017	52392
38239	9472
3809	17120
32558	22233
5917	15718
56913	51746
6023	2771
38123	4129
11602	3554
35796	37633
4276	4256
39117	38176
4109	1601
25737	22610
11143	58694
39579	20721
52266	50336
35264	14912
53193	53531
11251	29378
2836	918
34178	27841
6207	1248
56713	28265
23326	23321
40385	30783
59524	59483
21886	56046
52033	51234
47752	36544
38487	33216
2703	20155
46777	46209
55644	55808
16661	37969
36696	35315
38560	15944
40298	14584
55569	3651
28771	45741
45610	48224
21677	16960
27616	24457
47241	42412
12396	12390
50208	50514
30535	34480
11750	2672
12074	4490
3580	54908
46961	44868
62284	62368
37711	39736
37330	41377
42653	44577
34145	30705
49245	56588
17346	25289
21351	57355
42570	22201
18724	4992
8048	8032
16294	16281
51590	62401
41970	41232
22969	60448
25719	45980
21296	28980
36569	33305
39005	54406
4321	35844
18061	18053
42517	44682
36351	37120
55720	4768
26160	40257
52951	50147
54625	28128
30633	44132
44258	57729
36876	24469
16704	7328
7999	18899
47159	50086
4005	51728
40606	41154
62580	8325
56937	59808
58590	12673
57745	57355
47627	54188
29368	36675
19534	58280
26328	20001
8981	2088
26706	13600
25026	7040
6713	819
6133	35840
33499	37144
51197	50626
51817	51180
38940	61504
10026	6009
36214	31435
30875	31773
34483	27258
57123	2145
44238	11746
34854	61363
48429	41472
22032	37249
59155	58296
31286	28801
40592	4601
38837	45639
41050	40987
52831	52672
47102	14272
440	17380
59956	59848
1692	3274
6006	5915
51275	58249
7934	9505
12842	31873
7699	25296
13225	4515
23267	20304
43132	33177
4876	4380
28185	8000
54098	26864
39372	39640
56818	35584
57050	20361
37531	46657
11790	7320
30228	22433
54271	56217
5293	3077
18366	5600
21858	17250
41244	33859
13765	13761
1806	1770
15300	22891
50252	50208
10340	10880
34844	61465
50244	46082
24296	1744
49583	54044
1594	3121
2535	43
38663	43040
8838	8402
19688	3458
20248	14566
54481	50578
31402	11616
2285	219
50510	50208
21320	59362
33010	36648
62025	62002
60812	61024
2812	16360
24117	5409
52267	10016
38669	37122
52192	17796
18596	6536
50182	26560
13656	14416
16749	62144
23490	26656
35386	31427
28275	27003
4179	1571
53972	46704
49199	25664
62199	50912
33819	15204
42392	25424
28225	18602
11835	20352
45265	61520
13698	15745
112	4129
58303	59168
9119	18816
36796	37501
2223	52888
16695	24898
58760	58596
29931	50016
1660	1664
25938	25896
25389	6284
46807	45996
34422	35942
6091	3561
33246	12321
59134	59681
1307	361
18802	43848
15253	25504
25248	27205
52131	47874
52890	56706
21708	18904
5884	29975
39869	42176
43589	45624
30725	33568
10430	10432
10641	849
14544	28576
24293	17120
3141	40769
2716	2720
15562	2395
32945	36707
51884	26848
62254	35759
54126	53913
35973	39678
242	212
1753	11905
47780	9314
31583	29961
58377	14368
37975	38691
30333	15762
30843	23361
14405	2977
14919	20800
57755	61768
56897	9315
27701	19077
5190	2178
47086	40769
58459	56768
7860	3129
26247	30246
44310	57161
40479	12994
46391	35811
43300	37920
24570	3777
34027	1890
26568	3040
3324	1451
30219	27202
2938	435
20470	25603
41393	57115
16747	20312
18368	29185
9789	9762
15295	26593
15541	44128
54426	18625
22986	33102
46138	46626
10494	35079
37543	33173
53856	20032
55964	38048
54513	53192
47022	23651
61094	61193
56199	45730
22792	21106
25658	24388
1726	55680
36109	19274
46272	28544
50208	46475
15745	17761
53881	59712
51725	50632
37735	38923
37430	37925
52097	51180
54245	19616
59822	60193
25676	56787
9160	5976
18026	18027
33624	33632
51623	42545
19599	25704
36711	30769
12270	28065
30268	37881
53934	736
12761	9610
55132	8770
56203	55960
32276	40194
39044	29539
7449	16032
49791	48581
45573	44153
10729	10720
32672	30985
5102	19840
8610	8611
47273	45698
55282	42306
4804	9389
22223	18968
7884	6128
61743	61659
53125	53666
21981	29776
55798	57825
53330	56464
21697	14438
5920	17536
9446	48184
46987	14272
35122	13680
55988	59425
52463	35978
5920	41835
55611	59767
35349	22950
33980	60592
46165	40359
857	28065
10953	665
30211	35044
16022	10985
41214	56288
54871	54873
12979	12977
45736	27545
3862	13785
49020	48696
51495	24130
13088	7743
8935	2336
47391	54427
46532	48674
8607	11554
3694	3416
13898	2976
9937	3304
38009	17157
23438	37475
13215	30725
20360	61356
29395	21058
46306	45137
50554	49699
5317	5288
29823	7357
20255	29024
46090	8133
29959	31579
55788	55907
59772	35680
5589	2085
16012	17026
52043	8571
8248	33819
19639	47009
23	3
15912	37313
51481	5505
62189	59456
45198	24851
31777	45660
24252	24624
16518	5009
57004	58406
23567	22826
48613	1440
30970	27906
47217	11429
6126	57208
8041	9600
29869	24074
57060	58465
51173	44868
5393	2737
55647	55816
10350	19065
22228	7323
41930	5505
25267	30567
11339	20516
57309	35232
1567	25947
12209	13273
20506	20512
25791	22514
29351	32082
4553	803
846	354
47065	35010
13599	48217
12786	12791
31478	32777
27388	800
46147	43018
36491	15304
45632	44361
62230	60512
55880	55066
38727	39456
56936	57954
925	23257
47690	55059
38411	43968
803	3742
47164	54929
44612	37985
29609	49370
17171	17152
52486	52465
15086	12304
44611	16576
7620	7618
54427	8992
58889	41024
55504	57206
9226	8936
3066	13407
25342	10082
26480	11594
61257	5379
3364	3348
32566	20515
33660	45568
51943	48432
47262	20162
11531	22819
53572	42443
14401	35842
56660	49859
31623	23265
7649	15972
5159	5153
18044	416
27014	25704
22332	41824
61903	20361
51535	51904
11682	2880
33518	1899
26470	22781
35307	44074
10158	7245
47787	48608
26131	12724
12564	61760
8350	21060
34280	32288
60516	49863
49222	33473
43349	36121
40207	25600
32290	39008
55770	55594
58134	58513
4145	3321
19673	33094
4068	58387
38154	49264
6283	26688
15750	26592
48764	53145
9747	13920
28728	28161
27037	19385
4512	21230
48707	57222
20518	35682
7417	43105
5694	2120
13786	30696
38976	37474
45612	8229
18526	37736
5639	5637
11880	22930
59413	62565
41465	52840
16186	16552
15338	15312
9533	2944
44830	43520
31373	2945
25760	11824
47596	46912
49066	49656
40714	28801
39047	48682
44093	35544
54266	769
32978	32705
29671	52722
41291	37568
6975	6962
7317	5010
48139	49568
14507	55328
12384	11682
14135	10587
8933	15411
17296	4914
28648	61863
51561	44743
45286	13882
27865	13447
46281	50234
56095	56776
19321	49186
37867	30017
36481	19914
10287	2562
25915	25921
16528	32608
48627	44929
6046	5525
43579	45241
8047	8032
36225	34507
6679	1475
24426	27138
375	7776
38027	50049
14847	3312
43340	43216
1867	22028
22159	22153
29927	19971
56162	52898
36107	43932
18799	1504
6640	6626
29929	24544
56104	32548
34444	51109
38565	47808
46575	48928
18609	58016
25847	13202
17058	58291
34076	38725
5655	23297
22148	44193
49624	35456
44099	45556
880	28267
195	2792
50952	37601
61334	60993
60312	60257
858	40866
2711	16130
49531	50768
52546	52796
219	51970
13843	6536
47184	45994
28696	59011
32847	59270
14039	15840
6246	25024
24314	36486
9516	10976
24385	54627
26320	5283
20125	55490
9626	38574
27044	11464
13363	13348
1869	36548
19324	13706
19755	26768
55121	60769
49582	4073
43866	58531
38785	21763
37436	36923
32818	17120
31686	29096
4285	4282
14922	2512
58933	58564
62044	13249
48182	3457
42980	42699
2526	35232
46003	38355
33490	30552
47053	37888
35540	44640
555	1057
23994	65
47329	40424
828	770
41090	41202
13424	23785
43424	26722
39616	60736
39598	6244
50432	48718
40107	39842
58352	25569
13935	28128
13830	13835
38611	32864
7410	35140
49234	16419
15204	28745
21893	15193
26040	4993
22061	80
29019	40513
8341	41866
37188	57142
34621	44706
29062	20856
60002	17828
40834	39451
26417	35460
23439	37479
34384	29721
16475	1781
62395	57953
37315	8224
46534	48675
19676	22061
24495	17984
8566	37092
26655	23490
13514	23847
23773	21032
56004	58650
19138	19232
40989	34720
18370	38088
55226	53769
3733	801
37219	39328
50670	48226
25939	32576
39797	34651
4345	51689
51804	50576
6826	24729
48861	46810
25519	11472
49977	18082
46694	45058
6450	4100
2816	24714
40470	34912
53528	20544
13012	6154
41191	40804
35379	32545
52381	10016
13316	56514
36402	36768
54525	56000
61796	61862
8431	21476
48532	21440
11622	3408
59620	59701
46754	28800
3945	30742
51014	26529
2575	56900
51927	52832
54413	54688
50743	45353
5047	5034
59498	56192
53714	55395
19369	38400
13383	20288
33724	31905
41793	40513
43676	40224
48244	50073
59550	59477
1985	801
14692	37025
6334	2336
27605	13626
12182	12177
40356	33089
18271	43995
51246	5504
11648	28903
25001	17120
60603	37379
45336	2512
17568	23424
39855	28977
16784	16864
28248	25657
54693	55232
51710	55185
59846	13638
13677	18497
47054	37888
27912	32503
29555	29174
7300	29229
16745	10497
45194	51232
46400	35758
34626	46041
37920	19515
11655	5000
46491	23687
49999	54386
36512	49755
9628	42049
5231	18625
27464	25280
52049	53312
15573	18560
60289	59465
10924	4105
61742	34436
47010	57753
4627	57120
36786	13250
57306	62242
34792	33832
24037	31191
26794	6419
22755	47138
30599	14827
51583	55952
3031	2432
3655	17539
60131	60544
44016	42688
5038	25026
941	12994
26697	57812
21098	2497
33154	32608
44414	61956
32509	38577
9901	18679
58225	54176
23444	32238
21884	34276
34171	52578
58733	59232
25717	10283
9224	8936
43629	43426
58224	50561
46749	49195
50008	57656
33403	25281
38925	30098
51863	33321
32096	35169
38722	5627
45623	44400
10186	554
38441	28825
34231	37600
7542	36331
46452	49662
32245	19122
55738	55737
33880	30752
13849	13848
35738	50720
28390	44608
20681	9304
24737	8732
8071	8067
5699	18955
43183	39614
36742	20582
47206	21768
25354	14884
40998	32336
15428	37344
9749	832
50520	50739
23612	10016
54908	5504
12037	52481
39927	51561
20269	20265
8616	3173
51984	36513
16131	9890
29752	16514
20369	30848
27838	39720
51086	51616
55633	59120
29330	31557
21794	21795
39616	53670
9923	39168
49091	52929
30535	41032
3689	3699
36746	2849
46101	45421
12953	2050
30067	34181
29200	32523
7566	7567
38284	24604
48011	17408
20040	9456
44292	44288
11340	8705
22171	45265
2726	55004
31613	29968
47624	46657
5313	5402
41136	41588
19225	62242
19816	2691
3534	54873
43415	44609
52178	43417
1884	1856
6196	12192
35001	22960
18675	9856
21107	10498
31231	12071
49642	45394
36408	16705
7226	7713
41425	47577
17321	32800
60135	19270
30755	20032
4582	6625
60614	55202
46537	47416
42143	42358
22399	22136
52244	52328
855	361
23418	25408
60006	59104
26256	18657
1258	6884
45995	48795
12639	5568
16163	12314
34522	28472
9187	17441
25601	11968
3555	3553
27755	5920
14411	13701
60448	60288
12468	12456
20880	50832
11238	28515
49136	45946
2899	24203
2437	1819
59562	56937
5996	50262
21113	17116
58690	61889
23654	29138
18984	21271
46768	56048
9202	7400
26499	18816
47116	46589
19067	30496
33079	41258
43876	43522
27410	27405
29932	31232
31073	37068
49117	49184
49616	52242
9251	6354
40045	26153
20725	12868
42869	56080
896	897
22374	40233
36305	30629
55195	54251
17176	29173
17933	1553
14645	14640
16415	16417
41388	19512
46990	62496
57200	57112
46669	47018
5577	29440
27596	26379
48316	47936
683	45402
54109	18368
30874	25730
37219	39329
35341	11876
23808	14438
4634	4633
31035	21987
39670	52932
21048	25099
55982	22793
49170	30210
44286	4355
1496	8832
14112	42003
51726	50632
33048	866
40780	49654
54044	53719
34775	23778
47661	33157
21674	61152
10126	10835
24343	31202
13910	13898
13786	21894
45303	46624
6580	6203
42782	12930
19408	19840
21299	47721
61814	62088
41955	35619
24338	22688
2382	5088
346	18793
49667	54020
23519	21441
6643	36705
12394	3331
45167	35737
22502	22503
53994	56744
33777	39658
28543	27530
56919	288
19666	18243
39120	31490
20683	20568
57170	55280
60358	58723
37585	37588
37912	10212
9988	5360
60013	24107
25431	8913
43943	52136
4629	5760
55584	55512
3805	7202
4386	275
33732	38852
44468	39433
42693	5955
11876	7622
57957	55812
896	899
26173	26501
35910	18794
33155	35734
51206	37831
28884	30176
16075	16066
1189	1216
4731	13504
29539	39042
44937	21697
10141	6576
47509	23612
55788	55908
30891	29035
25439	26528
34761	31424
62269	62272
51490	50681
57076	56985
52488	22072
7157	44456
44878	45749
8512	1763
21843	32600
53693	28801
29779	38048
29054	36871
15655	6016
45138	10849
25520	22344
46024	28515
31934	35104
830	8835
18702	16864
1217	17634
49300	60724
44210	42336
9386	26529
8512	8535
1062	32722
53514	52905
46276	34370
54193	53008
35082	21065
36452	37362
38432	44356
22170	22177
4765	4760
2987	405
8050	8032
26920	36928
3339	31426
58275	21858
61698	8672
52842	51384
34364	29032
12576	96
15510	32264
37631	40288
38208	44284
42932	42083
148	203
2942	36869
43079	61886
37200	44379
44343	38417
19940	40944
6295	3293
50287	48608
51914	61152
24529	26056
53480	52932
6613	2912
35326	2050
41159	45426
33467	45334
61932	59802
17549	4745
23174	23180
1299	22226
26847	34912
39797	45092
27381	55136
28126	1056
22884	57606
2583	9202
47527	52199
16654	13753
46075	47907
53693	60820
11568	440
6672	19905
16678	24672
20686	20568
14803	55616
58758	58777
1023	34642
10647	27022
43700	21792
14864	50211
42311	50574
5876	31144
36128	33405
37350	44615
47934	3366
33884	30752
11289	10048
21220	53249
45296	27921
5063	61060
51416	4999
2434	51361
4138	28864
56259	55487
52256	26850
4532	33092
18433	3137
42035	48660
37454	57644
5421	747
11055	6161
6242	31734
6669	42433
11954	54571
55628	56054
17273	24859
26174	8483
42104	42240
45923	57735
18553	3008
49492	45380
23204	37097
38259	55960
7335	11904
40096	6304
58010	27554
19467	875
26880	34081
36941	17872
57429	7040
14509	14500
60642	61498
16240	10193
47871	36837
17862	4442
8558	40224
41451	36688
10493	37219
22791	22816
7426	4088
10780	16417
19596	18560
40001	39378
14969	38006
50990	52027
28574	32257
15280	26040
55860	56035
28497	40154
542	20665
38268	39764
1288	3651
14632	36321
46075	46172
16448	18688
19680	8073
13774	8642
9628	26722
22992	21051
30209	28612
34072	42298
5178	8705
16410	13369
6321	32354
57586	46640
23895	449
17986	17987
31189	61899
376	14048
40445	37012
21853	28570
47270	40896
58974	59700
6680	6672
5052	38657
49742	10168
15	46784
15206	62017
19703	9306
56795	57665
34460	42432
2067	53322
42106	42241
9472	18082
1684	1676
27834	56770
23827	50677
21411	28768
36450	36185
59005	35008
33739	20714
49040	48257
10632	12035
43836	51590
24664	30304
11785	47489
48306	31205
46687	11169
15733	12492
25613	55448
2730	18024
40020	51561
35920	49361
58572	45922
56020	13243
7057	4839
42358	42152
58848	20361
10899	368
26980	35008
17	1
32283	9349
353	37769
51810	34753
28238	50728
27706	14696
32723	7170
40539	38481
47992	54828
8399	25568
13943	53186
12712	24036
40120	54978
15514	15501
28789	25122
19566	41192
50760	9056
59058	58272
6341	6332
46888	36816
31764	34228
47069	35011
6946	10497
32354	49895
17676	23587
56524	56208
41163	45984
27464	28257
56449	56448
32661	33265
31422	40899
4769	25577
16813	6944
56793	56464
8503	3553
29301	37792
37391	42915
27770	16208
4049	19584
25214	16004
6364	6376
39682	17259
6883	2976
20185	59003
51534	33602
39178	34912
30086	29923
18569	8448
15176	24897
8183	6304
18851	12579
12851	3203
18791	18497
37459	42819
48580	40224
38475	51552
13307	13283
60266	11328
38605	32864
25715	30313
59171	59398
56165	13315
40359	15984
30215	10562
11690	19744
57786	57818
4018	7937
20570	2976
23267	46128
53552	42434
58670	57345
1745	58931
33913	27088
12037	37570
55680	52513
30960	31792
24243	39496
29521	8034
24658	31680
37498	4965
30905	31136
35653	60259
19535	22902
10523	20904
32967	9144
47319	39649
39640	31712
33910	37555
13597	26600
22509	15067
27432	26648
16637	1190
7730	57423
57698	55617
2581	4128
43818	51194
6329	6162
52722	4355
5531	57954
4946	40640
10091	12576
41017	3298
39741	33544
39466	44480
51	6
53112	52570
7916	58108
23245	30490
45701	11139
35558	41593
22364	1864
52598	49024
33043	38752
22481	38680
1060	1037
39289	38003
53282	53889
31476	49574
16512	20928
11305	26395
567	44417
14085	14075
33967	34299
16947	5637
56475	32952
41273	37251
30620	18985
48797	48870
54059	26978
15799	28067
25193	32571
12964	60323
12043	12036
32267	52409
14159	17441
5577	26788
28807	34659
3095	25325
11607	30240
53217	22881
58283	57954
43583	61985
19598	20001
12866	12978
17614	12384
8827	60577
4565	3568
27760	38336
30157	39404
6254	5382
9790	9808
54996	52817
46896	46200
40382	42306
16611	21604
9932	9923
4021	30498
17815	3206
44022	44640
38278	55408
29241	26536
40833	11345
33500	56686
24387	22560
52062	58696
17563	23414
8032	45987
61687	43489
51878	62369
48731	13920
37628	4768
62026	27265
35595	41891
27435	30048
37025	5537
51689	53794
43737	26341
21979	5091
38310	7202
57005	55559
22702	1425
6043	6041
20030	29696
32092	36674
35191	43013
4489	9696
57379	57536
12856	3203
41330	39003
4618	42448
50107	50129
30858	26498
9494	44680
42977	41922
47651	31137
18587	39600
36772	36289
17880	17411
51442	15201
41374	23848
22581	32739
5456	14698
46216	43784
53511	8772
35567	43576
53973	7489
19597	12801
4109	4867
25831	4344
35676	14434
19301	56656
43043	15553
45564	44211
26701	13600
48244	60820
60463	60480
20652	61795
45340	22819
5374	5379
33801	49896
38409	17324
19191	4449
996	11842
16739	16738
8810	2426
59514	56514
58606	59012
16726	35114
8805	9601
19410	19813
5226	26147
18932	28376
10932	17216
39198	39300
61267	55040
4400	24034
19493	19490
31789	20033
46296	27473
21549	18717
29367	45058
18776	21029
20616	4897
56881	56864
14802	14794
45775	45668
24937	30755
5233	4130
30172	20600
33911	4176
59791	62513
9207	7400
45729	49171
39368	46947
14207	10721
56926	61687
28240	5600
43087	2432
55169	13633
51276	25137
25039	18931
1818	11067
8331	24161
17593	3744
7838	26530
53139	30240
11081	44147
41195	45241
45823	24540
14225	23633
12971	12968
26852	54084
55177	55748
18933	8672
4268	42624
43663	43624
2711	13783
34208	10852
30	62017
4407	4128
3850	4384
14772	51747
2747	11192
39083	38680
35399	4375
52596	52932
59696	33140
1936	42608
21767	45367
44298	55172
29308	22930
37739	3808
8082	832
37272	37273
8572	14240
45221	24195
14113	23296
13991	19232
60473	61153
22361	1572
27036	30466
26816	26817
26228	2705
22767	59468
373	30605
36642	42460
10227	25730
11499	25826
60267	61505
47983	49409
39049	6432
47246	44416
56808	57472
31571	57377
14599	2439
32119	42592
26672	50565
53423	22568
28003	3714
46727	51384
8341	8318
10631	22970
52764	53024
16681	26680
35049	38095
2764	26592
36332	19966
60605	60656
32808	29153
11407	8371
1967	20208
1103	7584
21262	35237
18201	20476
40585	56265
10920	9885
7836	15296
9222	16770
46416	34497
31141	29218
2084	2176
54177	7238
141	4560
8951	29570
21991	23496
40495	49327
3190	3195
35522	31968
38919	15947
22230	61475
28350	13798
61426	61603
37086	24914
45602	4645
37913	42720
10602	26983
39706	40992
24895	22561
24837	32096
14356	14368
56585	56253
51153	50675
11005	4409
8868	56304
2828	40769
2329	1241
14617	16448
62096	2498
52578	17376
18908	5121
34308	25822
15329	3329
30524	19914
57374	58001
49907	47250
847	10624
30963	20816
6041	60163
24966	19905
7551	48865
44395	43364
46516	52546
12366	42048
3063	20720
38332	1205
2416	15113
42639	38489
15989	60161
12152	39552
29442	32161
34275	32288
53391	11657
48451	41113
57729	22496
47062	56513
32652	29506
52420	57729
46275	34370
55325	60961
24384	6914
33940	30210
27016	25705
9751	7265
926	1973
10502	10464
43193	43586
14177	2635
12022	25695
29229	7297
3214	3213
20563	35826
59554	26185
25207	16360
57481	58512
59494	41027
53872	54811
25335	57997
30931	37766
29567	9601
28329	16683
41657	47776
8984	2088
48617	29185
29155	44684
17559	66
26389	44322
38845	35844
6226	7881
1334	801
21876	8366
29899	31872
21183	15569
36153	47907
4188	4232
17132	946
7909	3392
3717	9152
3846	15649
45376	9794
52666	19232
10217	42117
4909	34840
2624	3356
25292	15296
54813	53872
42314	33635
11666	1264
30120	49312
17562	4745
5119	8480
11210	14272
46546	43952
20870	18265
12422	22753
53918	7303
24743	24666
12802	10169
7354	6532
21846	30634
26938	21642
20280	22848
1140	11521
13519	20499
20415	9465
42868	1
2865	2976
54189	54270
6060	2368
52930	40869
12337	11333
8233	39436
20515	20512
4654	7985
969	960
62491	60416
60076	60744
46336	50977
49329	45773
31568	61057
27603	17904
25374	27994
5077	10758
13129	9697
6505	5864
6644	37944
40388	33888
51339	51887
46997	46946
25966	2336
22690	14960
51920	53862
32280	31905
56308	54722
37739	21892
2861	13313
18201	16940
18546	24201
31389	30343
10777	4669
13830	54214
25468	19107
19589	31557
28495	33827
29062	37192
56741	18402
4636	18128
24132	8003
48012	56816
61794	61856
47040	53098
30562	61793
28663	28800
27545	31847
46304	46503
61439	61490
29540	5283
7272	3081
9388	9921
6781	2969
53139	48715
5253	6097
33499	51441
4927	2788
61161	14093
51844	55172
33163	28032
37141	42465
5073	37177
30625	30150
9888	31673
432	898
25968	3362
19664	20505
39840	56176
41382	39239
60127	59501
48294	47617
57092	24016
10164	17676
13874	3741
26426	26786
45322	60646
6105	6096
34809	40491
40205	40450
58009	56785
3359	19816
21211	6884
11295	40977
42421	9825
25592	8313
52261	54785
34760	30597
2240	21872
21670	17444
25214	4203
9863	22208
52257	26850
33154	31193
48375	48512
32531	8129
57652	44001
37923	35618
5345	31906
25051	8224
9746	10721
19053	6756
62372	62369
28968	15236
11558	17671
54422	2498
24009	16034
38496	8608
31004	4073
56737	59233
45529	47083
10423	57294
47306	54474
44331	57328
13936	23339
48134	27712
43085	45568
23112	24265
49020	49356
2178	6160
29648	1184
4556	4630
10261	23008
9152	46730
35020	48184
61767	61805
38154	57024
58706	32134
48432	51944
35543	53217
11005	57226
16155	18024
4245	36358
31967	13217
38770	36672
49312	50400
12890	9497
29081	11780
27617	49337
37979	21696
44764	30189
48660	48961
51966	12481
29148	26946
15510	15501
12913	12928
39637	61312
19075	28528
81	18504
44172	7040
5197	5177
50987	59888
29200	24036
53274	53313
10602	19976
1086	21954
12913	11566
15984	52675
10131	8132
16993	27497
36118	37186
44416	42272
54883	55593
53432	58342
9545	22608
48333	47688
37530	4324
14461	4192
57956	58280
50768	16529
31623	26530
6406	9697
48714	38376
49613	4128
21792	61436
7447	56195
32979	42465
52309	51890
40457	29378
21675	21681
27341	22162
496	28515
30543	27714
33171	34334
29904	61438
38001	33826
54241	706
61429	61240
34681	31041
56403	56101
17622	20704
20757	40473
52433	40609
35921	38880
33807	57456
35243	568
12164	15468
54445	55856
60213	60990
48827	46786
30066	39039
30199	4355
46516	25035
14914	39417
2858	5396
29587	37361
59299	59248
37914	43138
58670	58955
38311	7202
610	617
8949	4902
36739	30728
50000	50838
25506	12225
38520	40028
61456	61285
23235	28737
54941	26342
40454	29377
35893	19016
44951	38722
33484	16418
55395	49216
54321	35127
12173	11394
1022	7104
20239	39681
39795	41792
30331	46243
52998	57720
47688	56577
42503	49280
31413	26176
55389	54988
30247	36913
51834	46568
791	27022
27697	5856
34626	42483
39381	38739
61634	61667
4177	21051
55835	55808
18354	43520
48831	52411
51620	50577
55288	55408
34127	38482
26588	26592
4515	8832
24931	39986
57487	43746
34775	35179
7789	17393
8668	8649
49483	50521
44921	42722
43944	52626
52398	22032
16764	22854
26182	26145
51621	48530
31902	38560
14387	31612
47154	45464
36140	24041
35330	46947
24196	45228
30474	14776
57998	60465
13493	9508
34029	15520
60043	61603
3370	40225
23549	43971
12779	13888
17510	26536
8766	45398
5428	28697
41161	31586
7859	7618
51198	50626
6756	13025
19647	19649
56773	54865
56380	56114
35633	17186
59468	14627
47860	34842
786	58178
32479	29528
57165	40672
61742	35559
23085	17806
40424	47328
16543	14240
50970	46570
50107	42499
7821	22648
29249	13994
40303	30145
52164	48664
46717	46169
55802	12352
30358	14626
40849	35400
35365	37313
32924	39232
26652	45245
22799	11752
61100	47937
31305	60697
40296	14584
62283	4417
18132	18128
17340	27137
11118	15873
51708	57845
39213	28091
54111	5861
60812	51969
1458	11233
38365	62432
53624	5428
25557	37913
141	18897
24012	43428
7597	3194
6486	30084
28992	26441
41375	33184
61104	7713
20052	10497
38946	35897
462	11961
10039	10048
26982	32960
41499	44297
36415	36272
13301	13281
56304	57218
24225	17465
3928	47488
6162	11520
52266	48420
24038	30697
54022	52155
47828	2369
21913	4123
25043	58753
28772	11139
14549	14563
35282	36666
3878	3719
48320	7937
24550	17170
21029	36923
49387	26624
34121	34824
27230	34182
5412	4240
2860	2851
7670	22634
53684	28801
6839	45346
25298	15587
4179	548
20005	48999
10990	10342
6211	35002
18667	7919
37498	31303
40077	19232
6061	2368
24407	23757
13128	9009
18542	21383
35244	32401
9425	24128
25536	37157
54550	52959
5575	13049
9252	496
45302	43074
55097	57120
54649	58289
61232	62498
55202	58475
7841	13890
49246	55252
54358	54945
11077	1133
44020	42091
50930	54856
11898	25937
62308	30466
23633	19458
51206	50600
25663	25289
31418	9373
33807	31733
45142	60769
3095	11301
16028	13376
49887	49027
26836	27328
23761	18024
1931	1922
49195	58442
5211	29218
2463	49170
56436	32064
55751	55601
13516	21985
25470	15029
53952	53144
17863	21681
22890	42164
39645	4496
5497	5504
58100	8328
19585	4049
22101	58056
40121	44104
17258	12064
46035	19968
17230	28864
51806	52496
45835	56051
51797	32195
5187	55491
24871	18560
43028	46214
34814	37833
17222	12032
44536	46714
14653	14656
23417	27259
20523	35200
32868	17200
36666	29376
60108	54465
51365	47523
30864	8171
31863	740
5970	424
39029	38009
25665	6208
37486	35676
29324	18771
14065	53323
32202	51507
10630	30273
13903	13894
54805	59808
9122	62190
50507	5830
46021	45913
36966	22560
24222	6496
52559	44050
61541	16064
18672	18017
3498	288
5386	11521
24004	17184
35240	1632
11777	44419
16397	37538
7705	22857
1558	35256
43936	45856
5681	5248
46656	51901
58940	808
1219	3207
40565	10402
36351	13890
23475	53528
32766	30178
35974	32425
24586	17760
27028	37266
46972	36545
26215	25609
4050	32224
9361	19137
39301	38920
23654	15194
4741	51616
18957	5699
37249	30769
25845	13202
58280	58391
14616	15101
2335	2336
9318	60496
54548	47203
45752	26176
35278	52031
47986	40658
29217	7937
52390	57265
49780	52252
42778	34888
28636	25281
51357	50094
45008	39233
47314	62438
36626	36625
31450	31456
62156	51163
49963	385
59270	16419
48549	42099
60401	38244
38480	25840
1924	1920
29205	27952
17286	2692
8960	26977
31975	31557
25061	40642
6165	31332
55072	51367
7355	17184
36945	14821
26157	37665
50424	26020
43386	45400
23081	34944
50513	50208
40261	10308
26161	40526
8024	48624
46753	50081
1543	27115
54689	57611
59474	27503
4433	61788
15245	15617
21482	56186
14501	14512
39598	6409
43	2528
40667	39691
58272	57959
59392	59425
24852	45668
24121	2636
52708	37392
14930	35826
17096	26561
48532	37551
15457	1504
26965	7297
51015	17696
11070	57897
12041	14131
9982	9433
57871	49152
25832	33250
38379	36771
22351	19169
34747	32227
11455	24496
36510	40962
22038	47334
19014	4420
6085	6080
17529	14084
3362	5089
44590	49804
19030	23360
27503	29472
30397	28144
35136	32249
31563	50498
692	636
9347	6016
15575	27910
4587	5416
51737	51921
15958	14691
24670	29666
1224	7248
30515	31398
15263	45729
61060	22917
30938	20601
55944	61377
19962	44993
5936	16448
32401	13216
52337	9218
5857	62569
34098	28472
56776	30537
24719	32224
55886	50357
50103	52801
28876	2473
14718	10712
32097	22650
59602	40546
4167	4168
54185	44419
26042	16896
40261	8294
34988	30365
27817	11758
55676	49314
24373	13683
56052	56416
57625	58161
1905	1786
13943	41091
9818	11872
38582	34457
43585	46048
53671	53809
38488	41988
18859	41824
58802	2562
11221	3897
26387	17123
57515	53856
45725	56892
22216	22120
19910	41256
4683	25915
35628	36260
47298	35649
55343	36800
8233	31660
28830	24715
7372	30352
26628	23944
45017	4321
43312	35196
55153	59618
59480	59456
42196	30780
46488	47473
33956	9985
4675	4664
25265	24391
54317	704
31577	60107
1004	33
5826	9156
8727	34736
59528	55456
26410	11682
16359	46912
6991	6981
2815	46913
44424	42145
3440	20168
56742	16499
35676	100
57111	33604
14827	453
7348	2373
11914	29929
6987	9761
32882	39457
21955	21793
29301	13153
37447	29377
1229	5320
6941	1221
22398	22136
7541	20512
29607	37480
14492	25858
24697	27138
56719	28576
61861	61796
18290	43795
6339	21643
35484	43811
53716	53635
18392	34808
48565	34368
20970	20996
40386	40979
8316	8320
31638	30212
42516	12195
30084	7170
45955	53349
26490	19008
50684	38852
55326	55234
611	15705
14596	38369
21881	18816
26829	24034
12701	7683
59189	55995
1787	4550
51598	52843
17876	20810
51635	51506
42752	44985
24126	28811
58700	58971
12019	2561
53154	53049
59207	23360
33267	32681
18608	16389
27166	17888
22265	44611
17408	50475
3797	2496
40654	18368
4895	33720
1926	1920
32251	34760
51856	5505
42824	42392
50713	10688
30654	22569
4990	8576
6879	21147
52868	49129
8680	18252
7512	4864
46521	49475
22990	14626
48725	31684
25932	3292
4227	2896
12373	14946
59015	58087
33657	31314
19988	42404
2720	38651
53896	53674
53215	59666
21029	26025
4187	8386
47892	7904
7816	36923
48617	29540
20853	19120
20945	62143
33014	34681
14511	26056
50256	59425
1068	37320
1134	25248
11485	11584
37555	39795
19251	5650
4479	58289
21866	13721
25385	1528
3898	435
61440	57883
22153	21040
53853	54437
3552	8454
19158	29744
22673	10081
38957	53095
26969	52267
9255	59147
2933	62016
11083	7200
17249	22240
39547	55824
18884	17505
24825	12032
48527	39993
20518	35683
51981	32449
21162	21157
264	20677
48189	35649
45433	46928
21431	35264
57969	38304
40792	7648
4821	22779
8342	39334
33827	34871
23198	25945
24944	11448
31245	61504
18982	43683
22828	21600
29022	39052
43158	43009
26398	26912
12716	30308
28518	32742
26981	35883
51866	56392
11328	13205
36545	36544
49640	52384
57185	55432
27521	32532
44256	44529
21838	45110
60998	56952
20602	20608
29240	26536
35140	23427
16120	38177
13493	2120
15622	15617
40228	38977
23410	10499
19125	35507
18945	15476
34283	32288
49931	10509
40460	29153
17211	33283
24596	54117
26356	54
35607	34883
19345	48992
36810	54666
3034	410
58610	43977
25445	20354
50924	50460
15355	29537
59607	58768
30651	11824
13423	30146
56375	53922
18074	18057
37404	29137
6884	2976
33917	7538
61556	36201
42392	42823
19447	26611
48729	24387
23957	14402
61938	43936
48862	30561
5668	59616
46292	26304
38959	20370
42126	38149
9944	10817
36833	37033
59702	51458
21057	24484
32251	40673
49547	49610
4749	4720
42345	39097
39695	17643
10309	51273
51040	47400
42006	36960
12956	6148
9495	26944
46641	58352
50952	56770
24677	21914
53652	33732
54814	54923
22775	34912
38952	16357
43828	28088
27260	26668
12453	33258
28585	46856
42485	43587
942	41605
55559	54466
47074	58139
12139	16423
33802	41024
23137	29512
7326	13638
22026	37601
24929	28289
33899	40977
38523	34290
40449	32768
50914	50457
23439	16937
53047	52769
13177	29930
55159	54985
54599	54614
10955	38920
43828	39442
48023	46041
58383	2400
37544	10306
58732	58649
34841	27205
60927	35105
60903	54017
17828	60641
8771	3585
38425	44352
290	770
41849	23686
36526	57728
29107	47936
13368	20462
46388	13201
18005	1224
43247	43371
6648	737
55856	3651
46313	18064
18273	18275
12386	4993
51150	34544
26549	40075
5751	5675
38333	55616
8487	10528
26758	16356
18686	16448
7024	61034
31083	36784
14538	6281
28391	9644
2067	58827
22148	21754
33544	27297
16	1
41840	41846
47972	51441
9724	5732
1919	17849
6494	6451
56879	2976
5050	3392
53887	38209
57562	57601
18126	35674
38895	41991
58181	58001
1503	10240
15945	36003
38074	29057
37924	16032
144	11688
25968	36507
60905	54017
27231	30663
40294	14581
52439	50598
35801	30432
33010	32458
41611	41608
38422	50400
27780	48864
17367	41256
10876	30231
13682	8228
9845	9842
33295	34760
11426	22648
36491	39083
16419	47456
9968	9964
47721	48320
1548	1538
30287	30370
39319	37788
16385	11090
23816	45221
4856	38849
5151	5152
53310	53920
27679	30276
59688	15988
12017	12679
20714	22112
20423	9466
22348	10746
58819	18625
54316	54456
10843	7449
49967	59121
14753	61411
33663	50760
19941	52208
44772	35777
41244	38756
24446	53422
15145	20264
31905	26594
40575	41345
34530	32960
53641	11776
1604	24322
2071	44465
19416	38336
24189	38656
18094	2630
52631	43700
19052	6754
49359	59330
39658	5987
49167	10369
28898	37797
42444	53672
18206	16897
2333	1241
55494	58386
20856	226
43428	12960
31452	31461
12738	12733
2578	2549
9512	51042
15186	15179
45743	46656
18799	17184
24964	19905
10029	12912
47780	29192
40546	40480
1228	1229
46756	50840
22849	20280
40679	12617
52718	31424
26045	16896
49335	49536
997	966
13272	31267
15453	14820
25588	22816
34334	18914
18427	18407
2158	8064
58908	59040
21645	5905
55613	55448
27500	22434
45671	17604
11570	440
43976	44851
46476	61152
1381	28676
1659	1640
56075	56187
48844	21682
13021	430
19470	27653
57181	57182
19494	19490
37430	44308
17965	17380
15168	45485
2386	2432
17959	6476
46040	43480
37467	37457
7198	34427
24246	40994
46336	46468
39795	5793
13574	16528
58543	58912
43842	58931
15292	56673
49948	20512
48710	43797
5991	1728
37152	49584
34779	12032
14758	39092
21678	43817
13932	3825
41300	18563
36527	36324
36800	58895
29810	26488
17167	17152
37175	39272
23825	53640
2047	22211
17058	48206
584	20610
51353	27577
55814	56839
15767	33500
41115	48003
56043	51344
33562	54435
34186	30899
16291	16281
5725	5731
6534	9472
47807	30885
35058	18512
15203	1568
52908	42433
21190	22138
10680	10880
17286	17293
452	15236
37308	48109
4798	4800
20569	21426
49942	8533
6362	2432
13360	47520
2425	25500
25944	25136
17811	17914
14712	6254
37141	47821
47427	43609
14174	30339
4004	3979
39939	38048
25727	22609
48811	47009
8605	46464
42144	42698
1744	37248
62423	62471
58158	53154
24	50000
42704	44580
60772	60769
33438	14755
3654	1288
28943	6179
23389	8772
33447	31857
24364	5464
14064	38048
59957	59721
15172	13976
6085	59850
48156	32036
57447	41605
46588	47111
60935	61192
30479	1731
27155	8323
20424	9466
51296	51840
10339	29154
14575	12989
39842	1637
54570	33184
3826	13934
49433	49222
42825	29733
6616	3232
57773	56881
59829	6885
45629	42992
3269	4896
17749	43585
29390	21058
14631	23712
17286	17294
24868	36288
48663	5505
43125	36835
55234	28068
39644	39168
14511	27371
64	16500
35665	20243
20876	18266
754	43726
53285	33059
53499	56288
42741	11553
26207	28161
28324	3875
1627	13928
3101	41028
24799	15912
34075	38720
53963	55616
47234	960
25796	33724
4748	1776
45989	50731
18284	35138
55447	30307
42825	39239
55705	52513
2369	6533
17431	8800
20661	7905
33397	18580
48287	11339
26053	54641
1022	61153
55737	43522
27437	21792
53162	11744
22666	22668
1319	20577
27222	35676
40275	47840
56615	56848
33464	37690
4836	56449
7448	7000
40797	41038
58194	13888
28921	22965
61522	42913
19175	15808
10565	8064
32083	10344
54003	54496
18436	23424
43667	35842
32626	40336
46889	53328
18991	16553
1626	40709
50106	50128
48260	46843
45173	44241
56805	57025
51101	59512
24051	20002
35866	56577
58363	37825
19316	7664
40985	61100
61233	61057
53246	55960
2390	2353
36277	25731
39620	38203
60950	60978
20742	17506
7435	6787
10950	61232
8604	40225
21940	7353
46742	37465
2599	46496
6588	2843
11896	27522
33117	16328
55835	37511
6362	2273
36582	19064
37987	5579
42641	34784
19646	50144
17035	40427
51369	16929
39008	28997
2805	25668
28395	29686
41782	30581
15122	59153
4495	4897
43670	38145
23026	21594
7561	5766
54957	7714
24009	54611
27104	584
4966	13251
19426	45873
51519	35656
55453	55779
29109	20657
16813	11474
53858	30307
23481	21315
847	10625
7816	6242
30221	17283
32705	32976
837	1626
14557	16224
9060	20905
9795	40633
36286	33218
18244	18242
17066	40640
9542	4985
50068	49605
37660	37712
11911	3044
35726	38824
59737	5312
42955	50884
2198	2208
21454	9792
57040	56750
9421	21276
40933	15972
27542	49009
32252	31608
32891	20600
52756	50643
11621	2564
34136	32608
31839	59337
18816	32066
22605	8157
25788	51146
37064	30051
38412	5959
25658	42909
21557	21178
21599	27000
2039	2040
1215	36795
44564	44283
19100	34505
30733	40979
24242	40954
49152	50080
19688	11462
44850	48799
40950	45671
42777	60257
51070	13315
10497	47979
1041	16641
2556	22278
41467	41441
49352	46561
24926	61249
36781	1156
14825	30881
24795	30209
21682	42688
45776	46256
18216	17778
8721	31316
25354	56169
34685	30341
51759	52320
19198	21776
38927	55456
28758	32353
7541	4803
8745	54916
9026	20981
40633	41025
33407	36132
54279	3875
31787	20817
29004	35073
61893	61882
46739	48537
25257	22403
6139	11098
12	25288
9860	55462
58466	58510
47422	53376
20091	5357
35951	25510
17120	37888
51946	48432
11407	11404
61536	325
30883	42464
14950	8670
18195	6793
12714	36913
29421	45003
26175	30848
27983	11713
25808	9521
48768	61862
52322	52184
60305	58435
36351	18051
46919	43328
54213	51403
24971	33156
37222	36966
6864	32269
51761	42592
41757	28312
29185	47489
29895	20214
11796	26123
34642	7813
36531	40186
28025	25731
3279	22724
45904	24540
60621	5689
45137	43651
52376	52647
685	46568
10979	45085
3442	20168
30684	27879
53918	47921
328	49765
3360	30156
31044	25522
51168	53089
54145	54700
3460	3470
9231	59776
28697	60801
25578	30345
15456	1504
37791	53720
37229	45584
36109	62283
689	17996
38480	11161
35514	33173
10695	11872
23372	38976
368	57345
13617	5549
10234	8931
15135	15136
13202	50208
24916	47318
47568	31205
8593	705
23352	41617
51779	58730
25904	19456
14832	29040
36453	31526
44344	38417
48685	62148
41955	2341
34990	30884
30544	36832
44910	54636
46737	46882
8544	8545
57779	16772
3824	5382
3786	2528
32908	9114
24005	16034
59562	61123
20044	33048
45527	37771
59849	61432
38094	48320
36946	17760
27204	20032
36503	54212
18413	18401
3427	6536
42276	45888
29464	21880
8544	8546
35827	32061
60340	60321
15437	31126
38810	49728
17121	24968
25812	21514
62576	53765
42827	42393
2824	1122
18282	15032
39767	13888
43959	25633
10129	53186
18986	48808
35778	28720
19559	18308
26530	20708
5358	1249
25707	10282
50833	50611
26939	19561
45399	46417
27098	32048
27752	24897
17697	62209
2902	1611
6707	61573
12897	23288
35296	27273
8906	14337
30211	35043
12345	10499
5355	1249
56533	55524
817	769
4503	981
55298	54504
20238	29753
2521	15867
46185	42272
54858	26016
28494	31170
32631	1043
59153	53354
38304	55808
19817	1056
29676	44828
49447	58352
51122	288
55816	59616
61815	61731
6435	11312
11787	1188
57061	58146
37607	39507
35544	24256
60884	59589
61160	61123
48853	35842
46140	39797
17558	4745
17263	24706
37943	56192
46986	47891
16129	49649
23019	27503
4720	4747
27540	45255
61013	51172
61243	61411
60421	1792
43599	48064
61774	56960
14913	10305
57161	61314
53309	52049
56099	56073
4694	4704
39732	55931
19826	25156
27970	41519
51803	50576
33687	4128
40561	40513
50976	59717
16286	44284
30903	35847
36629	34817
57341	55971
19290	8155
5906	15777
49543	49760
2802	6881
51408	51217
24510	22856
23363	47489
42621	5988
3804	11127
14132	14101
27578	22529
20685	20568
7532	43776
1905	1899
36189	29152
52923	51089
18705	16868
46954	46232
8854	8405
8010	3333
26821	26816
50668	52608
19470	27654
52044	23776
17787	41428
20241	47562
1329	1324
24319	22925
8266	7402
15161	1250
12692	42598
61338	61217
46976	46209
34630	56871
21821	674
36115	29666
37102	40929
51565	51380
51728	6050
57106	57190
47692	57024
846	8412
61616	40602
46809	54368
6052	6880
45447	42624
12321	1108
30525	48580
10935	43624
5360	53195
59834	30882
4669	12697
45853	51594
41126	19729
34460	28801
34723	34976
33300	11400
47035	48392
50731	50954
34067	11208
21875	25122
34867	10499
18787	18496
1878	30025
3907	20768
18373	34273
4913	7072
13446	8228
35982	31021
55967	54144
23952	56036
37636	29728
61506	12064
52607	40579
9576	41884
59628	60646
18641	10307
32075	26722
5643	39970
34022	25378
31804	41120
46842	47170
27021	25705
1255	1256
15108	14137
7102	16416
273	27212
58648	61009
25905	19456
34762	35730
23321	23328
31184	5861
40066	54043
32597	38352
14618	9632
54538	8576
3295	3288
16187	16800
4633	4640
37037	33099
4844	20752
8350	21061
52672	29666
10004	1281
43888	37017
30609	30146
40878	43296
54469	55787
34931	11017
27218	29952
21730	947
3059	26025
43565	32325
21067	31042
43206	45574
49371	49176
40242	35022
6477	37064
51915	53756
14087	32706
41720	43364
59534	61830
13371	24777
30882	57059
13719	21450
7079	7040
8772	2305
58610	54475
61340	61019
46787	21024
51605	16577
57496	53922
46714	15808
3657	1288
41573	45824
13422	4193
10082	22242
26425	25754
47937	54368
9755	7265
32500	35074
48982	44909
34411	36288
38571	11161
36455	16771
15402	14457
10788	5411
428	9635
58620	58761
37551	30017
3805	55364
11134	31711
16593	21274
39486	34736
22735	22734
41472	8064
21882	43016
16076	34112
19802	22895
53918	51697
48136	15746
46168	704
49221	14112
59900	18368
22751	23481
40717	14145
38240	14445
45019	14914
35566	22311
59879	37538
55381	3055
23145	17043
43244	3584
19104	19024
58711	59226
18257	8682
12171	11394
34481	27258
5250	3936
2086	30019
57664	57936
1496	9633
57571	52477
54605	50976
3735	803
6912	3585
4881	11148
47942	45601
56036	30240
46387	31202
52439	906
35421	61763
61201	19232
40257	17251
32068	32353
31597	22816
55158	53946
2707	26240
25721	31268
3497	2113
21242	13888
6780	48930
17230	7140
61889	6820
823	769
8300	10757
39982	30585
36035	22338
24206	11096
57142	9073
15174	15179
37285	32763
11703	25666
34036	35072
34862	7648
15130	41027
24693	15035
50465	50081
9622	18880
16756	21762
6909	9298
42948	27592
61925	61924
31872	35121
12169	53856
47633	42761
21578	20904
8006	5627
8222	34278
59271	57801
41930	41258
32689	26838
922	16793
33629	36947
42814	22185
35893	37580
51874	47017
49542	43425
3153	8576
17234	38914
8564	38496
13603	13586
5587	19745
2729	2723
34965	38144
21210	6245
54209	56347
59589	47153
58419	58432
37193	36261
34192	49362
53022	1993
27069	17632
27088	26220
17666	19202
11771	11776
54270	54752
30350	58784
1193	4486
40920	40337
9959	12948
22458	10929
31687	29096
18403	18414
56413	38496
49224	37344
19311	17416
54992	55014
56840	55814
21230	6332
11716	8906
13990	28676
46793	52453
57039	57859
5587	32995
9704	21724
61075	61295
57329	58123
4435	4426
29183	41856
8979	21957
49488	61987
13250	13249
43404	40096
15949	15941
38990	36529
12759	60800
1832	27397
57117	57376
46311	45137
30884	2944
48617	39177
47316	49048
5164	5696
19692	30603
50168	45611
22582	51760
39928	24706
43543	43769
19007	41792
51541	6336
33569	7296
15479	39681
62511	62528
53416	40166
57428	57222
23994	26978
48732	1832
28124	46731
6016	9348
41539	42116
30606	37306
34035	20385
38262	34241
10744	10721
8958	2450
21348	54816
55718	31017
7709	9033
14947	9506
30264	18795
32002	58708
12929	13410
37229	34883
38321	7105
6067	3234
7826	60442
1350	1351
31768	25603
18197	6793
29278	28078
52321	47659
4339	56807
7751	6788
58583	60720
59701	59618
59600	60015
5311	19633
8872	8867
35576	32658
38209	17257
54152	53793
49273	48825
53575	60772
38895	40873
7206	22923
36007	11080
12381	12378
5506	5504
15810	15805
29975	15105
30630	27497
16141	16129
24853	2276
39021	38785
15848	10305
46526	37401
9471	35329
40028	36361
33797	31732
39567	43713
53962	56195
61435	61318
35403	1632
38614	32868
50832	51585
35227	35846
59103	61320
19927	21440
54146	51521
3654	36438
31704	46706
32586	32882
17548	14955
20963	13448
27786	26768
59721	35884
2217	442
46266	46155
43781	45899
42916	21792
47262	43365
1159	42076
32610	11395
13753	53506
21001	20971
1686	1729
45501	32833
54279	8999
36306	55524
52843	5504
20680	23970
18955	11657
48413	35232
25182	20352
21476	36101
29348	32864
11601	3554
8055	36394
29184	44417
42591	24129
48462	42273
10864	5632
38437	43109
25322	24496
44916	23586
48531	24010
20999	22085
56937	59559
49099	53913
9349	6016
40058	26979
45394	44929
39268	14272
25159	25160
6168	16192
37405	28548
47733	49248
35965	38688
51594	53923
33484	10314
41265	43328
25312	19112
17891	4737
52873	31326
57771	23363
15943	23288
52049	36645
61201	51521
1925	1920
48637	56066
13536	29378
51511	61339
20781	30784
7488	5702
4007	37833
36511	35906
14181	2338
611	596
26863	1282
5016	4352
17513	3850
9287	9282
11237	26197
19961	36608
30645	35315
414	15904
20889	1250
31015	22337
19313	17416
38943	58968
54958	60291
6405	22307
8918	11395
9385	21455
53299	55541
30581	37733
4191	11098
46209	46977
21776	15521
50577	7748
21515	38338
9396	11680
51542	27746
29500	19616
44648	160
22855	35630
36815	36182
46124	52057
23528	55872
51591	53836
11952	57092
19058	3725
55317	56172
4834	13121
32924	21956
13673	8225
1108	8036
13334	2834
14960	2247
35769	38558
61019	61788
28155	26458
3665	1289
32922	9624
6511	41314
32665	15328
8270	7402
7643	10880
9338	4657
56590	56928
59294	57613
14939	8464
12159	46912
11178	652
11491	25606
23503	23402
25906	19938
5831	4133
5687	19474
46152	12964
9887	21727
62512	62530
7045	5376
30121	4900
1585	363
21744	2649
22528	51587
21080	21088
40778	39457
10518	8483
48718	57675
4860	4865
61464	52456
62263	41179
2766	59973
29124	49795
33899	33692
11492	17457
889	28720
12067	5778
33211	24841
15218	24590
38656	23686
29488	22068
21028	22051
23263	53346
47731	46561
18340	26436
35431	47707
7403	19846
49795	50331
45858	50881
59208	23360
19252	55169
1973	4512
22204	1225
5299	17536
8980	62089
27051	12994
58849	31875
33717	19490
46439	10498
51305	55712
18051	15154
7042	27976
61395	61396
53165	49724
13563	13568
43575	39302
2623	2632
785	18181
10703	31268
55559	46309
29429	36554
15704	34159
53689	28801
58147	60108
34726	32988
30744	46712
19762	25945
51451	52224
6981	3875
3926	13184
18093	14913
56881	7905
2279	4633
746	644
55540	55072
22148	17259
62287	33184
52855	53672
8960	2450
28935	35079
29931	51779
227	209
21905	27241
20902	1138
46927	47936
60935	60066
29043	29760
27061	38248
4245	2970
31331	33427
45085	39132
12353	12352
12286	12280
46182	31238
369	2308
18702	3309
30567	25668
12297	10944
24240	20774
48696	47937
56194	57506
31349	30690
57405	54865
49542	47651
18854	24021
40391	32130
11270	1505
46447	61056
55713	14456
521	517
12473	40288
36384	9923
29375	9624
47984	40658
62344	29666
38048	43056
53887	53964
15497	15493
54245	29920
7631	7625
38414	17324
19998	55136
50283	15463
17557	2144
9568	34880
61243	61053
3112	51267
25402	66
46589	40257
49724	39616
22079	33418
15436	58328
23641	21314
20580	10476
2384	2432
1211	30742
6571	6563
40429	41470
53887	53965
25030	28612
43051	51173
20048	10497
18147	16245
60210	59894
3556	1114
20044	57121
449	56961
17855	7074
12941	22585
3460	3471
15734	1731
60948	58784
36713	37248
12307	6882
3861	19254
54966	57496
58682	14823
20820	15571
4202	4184
51802	50576
24496	25324
7706	7685
38733	10112
7319	13816
16361	8088
35682	56456
38382	39463
11003	4409
21097	8985
39309	37093
12063	12058
387	59344
11683	2880
22648	6245
52896	48968
46889	47907
28706	14224
13661	2
62042	62049
34042	31961
9275	9280
13848	11088
50483	48065
41113	10309
60011	55816
57615	58272
14539	46240
4264	11136
13369	57603
32379	56485
15929	16683
21191	55527
35290	26634
46703	57472
38809	39169
58204	46640
29749	36484
28059	19000
2810	29559
2954	60353
26056	26821
45463	41832
44788	24132
37102	34737
23534	13449
32950	49612
39993	43105
4973	5253
31972	51344
27810	28768
43994	50081
35502	49164
4029	3984
12692	53641
57812	57376
40585	58634
39696	40945
35580	57696
6863	34867
42067	48392
11317	56162
26726	6529
18423	27312
31586	59203
4400	58883
52279	49498
7047	18775
21986	32864
42416	41866
39447	37937
19930	17026
20600	39003
617	2305
627	2307
40074	42368
34286	32288
17659	281
10616	57564
42955	34149
2558	4897
13220	33092
14335	2976
6523	450
32123	20052
40931	40972
53495	56795
35347	44112
47520	22704
39210	44298
1545	1538
59410	58753
40970	40367
20179	8720
49352	49379
9903	16528
7906	18599
51051	49153
32634	5314
58303	42211
31649	50075
50451	50226
60733	50913
8703	8704
12091	31770
25523	21250
43992	43180
36503	36502
31981	6939
9487	25504
9829	32864
55676	40163
47645	46268
52441	52027
35861	58835
9285	9282
37015	48770
46439	548
55762	51521
50840	15201
61324	44054
18960	26975
10522	20462
56408	55625
35643	48664
33795	32016
21473	21921
54993	58752
41471	2849
39869	42177
14158	57120
24063	23801
45849	47707
52954	53216
54126	34276
10404	10402
17052	5324
24305	11560
11358	2497
20772	20773
25426	19456
15592	53945
39464	33826
33320	31202
4669	12699
20301	42628
19143	37345
30404	30246
13469	25701
518	517
21400	21384
16126	9285
1526	5337
18244	27116
53652	38693
634	22028
56687	7040
24814	20272
6379	20966
284	8576
39263	3459
34497	21145
15390	4512
9799	8666
52449	15457
1339	1344
33313	45137
34565	33258
4993	58991
18809	18816
9478	15424
4210	659
30002	6242
30055	12449
1767	61057
18033	22673
10961	25281
9582	41091
60107	1600
39181	29209
55531	55744
25757	9633
38536	25672
28934	33568
37092	44929
16042	8609
55005	56324
11474	24736
4010	16738
8531	8512
10166	49857
48709	43797
14225	33445
35731	37825
14890	36772
828	1604
35096	46613
34926	2981
135	51146
38941	47547
38092	18372
25452	25402
43076	43301
58893	433
40713	37155
3026	5345
43126	44993
30848	18561
14547	28807
11145	55265
54786	53136
17568	23425
53359	61317
59843	59752
25463	15026
14485	8384
38682	17035
6443	4868
44349	46960
7659	8330
23615	23772
3065	10962
55278	54875
15216	6536
17672	12153
44369	12192
58930	32872
17996	20544
3402	464
51473	15328
2293	12760
24219	39560
12771	32290
47885	46754
21895	15193
40296	42865
61010	60779
53668	53125
10144	54908
29173	1890
37906	44060
33043	17760
59103	61648
33856	38856
16242	18082
4169	57024
47862	51048
22391	28550
61522	48451
14101	7023
35034	20644
9464	28263
25486	5917
20655	13595
3552	8455
8858	33498
8102	5258
2062	4961
55809	55840
38726	48865
9825	47524
28714	14825
917	898
8993	52932
7773	29752
61573	17571
39925	49707
31752	31756
25897	41035
56953	56513
12128	8355
6615	3232
6172	6169
10936	52006
44745	47053
39734	54783
11446	3995
11023	54209
22062	27104
18736	18730
14028	48608
3984	4032
37939	45185
36391	41952
5080	2380
12299	9622
13563	13569
1297	359
33071	29666
36500	34931
7205	1548
36758	30672
3831	3801
49976	16986
19	1
54113	3556
6626	6624
13211	11802
1387	58377
31187	37031
6822	58688
39314	43267
35798	30432
16377	60724
53241	53640
42342	41736
28384	53515
30155	10308
59628	38310
37778	1144
13161	80
39408	1056
40380	46965
34536	42114
34296	29520
15862	15347
29806	29343
23503	36803
32370	26585
51980	48195
36437	17283
27413	25264
7026	26561
12984	15137
36114	7718
48799	39717
24522	8325
13809	5248
31783	37858
9466	17120
35160	10001
53690	11648
46668	50067
19838	25041
5554	46914
3956	52609
40763	40556
16892	27000
20184	26086
9181	12025
42858	17186
29170	2976
40362	45701
27125	45058
20767	10529
11381	128
58115	57611
2138	14896
28997	50912
15888	15873
52406	28801
36680	26319
56736	56474
54185	21349
53521	19616
24147	31970
30423	18689
14540	15235
17224	17220
51222	51872
26385	42146
48454	11208
28948	28822
34076	21766
26404	25588
31942	1952
28403	6880
47755	24288
28932	1744
5356	60297
24766	26352
36486	16386
59326	13920
59464	59673
31651	10870
45119	20547
30519	25066
4272	4256
31772	41025
20291	8009
36733	26321
62098	41280
31025	15265
30545	39168
49802	49744
13101	13100
37154	45987
3703	44049
24665	18561
35999	34880
62189	13153
48089	47844
48670	50808
49531	49222
51255	61536
7218	5637
58606	46981
58454	7712
51091	51333
17964	19624
59270	41605
925	12501
660	2886
51916	51877
35306	38727
51839	52737
1221	32449
19700	14489
33058	47138
3820	2496
24334	24416
30499	35235
8117	22691
23959	2432
8334	6721
44435	24505
917	2309
16203	16497
3753	34208
19258	26307
3242	32332
1554	14624
4766	424
49399	32672
28882	21424
39989	16520
41705	43088
38617	38336
8290	6969
50520	37352
54577	56864
22294	21265
4814	14599
33344	25340
31755	34248
36157	45484
41455	36803
43870	38861
11449	14112
16618	24146
26389	17123
41137	40356
57806	58074
54019	53282
27520	32532
25562	61116
13161	35976
51581	51724
12370	1609
17384	42003
3005	11479
12671	25479
38633	34821
20803	26979
25219	28117
1907	38785
19189	16217
41298	41664
55834	55808
21442	26656
2363	35474
494	512
28605	24483
3720	23633
47356	56001
4780	3996
33109	34005
20517	20512
62267	36356
55811	55845
2335	2337
24531	24544
8907	31936
32952	61240
34314	34161
51689	53795
55722	31017
48695	52307
16651	10137
15018	14131
3645	97
21437	1729
6085	57347
12148	34112
9404	43056
59006	3938
21397	21888
27438	16961
15487	8362
29117	31970
30324	37072
6792	49352
1045	10629
2321	194
22622	24384
41450	44768
15625	15617
52258	60000
52928	50643
20843	23489
61774	33348
36137	33408
29350	35680
31496	31840
5074	11976
45780	44611
53282	2690
4240	5413
4350	12644
15204	33821
37742	35507
10940	22624
42712	38698
47947	45602
34332	44417
8661	54113
4586	3411
5281	5280
22651	22648
26323	24384
15882	15868
9444	29280
27975	11758
42057	51601
17883	43840
20179	1324
13464	9986
31598	24260
14920	61899
3836	3801
16888	4448
17291	39337
43996	29298
1488	51360
35247	59354
8255	59886
51908	41115
7449	16033
34494	33090
59361	23361
48241	21571
15948	46626
15305	6496
6424	35840
7203	14688
24706	11472
17195	55960
13360	50465
21300	17265
24263	42323
28772	26341
33680	8970
29378	40455
31276	11328
39902	28548
17773	47145
2888	14140
30232	47936
19692	30605
16578	5600
40586	39968
61371	61368
40061	22818
19920	9892
4560	3266
44609	23969
15623	15776
54911	51555
60497	61257
6416	29584
4893	16635
16024	49208
12331	11329
37742	43134
12147	11459
18626	24256
49662	39458
25028	25504
26207	28162
26845	25321
32747	21834
35534	38309
42719	43072
33224	28176
40564	37736
2958	38657
1605	10187
36604	50532
53242	54283
19224	28864
61162	62306
59218	60417
18289	38323
58419	57508
15487	15470
34262	31198
44414	30694
35207	36098
11638	34434
43727	353
41522	45888
31770	1217
24039	34505
27927	37376
2924	288
16520	28608
7460	36216
38407	29666
56464	55872
23888	61340
2535	53668
3164	3168
7320	29861
11829	55625
12647	4992
48663	52164
26462	53939
21169	4914
7310	48864
51194	50626
38370	37033
57295	51872
10294	29634
21258	13490
59655	1601
8902	8707
11417	11394
60014	18083
56750	46435
59544	59474
45757	50336
3501	21945
3259	19164
56725	58100
35761	56645
59888	26275
23608	10016
40020	31490
51097	59584
58903	59036
45782	39164
34137	39968
20819	59494
46604	31768
6575	6563
2910	40336
56262	43683
41210	23377
55947	61536
12786	12787
10224	6752
35653	31715
15293	18736
992	10880
12342	14464
9456	10624
54019	29243
48299	36512
56608	53510
43171	46302
14798	14792
53031	27841
28244	24865
5365	8918
56727	48226
15014	15064
19786	18044
36685	6888
45615	54049
40714	60401
11215	11587
58729	54496
19553	48704
48376	57515
6185	8229
24242	39199
52375	54426
2792	34241
971	962
22438	5856
40800	44768
18639	27544
51063	13696
28207	36288
44645	36864
8067	5024
33289	32688
13319	53536
39735	60246
55509	55389
10936	33455
4355	4356
19320	16610
56859	13081
42444	52706
23252	11584
42809	44280
58856	59872
38305	58589
3827	651
37932	37929
9803	39488
12217	15101
24153	13595
5372	1475
27733	23795
20518	35684
2511	46097
23385	24334
6551	21702
23161	57110
59738	59808
27026	28930
20665	46468
7390	31424
5379	8449
5979	425
49361	9697
17883	33989
39039	39120
19635	8283
20946	39456
12300	6881
25998	31968
11326	11312
35007	56448
33431	36945
28882	30898
53415	28865
2901	52867
24938	27611
56265	57280
41329	42208
24179	31008
41110	40140
30170	30161
25191	38048
12183	12177
45391	41346
13803	13801
25350	43265
13467	21899
30915	30697
33058	30023
19265	13016
1560	14817
40552	28561
34191	17324
13100	12522
46172	14753
6607	2912
52225	55833
29495	18736
2363	2349
32132	35236
44307	44022
38560	8364
32065	37568
46102	47523
33418	5157
44987	39396
39169	39233
29951	61351
35186	33686
3503	13220
62288	28615
58605	30597
5211	54918
57254	2979
14529	46730
31136	29920
59753	61510
2116	11336
48290	288
57159	57161
27540	45256
38403	19515
31734	20992
40508	39936
46432	32266
38162	32425
29553	11266
17407	23520
29905	33698
6516	12576
35657	31715
13357	25337
8603	45008
54700	48417
45403	46432
38977	41312
34414	33553
37894	11083
22235	6112
29917	20048
54189	17966
44536	50220
5766	5760
11428	7073
26149	23377
387	38869
54924	54296
56898	26982
54256	62423
15242	16865
33521	39088
12393	59006
14920	5396
10187	10184
10198	40945
19204	18896
31164	47168
10456	56955
51744	52550
5809	1412
9212	9211
36011	32960
55886	30055
17389	16610
5502	5497
50122	50646
12636	834
40381	48862
2627	7490
54992	55015
23230	20743
1991	61334
25191	97
27766	27371
40181	40184
57646	57462
43275	41305
52	19010
37411	37225
11272	62042
18538	2032
51983	19616
57806	46706
57627	43281
24957	31440
190	44723
49471	20547
44337	31206
20002	21250
50450	24129
25671	49952
5003	36673
19935	8828
29241	50444
25693	25696
26958	37346
10289	4812
492	930
17784	17780
59587	26596
17011	34824
25488	22577
20810	26119
32781	59435
45299	18425
24179	21473
55404	40834
13575	9389
34196	36746
45752	46056
9300	1281
38125	57603
4817	3193
38719	21697
3926	13185
55461	41351
37937	31651
27730	35648
38133	36960
32792	37888
50	697
57860	50596
3993	2560
46249	45643
56247	27138
46095	27712
51600	10497
3348	3361
53662	49148
43592	25733
45592	45320
53689	3266
17766	14144
13678	8227
45983	41163
59013	34784
35412	38176
57329	62368
15121	15115
40480	30051
42007	26713
23284	20512
2611	3614
29943	26769
24864	19488
40118	37291
48179	48834
9466	8004
36458	58122
33027	31133
40606	41155
41112	47465
40692	24689
39263	40390
17863	29932
34144	30705
44361	42497
59101	50627
13772	14055
29058	25797
61955	51361
2891	14140
14759	61360
47710	55473
31735	33740
28117	25986
32046	14851
5051	10272
4043	28296
18446	27994
12420	47777
46858	52760
19612	15746
33770	46872
44349	1250
31961	34048
36653	43851
21229	24938
9470	28374
25796	22516
26020	53008
48129	17572
50437	17825
24055	6306
62449	6853
9948	14096
42425	60890
24049	44068
51045	6849
3862	3056
36629	36102
15512	19112
8689	8589
28595	32800
39154	15462
54833	61988
19386	9125
43098	42192
7050	7037
7272	16018
9450	16641
13861	13856
19120	50176
2167	17329
14653	14657
6419	11969
1859	2690
10829	29964
25076	1219
43051	37063
54515	53192
8979	21959
36388	33106
55429	55456
19193	4449
15953	15952
24430	58812
49700	47088
31961	34050
17593	2371
16078	43027
30423	36258
53549	46119
55225	53505
41398	28683
59298	35586
58595	58104
28624	37456
18364	20016
57334	50144
40609	52436
3101	53004
63	7
27918	4856
41053	43817
54837	44256
18982	41254
61774	57832
4618	33246
56657	50372
21307	34488
32354	18860
36447	34241
4967	9756
54234	47904
35272	20409
21834	42532
62265	2720
41670	17186
39947	40576
1851	1848
18215	17440
37151	53214
48418	47201
15221	59042
27225	11713
16324	9825
33391	6912
39357	37702
13115	11402
27976	11712
1037	4355
5525	22147
40547	40480
21344	40957
1515	61504
26340	8362
50107	423
55660	11744
19914	38497
23105	27337
41164	26752
39793	52818
4573	18064
33073	47353
14519	14548
57965	6891
5042	25026
648	18912
22740	26592
36201	36915
62035	29776
4398	16452
12032	18689
37181	32065
44421	40430
15655	1
55773	40998
41415	58482
59511	4993
14416	29795
28775	13313
39595	43932
42069	24008
55222	26178
2673	2658
26965	11492
57135	56163
788	55879
5361	2
5202	9349
10262	6475
58474	58137
10623	21056
11457	35724
55741	55531
36517	31488
3891	1632
29219	30274
44817	58122
49968	49320
44392	33280
47102	1505
13049	16934
39642	4496
30124	25216
24273	21946
59250	59249
53146	49418
16020	35557
58123	40224
13678	420
21977	28008
59687	46594
30926	31522
39537	30188
28511	108
10623	9798
11927	28472
49119	52428
58772	14054
3653	24004
40404	39507
42727	36232
46421	45401
14463	62235
48870	49031
12430	12429
7919	30656
35401	2496
42557	7585
46273	61476
57371	54860
35423	4324
11740	1728
13109	62113
36557	7682
25116	27865
50552	53384
26977	30976
1728	18208
58478	57875
61838	61872
8438	8437
30149	16552
12748	33544
26229	2705
48206	50564
30771	13350
11065	26249
27047	24466
31180	29843
1117	1099
40918	3938
16879	16884
8870	2951
41822	38977
9913	34656
26978	36355
49159	5925
28234	3435
1500	2859
43417	28706
57036	14753
31986	27925
58919	57208
6585	29278
22235	10277
57527	8993
55129	53116
4465	66
19073	17354
21362	55225
41367	37498
4374	22608
60063	18368
30071	35171
45128	44619
32989	32944
55487	56896
27671	19745
38523	39676
33543	62016
468	56632
40212	8066
6390	6387
9162	57132
53875	15238
24283	12122
38740	28712
11316	11328
30974	30976
48467	53125
47885	48882
2758	18176
56006	51556
14057	2430
57953	53458
27875	17914
3901	737
43709	35177
19165	9856
942	13958
52565	58144
17099	2432
15147	46712
47713	51318
14648	24384
16230	56395
21471	23675
56088	56198
28549	14049
31611	59720
34027	43107
8334	10466
51944	51075
15216	4772
10772	14416
57824	21795
29304	8224
59987	51746
60044	59848
4914	24099
61221	61155
14648	18983
19364	23680
316	47298
862	844
56785	53442
54497	30817
29442	32162
36411	30848
38314	7202
15398	33664
17398	19943
47060	35010
61191	62110
35636	36102
31586	29963
41544	15513
27216	25249
44258	34402
6501	6880
34649	32880
13029	430
22806	11713
11567	33318
5865	2432
52152	57971
3575	16484
53014	51686
4491	17920
53689	31399
5072	5067
34784	18912
33462	32808
1392	1387
38516	22040
57479	58291
42585	40530
32556	38592
50530	15586
21354	34008
58683	33562
59434	59393
33842	58800
4534	4544
47808	30885
16759	9715
61408	19968
25815	19888
3562	9249
18047	22859
48957	48865
54353	14467
36723	34201
22980	1873
15484	47842
57560	46704
62017	4490
10899	59425
15821	29634
50917	50457
30218	13792
5606	2920
15028	27145
5001	2690
18602	28224
12098	15821
1156	38483
34653	35207
17889	6656
4720	4748
36018	32936
44362	29728
30836	21098
5533	19456
48144	29478
25869	23339
42579	51473
24167	20553
43971	22818
4899	10893
57120	11139
7226	21091
10779	55055
26094	26712
43625	36836
4539	46731
57948	49730
32194	23072
53970	51226
62299	10721
32443	24689
8464	21600
6705	23230
46102	47524
59625	59808
29467	21880
42449	41704
58232	59289
12801	17802
3643	1282
17874	4024
24736	8732
51723	52031
20070	56971
20057	994
39741	45244
12307	15972
2726	21901
20938	17329
53657	53578
10989	13291
44645	19490
40829	33017
26710	45484
15873	13062
15360	11556
39291	19681
39084	24129
52282	28801
21935	11744
52622	52364
8905	2945
52488	37985
51821	2880
10438	20420
31424	40163
1079	54934
13763	3200
29345	156
42314	41265
47237	45213
4465	4470
38855	49985
52949	54873
5102	19248
1834	26209
9787	8727
17854	38665
44456	43428
2966	14905
646	3081
30866	45264
13595	50258
46321	48032
10342	57121
28404	41513
31588	59752
25506	11682
9579	67
46245	19845
10749	37464
24820	24817
43466	51657
40163	28704
25340	10082
39301	52843
41514	38065
29272	12347
50676	52352
48679	49200
60189	60082
23020	24146
32139	15728
34283	34274
60875	112
13443	30881
15513	10979
52415	53061
38941	46212
48934	48841
3326	30960
16230	24505
45418	45419
4332	6944
30002	18564
56341	53632
7881	7911
51016	17696
36141	36140
38887	35924
35998	3665
24703	31193
4812	9861
39193	36497
31936	24129
46162	25098
48626	48056
62096	4375
27651	26458
19517	5264
12366	41198
29451	46384
17053	34008
39110	40593
7419	26601
36918	22817
33933	44594
7204	11616
51114	50961
20451	20450
51966	51875
56624	25354
14064	37840
47305	28088
29837	3584
40757	37154
1368	10160
60885	704
198	16161
11477	27947
19972	55809
4342	55495
4481	23944
61347	47616
42426	50096
35284	51972
29525	28801
24831	37645
13605	29776
46243	45855
15782	4513
12249	9516
3851	1372
25919	23890
3492	16066
39460	52252
13655	13664
49302	46192
13592	13584
6833	48495
45510	45368
14955	32290
53240	53636
4432	18768
46137	2432
28228	40928
48922	21440
18246	4592
10412	5927
47099	44611
46754	49985
55206	56577
26173	26502
17825	3392
35009	22584
14172	14177
34657	9913
11792	5409
25476	27036
8317	8330
3069	9761
32522	27200
35892	20572
11806	32532
8800	5061
32451	50564
25067	16514
23035	23032
60913	48065
28766	52769
4677	9040
6316	1792
34743	32224
59856	59401
33776	18342
18400	24513
48478	38375
50290	48608
37311	34054
28576	58144
10588	8065
56672	56673
4629	24513
53196	2306
57510	56194
20682	30400
30675	21881
8479	15200
16498	8912
3026	27638
4633	4796
10646	849
20677	2307
54343	20512
62369	62373
24135	25148
7699	1092
24133	60427
32988	51744
40120	36971
40263	44768
46271	38912
39268	39539
15114	15115
26161	35917
46706	56177
37297	58720
8174	19169
