55211	22286
6763	11719
6263	1139
39269	43547
19395	59368
20282	47610
56407	46699
9464	30743
59411	60882
2778	5010
35958	34608
28106	26006
35597	34053
6801	25991
61930	26046
54764	15001
19691	40535
25195	57025
32492	18693
38373	8434
14350	20169
48062	19677
44120	3949
43582	1179
2237	53448
25886	130
60550	13797
5720	6992
18411	34252
36206	34334
11284	15334
46572	18006
62288	54273
61356	37024
16774	15363
53985	13887
7706	42537
58566	1118
55654	48568
59250	10705
60088	1882
25152	725
58118	12757
37537	41328
42312	59652
35777	25182
11017	35172
51496	31408
56059	16206
38351	12100
26856	52338
36190	22922
15594	47067
15229	9656
56003	58383
10429	30233
35203	27082
1444	37348
22217	53800
22850	19254
32434	43005
28445	40914
412	54234
6943	16007
19596	23866
27939	62074
35804	17707
10869	38312
5111	40148
17820	59695
14291	14631
22918	21429
24777	7769
9526	45297
3689	53469
51159	20880
34877	42590
23111	49567
10510	38761
56607	50416
56627	33921
20272	62121
29293	11952
25611	58660
12573	17530
17998	54808
219	52695
14539	48478
26660	26434
19003	14002
15266	4109
22261	52311
57323	5262
11053	27701
15813	3925
44314	56909
14677	5921
37748	45800
29431	42798
54916	34713
61116	42912
8912	38992
48098	4069
17683	16004
18535	11612
44565	26502
21653	34066
31255	33604
50096	22044
14314	3637
37375	47706
54477	847
18998	48410
21531	17759
17413	49744
9210	56045
20405	29935
35785	27584
1018	38471
11151	814
52315	52671
52201	43798
10472	33262
54543	7676
53372	43722
39589	293
23148	57685
11074	60092
6104	54703
11778	53532
21210	61647
40085	29511
42711	50591
41888	19477
48439	10002
8552	16315
24586	62043
11074	29525
18017	40583
59653	59269
24319	58477
17184	57635
13934	37071
4205	2717
47686	55209
9392	17723
39586	41616
99	35998
40469	19795
35868	58041
2712	24152
54847	6960
24557	8135
17580	21292
34727	42968
53596	12090
32254	53633
19694	28632
4755	305
24448	36680
26146	23254
9298	20082
8153	12130
2466	7795
40924	27286
49934	60704
23652	1212
53048	48999
22583	16769
6975	12213
43807	2395
4016	51398
17488	10964
8339	30330
45271	32429
33340	6517
50187	1820
14075	50836
24296	31251
36523	46542
31272	54514
32307	40310
16055	15499
3429	11741
48223	28708
4225	52324
37967	53439
3708	12620
60648	18308
13763	13782
31133	22746
45622	16425
36391	32563
33578	38029
48539	37100
31782	8615
2277	59485
17040	7516
3177	35381
48517	40030
9911	60051
50929	52091
51167	21637
41523	47667
46967	48593
39903	842
44191	48377
8887	53589
8762	55092
14446	11030
935	40516
7507	12638
21694	20986
54087	42237
17058	20489
14678	42754
31489	49384
61533	30461
18949	38097
35808	60310
35316	22383
54574	44788
44912	34390
3192	29434
59253	55806
48381	44470
61463	13298
41845	41942
30544	62017
49588	11957
31272	4826
52583	59548
51288	876
6826	15716
16378	48227
58222	28413
43796	56347
51877	59294
49462	12628
9922	52364
52173	28853
36318	30537
18130	61571
1981	15571
23384	36766
55026	26591
5152	34839
54309	34237
21395	57981
61413	19236
8581	51148
61067	48704
42260	42213
15115	43653
9121	55223
5092	44448
38482	18109
26056	8707
43192	2375
45859	62173
46603	6451
46971	1383
11848	34437
36341	22724
5233	59882
48011	35353
35817	39733
32066	57641
53940	12730
36196	32862
38071	46075
35544	12290
26188	13776
53051	40443
14772	43554
47608	10679
12313	42008
36704	59385
42785	25570
27831	14965
38652	4786
45106	11764
5916	18246
46056	55508
9560	2050
31536	20576
17650	49739
46937	19296
37033	27856
26393	46967
22642	10006
19860	55973
47804	10012
52227	18886
7560	14685
20393	49500
5217	18140
54720	40475
13033	38932
46860	41299
36303	56709
6684	41791
4899	58454
14503	62121
58888	36416
38470	16054
7490	47132
14336	9385
23931	11496
55829	8400
25302	5123
255	27115
22104	44987
37133	51298
36716	57511
59164	34060
61331	33890
40213	57418
30319	58398
7301	29430
50763	19577
38806	54914
50618	10155
7678	37811
13134	50776
11487	56531
45562	19705
42811	5568
41133	19652
21817	23158
23982	46109
7402	25780
48010	46547
8848	45836
33751	48642
11589	25487
58015	3349
34172	6988
10700	50568
49658	23229
22971	4819
21472	30170
51436	56350
28178	25761
38544	56925
58399	16882
19994	38479
47336	56186
23866	1205
4419	26478
45943	61260
51574	21263
40438	20278
53418	30845
44152	31604
13123	15390
50961	19523
62498	15996
29973	18126
4431	4099
56725	21169
35431	38630
11590	34865
54853	58452
30513	46774
27065	57981
24755	11190
9410	16760
22617	16367
35338	18742
60863	8745
38573	55100
47541	56135
25425	41312
33711	12592
1562	23822
15705	11998
28348	56273
42519	51665
11258	48685
30285	35330
25183	44133
7293	9112
12753	60476
46937	45941
2109	54291
18090	33462
25506	17698
47092	12974
56341	21055
37634	35689
61087	37946
31824	61333
27558	60259
57898	22946
12898	31744
41233	29830
54744	31685
46084	50896
18108	35653
5932	50287
11839	26580
24005	50544
40393	5835
6177	44507
54384	29483
62249	512
25690	23311
38251	61879
38633	32699
18100	34387
51593	30124
9253	40536
57916	1464
47051	15153
9567	48808
51850	7518
46220	16673
58553	15696
30116	27745
36919	25128
34215	34917
907	52495
15669	16400
3791	54694
10912	54340
6399	2826
39922	6258
51033	29014
26872	10226
6738	51199
12201	23918
15175	25312
45981	26637
1765	34527
30756	11010
4018	60606
3793	60790
54378	49816
7824	29694
3037	28998
988	147
3302	49642
47548	11327
47343	30731
14301	22538
33267	55018
29856	52147
51288	21812
54721	13820
39932	41369
56313	30432
38966	51007
59322	12681
26935	13198
3671	50572
44537	29675
1084	24975
55822	61490
31105	60476
1177	46963
25636	32447
47363	8565
58732	60303
51181	30167
46330	15025
12255	34699
27280	29275
49627	33226
53146	24280
34225	14999
27602	4396
34515	11670
36464	51834
11274	4683
23228	15870
11277	56351
33263	47096
40715	42899
23496	27871
22956	42122
17226	61908
33248	3658
36422	46811
119	11836
21772	27718
32420	50402
33171	28961
18656	19448
41903	7392
43672	54781
52161	48666
28442	23922
1917	59985
35475	17967
40936	54639
36812	7829
3253	8682
43758	54061
49820	32629
45245	62008
8069	21036
20616	60206
62388	28545
15664	9028
23814	13267
16000	9784
45685	26921
51090	36499
55603	46611
23014	39752
60831	19374
43515	4866
43178	265
56119	29894
26180	51848
19781	41015
1864	22450
24397	20811
10501	40721
16633	49486
41963	39496
57252	5859
25520	15105
38238	1040
7967	13013
41100	43673
19655	55395
23059	57215
2543	32046
25139	50576
57815	61317
62384	31097
48230	59552
34400	48630
18959	30824
38890	55616
18299	13833
2938	49137
14423	56022
25441	5350
47815	54240
5257	58561
12824	12053
59540	40980
40512	32096
23813	455
12028	60266
32043	43807
2566	53380
58254	46943
56753	7841
24729	58987
1667	47415
42139	4195
55202	35353
58757	122
10302	34584
55139	10783
23903	59688
38184	44511
9888	29084
39423	2944
5610	51565
14560	1929
49720	32283
18656	39550
56424	60129
1990	31075
28041	40090
36637	44755
55333	23244
881	29164
20134	43094
7521	12411
22321	12189
363	7903
49868	34135
13571	14945
1758	23868
54387	15214
38363	40016
29334	58379
11061	51271
43114	49076
47772	48693
61129	62458
21231	31493
15048	39987
21979	33827
2527	35167
19078	50657
43587	34098
36813	40151
16186	30553
31179	39495
9578	30198
8928	36077
4158	47459
45001	19885
50892	45423
29301	106
35884	5586
12372	51189
18609	29778
56181	49206
16146	24068
58408	12398
61024	30285
3615	43486
59083	58151
47077	50344
950	50030
24633	37675
58736	2414
44333	54350
54168	45737
16358	35837
40926	25260
46729	49956
25694	13726
17165	32671
41639	29300
47979	58255
22606	5662
17028	29734
36813	9541
57300	26165
38268	20835
53263	12427
33498	41084
53706	57956
34136	4342
41707	950
45367	40910
54022	1259
50215	25809
17425	34036
18299	22705
6824	43362
44133	32398
59741	9783
51526	14883
50016	17861
55563	13467
3501	36512
13300	45724
56110	56165
920	17565
39221	22412
30742	16850
31298	45729
10847	4196
21733	124
44085	30126
26037	3133
14301	5779
42106	39367
49005	5372
28529	20341
3151	41663
7188	9452
41649	25784
44870	42374
9446	51003
53345	39661
6810	10418
37859	25340
21627	61317
19801	45154
16207	18869
56295	51644
42340	43369
40219	5445
51643	15563
46951	35591
16079	55987
7491	18669
9219	37858
40587	31932
5299	44474
38331	11630
14984	36969
958	10702
1714	39215
34017	23831
9551	6273
38028	44522
33749	44843
52271	45182
6888	26133
34514	14431
19612	3870
46370	34313
58617	51005
37168	39220
27121	38800
13846	46359
12719	58907
10650	50679
12098	46596
23769	29652
23826	45340
35816	4952
30662	49863
56398	48008
17083	55318
11347	40769
19542	27240
19904	82
23610	45584
60249	682
31514	43656
54765	2939
13251	20505
42812	6595
47892	9871
28967	61523
29213	54943
29031	43062
26674	54648
882	60522
23557	1858
42789	24322
24989	1624
24099	22209
37856	37836
54016	23162
60971	31004
2016	62385
5481	3585
10076	40500
50134	53052
17118	17207
5375	25357
21866	50025
40691	58130
2947	22613
23990	793
60191	45820
52969	9601
50954	11378
29503	30135
58118	27189
32191	58299
58530	48580
51774	9902
4821	38412
12268	38618
15066	33151
12876	4335
42364	49745
52034	41633
61102	59631
30852	7065
7687	41609
55232	34455
18349	48470
27100	12336
20653	21069
48158	30338
4799	50676
6232	60018
38620	1035
20398	28405
45496	53800
27739	3706
51563	3142
14824	32265
18624	4604
35528	49362
17131	41648
7705	30273
42175	36755
14689	12193
47426	47712
22750	27410
57300	2183
7532	51366
2313	31218
18029	45279
14006	56993
20571	4587
14635	48113
467	4248
47937	10676
44868	4225
10102	990
56947	48041
7008	24098
59400	12746
17346	54878
25853	18118
51193	30244
47162	31341
37203	42851
31162	48268
6284	48776
24662	15767
43989	57798
44616	38317
32471	41181
38935	59845
29001	44198
61511	8765
42311	57399
50142	10450
51707	34418
52243	56612
55553	46725
35072	34302
27301	34447
11485	36198
44339	11939
40816	43251
21277	56500
2393	21551
28047	22127
56971	58810
13277	58548
50570	25251
24958	17528
24768	52121
10665	27345
9575	41743
19396	31146
775	6306
56587	29140
50554	32617
45531	4938
12393	38009
45311	38168
59547	24786
24014	61649
13881	40675
8519	10822
30777	10932
9364	38001
54244	17850
8578	56144
19927	58483
51953	26668
618	46210
24236	36779
10347	36614
17110	1083
47972	31795
11971	37565
40675	30037
11434	13734
60537	54020
10516	30146
31705	21321
60472	11045
52805	12612
10939	49861
26786	36964
14198	38390
9636	17841
11357	54423
56769	32270
33729	59736
38462	11735
59042	29176
31765	61956
23662	37618
2451	13579
13639	17227
8980	45355
55131	50759
34466	36927
3996	45898
9365	11086
11885	1008
29937	29672
21177	33526
47322	25192
11045	20538
41887	30048
44226	9884
52296	4368
28265	56643
41889	14351
38354	52616
61385	6458
10270	32357
46526	35538
1978	61
23106	54222
49289	7268
45686	28107
46009	26414
54854	25274
53365	30848
39437	27035
42110	10364
5818	3234
15517	13161
29682	36664
22069	8331
49826	4162
42903	27567
59747	39376
20614	3511
36555	18197
7696	58999
53065	3278
55762	41450
38952	44688
28077	13612
4778	17103
55720	18059
37309	37128
40140	33432
27101	60086
15059	57859
54341	6033
61668	9447
34801	59308
20485	49516
15075	59048
22367	24125
21086	12335
60639	61292
10180	13090
60140	8400
61287	3104
16213	62138
39775	45922
15671	14260
27660	32372
14610	28088
45329	59328
4133	4511
14490	5823
29312	10501
59312	31061
40878	47615
33409	1513
33640	18017
55124	22627
1743	44974
26200	60094
53441	45175
18052	4517
14486	59112
49757	9219
37098	5965
25707	43965
49515	17701
21660	22972
28712	47864
48301	16333
26592	45043
50875	16905
32794	19583
9922	56480
35962	10394
59131	27791
15941	9158
22416	48875
29181	58435
28517	23773
38343	20972
37496	43330
53096	7289
37104	45519
10422	22703
6549	26862
8084	17780
16737	29343
22860	59046
18226	62243
58995	42697
9450	52733
30191	8206
14938	53751
47589	35297
57992	8809
12925	48219
15098	9481
13295	23517
9004	15595
49515	36085
23449	17184
20633	22795
58373	35507
35017	12841
28383	33810
39838	23483
10838	32004
47276	57692
1560	17335
43409	20652
6481	44358
28029	21394
12372	18314
24634	43264
38297	27109
22154	47387
56632	55232
43174	34295
11202	34584
33345	54330
16580	18070
56372	10520
10415	60140
30641	2592
56324	10802
2932	53634
10822	60190
33740	11324
29392	10110
26267	11110
58192	48694
35860	16865
43942	318
18111	48411
22392	47109
41588	22839
26949	4970
12522	18654
6065	20825
32462	46110
32731	599
43187	35319
24188	4402
22200	20546
21507	33678
10992	29847
17523	21975
14365	48496
41320	27757
39189	29727
42835	52336
58382	28961
25141	18909
20915	49630
46953	3464
9468	28274
7190	3010
49288	36602
24457	31843
16980	13634
36433	38331
15633	16987
49305	52722
3515	57451
19155	54140
9483	61327
1578	38678
30652	51846
47228	2071
24252	54028
8324	1727
25905	27201
60844	33250
47917	1982
47006	57823
9950	11417
19734	37189
27113	54057
15100	6529
55085	5074
12890	41307
25423	32798
53282	1461
40763	36735
50635	34099
46085	14341
45211	46036
59649	53211
50643	20870
29561	12268
26649	3131
20713	22397
59236	43690
31192	30386
44522	20247
52415	36140
2797	1948
13741	4947
1517	4487
33720	57736
45502	42565
24664	59776
58794	55096
54282	40043
60271	30959
7246	14785
16975	41801
43136	27824
62045	34187
20145	38535
61323	31211
7274	49397
38115	790
42049	46691
52897	2848
60898	59872
25416	14147
20443	32521
33046	40578
28008	11222
31278	8873
7315	28978
61537	8439
23180	17898
25	30121
60329	9688
36635	13678
62512	58980
23347	21903
61851	41432
28405	5842
19723	60281
9583	52861
19439	6850
12717	52518
50309	11702
37428	31803
44914	1076
24747	3281
26600	17187
20654	18293
12062	56905
9581	13862
31319	6663
61904	11878
53119	9721
19292	59404
22746	60654
56201	44157
46793	26043
48391	44814
22759	58860
34746	2314
30503	43833
27358	25827
1848	55824
27487	55900
34796	11423
30470	36750
58716	31441
34035	27278
39767	36494
22742	12270
36722	40453
36367	51873
18806	42755
24025	46828
4963	30886
16721	43148
7310	28540
60143	46788
2233	18286
42049	34085
55594	62148
993	61743
41819	3812
34425	50973
11459	60561
5980	31742
36302	23321
28404	32370
32920	19930
25024	53260
2161	60981
14194	61676
2916	26675
22714	34409
8683	23614
12834	27873
43322	9193
59673	58544
16680	59738
49083	52599
48688	49490
26467	1620
4533	34050
14928	7891
41821	19278
16721	34389
54388	43857
62151	1784
20407	23570
10712	57552
30004	55910
54383	59227
30454	6981
9961	41715
33552	2697
38572	37055
835	20704
57141	3024
57005	4532
34944	62300
24621	30845
46200	43527
47138	35586
26901	36170
3805	24110
42467	53622
22863	24347
22466	45635
49212	6405
19388	17816
54234	52476
37621	27166
60302	53438
39814	6159
19879	31354
26783	14700
60127	16573
6145	17051
33221	54167
55799	53540
36770	40952
49994	28428
21019	25667
36026	15016
14733	57179
7862	58009
42812	38171
47240	60229
35340	57022
41478	36426
45603	47170
31880	4996
39829	20552
20073	6087
53460	34390
41338	36290
2933	58705
6141	31607
54622	17545
44102	52290
60347	24212
42070	1612
41014	28488
19794	37629
58177	20193
23835	23219
42614	32332
43955	27863
43374	5308
10156	61502
27505	564
24659	56964
53163	58720
42446	48091
19628	40134
4630	43647
29308	60638
34298	15427
47969	45656
26382	18122
50626	21784
5211	56090
59346	8224
52020	8063
13889	39160
6228	47316
10035	40379
57577	43882
7318	39828
23422	44458
56940	19511
53476	39932
9291	41807
31227	13929
38752	42244
9435	2216
46421	6374
58383	15620
21445	25128
12264	17470
22800	25073
37878	23646
4432	7338
13885	12945
15620	44575
23095	44452
12462	1916
11347	14858
56734	5143
10725	35754
6741	25532
54991	26655
36698	61024
44216	41038
357	4687
29559	62386
20877	17140
5160	44589
3051	2104
21738	3665
14659	44694
27724	2234
1159	47629
20497	5962
29631	21515
5785	31157
50291	24972
26500	40734
42275	10003
29320	43541
17132	32626
29661	18904
12832	425
45201	45876
24898	50278
55581	55301
36691	20297
17286	2775
15319	36070
54208	29662
24430	52356
9210	4709
8715	53739
15309	33539
18696	61571
3341	46292
8157	42340
40297	53009
61032	45093
26994	52398
17784	53190
2335	54636
25444	59126
18672	22715
38276	7841
56779	12356
17995	59099
1218	55572
4586	35941
32715	39096
791	18729
2300	51232
4036	35498
598	40431
53750	34366
5648	46331
54495	48109
47154	41179
28310	17020
54945	45185
10611	2325
27749	18740
49134	48782
13806	60891
33216	16905
15475	43860
25285	26668
52029	62451
52442	996
35974	50858
9597	34242
2689	48918
29038	8603
15744	54849
27236	42264
20534	34289
61985	886
11825	5033
13334	1629
29076	784
8404	24514
42128	36267
50611	16701
56087	48585
16493	51817
51594	8701
3469	46767
38303	49470
18540	719
12791	39392
47958	21945
45112	47529
18599	7560
10277	11428
50627	33895
43242	56732
36565	11550
61411	5266
6014	44075
61821	5619
30339	59994
1807	19938
43902	51611
9367	4448
3753	7969
40364	1191
44702	56039
41655	62380
4312	5836
44098	1844
48383	45986
51433	38470
35256	6889
915	40891
47903	37309
23124	60900
33931	34588
44147	20337
7269	4953
56423	25375
48857	8586
23869	25833
10055	25048
59169	43227
16422	55647
51749	30934
39291	17295
10501	34296
11119	60669
51063	14812
7281	60172
57292	25487
43270	37945
15001	36768
38837	16999
44186	16934
55994	17951
41817	51743
33940	61331
60192	20892
14925	33157
16140	41058
20689	47974
2465	9329
32106	14074
15805	31466
53561	31406
55679	6821
49559	43298
33919	27839
58132	45437
38181	4454
14816	15744
17549	41671
61394	60500
17161	18997
3167	37010
22886	16988
40687	22544
45787	6139
45031	8706
52882	33771
37747	12482
61170	27674
56405	42925
21500	48329
44530	62055
31258	4337
20092	22655
10253	30399
10069	29165
50581	5685
49828	45962
5512	19079
48107	28172
25669	61940
53249	22476
40996	24346
38449	30437
12189	49781
37421	21341
15359	33597
6170	800
43169	11108
25127	15727
59197	35478
16719	27382
30136	23560
13380	24126
35690	199
52085	43069
34751	8173
42458	6053
23366	26666
39261	33518
5766	34705
50417	4519
58245	42567
31229	23108
22080	43957
57690	15622
28740	44193
15137	36710
56641	223
25325	46904
20007	8034
14122	16434
36552	31456
21565	2908
60633	7531
40368	42785
32322	38265
41815	37953
14634	14006
61594	20015
49203	51576
59484	35655
18041	2736
20073	24727
8114	44713
37412	3089
28302	14036
6621	56467
8850	18936
22783	58946
46588	8830
40033	58477
11778	30315
21048	1285
14034	35812
4838	40214
36197	7896
39240	46940
28621	42527
21321	1366
28657	22924
57889	41904
8107	60263
57677	706
11106	43752
57214	34027
29498	50634
45739	21316
9252	61460
47083	32639
44743	769
35091	481
56780	56099
23393	9764
44088	56573
25510	15775
42290	5285
26370	19889
2084	2980
4896	41463
30192	36042
34020	60132
28398	44399
14459	37795
33738	40807
51273	55892
24322	41002
58092	44917
35545	62216
11308	59008
49428	44543
19781	55857
39111	60480
39652	14544
5652	6912
41370	20646
15584	24656
33356	19815
26601	20721
40251	52636
14098	19861
42057	56172
31722	43866
3040	27404
25331	18147
56652	61158
40948	23271
22168	34226
51269	56403
55922	24931
13936	13280
22943	28096
2906	22127
24241	56001
58826	43002
52870	21887
25699	60359
17742	6913
28346	45084
49204	16855
5726	1080
45201	888
61857	24346
53216	8270
33943	44868
4918	58480
56373	52873
35441	40302
24815	10202
11858	62056
11707	12836
49931	35670
5644	38337
2036	45339
12122	57393
50909	21825
20322	22766
11609	30323
52070	21457
34032	56407
23201	39227
12411	19050
35833	16397
46014	25524
60748	43414
61184	51018
16882	29617
26693	42712
12735	8729
33953	1432
21924	24157
25072	3755
20600	54750
31449	54264
8445	45039
48921	53191
60795	19295
48292	38221
5950	51068
35260	61374
44934	13372
11615	11358
25356	28881
27643	43671
119	10455
14636	52628
37577	3789
26277	34275
21524	59157
2946	10295
48352	36225
8579	57456
10915	10142
9332	41426
23261	31070
30182	321
53242	28501
55896	17739
5858	4686
28340	57060
26642	285
18021	61693
54988	42448
9460	5409
51817	60816
22321	29263
1207	57231
54939	14860
14595	43620
38282	7755
42829	10172
15786	45457
45996	35640
60714	28144
39235	32363
44696	15036
45709	8956
950	6133
4049	56964
40244	50329
14414	15336
33474	48126
17406	54412
10322	5127
3445	13895
12733	44264
4005	33423
26951	3730
26959	30681
12474	40227
21217	4154
5033	50089
46907	41843
60806	43677
13252	25344
24698	17074
27309	42713
14534	18817
42006	54285
8819	35729
32589	31837
58520	37314
38001	1485
23430	24202
43078	22850
28545	8159
10875	24430
46642	32560
540	34664
21255	232
53118	45673
15284	51495
39494	22125
59198	268
42285	54558
26719	21161
10880	15632
32797	34642
22599	43959
17838	58606
57916	27772
48316	10670
21056	62354
47750	49163
30348	46447
1786	11600
2193	36063
23952	58764
42605	16219
22374	18912
56719	30214
53266	1557
48771	27513
39812	9270
10607	45800
34294	51987
6168	34091
35043	14303
37074	49320
10098	30223
21571	60572
27673	54247
3476	39310
49610	61512
45859	36487
49262	60329
51880	59413
48483	61917
2537	60887
7476	25473
52909	6679
57899	6332
49189	29197
61060	54405
27024	33714
25556	23065
2462	51220
60155	49275
57108	19650
10559	14785
12149	45155
40397	6942
6033	28714
46507	1034
37677	5431
11356	33089
1098	21579
15347	38788
23364	46849
38511	243
56701	39005
461	38882
60145	2349
37833	54535
14603	50132
32160	5930
26934	3296
21583	32206
25915	61059
9297	23727
58588	8956
33554	38040
32061	32382
7703	6026
59662	32289
456	3749
15948	55308
20873	58907
38345	29710
13053	13993
284	17928
52710	27827
6834	40996
10136	28449
25074	10578
34893	22090
45856	8711
30470	45022
17907	16773
51925	21263
21204	18855
8861	56458
58847	33012
60703	38969
20301	58984
31909	25486
32903	12324
33771	27176
43755	26502
48928	17211
41106	58528
9050	15307
60950	10207
9484	8096
43978	46639
15593	14753
33049	51665
21278	29972
44520	37503
23725	37558
58213	30733
60285	16715
25280	36093
14463	26561
33110	7124
31483	45935
6940	47474
60330	3566
10219	38743
18702	15302
58625	29244
22456	48656
25220	28077
48076	48668
33112	22996
27038	29688
45741	42362
35855	45775
61374	61813
24346	22476
46191	40574
35515	42007
15520	24645
35403	21957
6121	45944
24006	34309
10140	8463
43171	47819
17326	1073
53051	8452
58378	37514
38322	42704
38381	9394
43163	46084
51416	8222
41233	4111
20289	5500
8926	33537
30176	58639
17311	41466
5162	16307
59893	19305
7640	55541
19309	60706
50967	50177
5237	970
45235	49558
39266	46105
37227	14441
31971	27693
56264	48718
47564	20192
57114	37549
4765	57602
54713	27939
32576	1240
54767	2067
53077	55484
13832	2842
59873	15827
55201	23997
16506	30089
15090	31870
22638	60713
24858	43902
51870	57414
11642	2597
8805	35801
27069	29856
44644	4015
10235	57073
848	12197
34055	32050
14552	26222
41386	33231
35383	51214
57059	12816
50891	41960
43788	26415
33017	12007
57627	4908
43959	48904
12867	18334
48698	50145
41946	61146
11834	42760
20328	32373
12769	17062
51930	45776
43439	36019
34943	12943
15228	45403
24835	24799
26963	3878
53406	43271
31987	27979
30473	11624
6322	36229
23721	15327
9071	4378
51790	44438
15660	58767
36528	9526
4929	21728
18101	33219
33378	45431
51564	49039
54370	27312
25922	61081
36236	19160
43167	11487
55053	6974
26969	11627
41414	51192
14300	40155
61905	28205
30437	23545
16735	46201
38439	50936
17652	52955
59262	36898
48022	24157
15383	29651
55748	19978
49519	37819
52319	33770
40525	55964
42028	28823
37549	15239
5591	44162
11339	6802
46964	29660
35123	25334
60056	33783
31046	22594
13070	1816
52528	25815
26237	59038
42483	52424
7112	39212
51676	22222
50783	13946
32641	8144
28799	45953
4020	43497
61361	53475
7193	52346
38056	18685
45791	36531
38362	61612
24766	53330
54662	9450
15057	57169
27108	52719
17745	29186
43400	24742
21645	8530
202	53335
37163	6370
56862	6560
21984	40171
28575	30150
41472	43550
632	41820
54925	37569
23473	58032
8202	31260
15405	32436
40604	40451
20070	47561
12641	1428
2025	34960
43431	56150
44736	54413
60682	54680
51494	11606
23186	1763
59057	56321
40735	7738
26327	12180
32818	12707
11395	46619
58333	2601
55477	58616
42761	47191
20534	35462
45317	38503
479	26940
19949	32132
48887	56837
19459	42429
37784	56654
60917	391
18735	27784
28294	27135
21720	45570
41461	51616
26037	4028
17796	2265
11524	9424
32276	48552
36096	16323
37316	30723
50795	14570
24751	3482
59907	36036
10734	48259
16443	24750
1294	52161
35313	18442
40987	4377
38275	31114
576	58916
61402	26038
33145	29609
2156	28663
26122	62083
43104	31709
24693	18599
60696	59827
43822	38305
4073	16716
60529	61006
34958	39441
51818	24857
9597	31558
40254	3159
34431	29309
33908	45192
5231	37842
8785	56579
29000	35426
15863	39714
19711	39738
604	14318
42316	17514
60696	32549
2368	61164
42202	28829
26762	54075
16885	31565
16884	24516
7716	42128
59077	38457
33567	3482
11418	38991
7748	2201
22709	2894
61061	32133
30026	35369
39576	58168
18050	34091
13820	45724
20939	13774
37278	23821
56002	6413
27764	53146
25403	3497
8008	43380
19661	26048
15931	60232
21419	19754
27877	45567
52586	46487
27672	17399
982	14061
61328	53449
29506	32745
54797	58215
2750	4801
54549	41307
42225	32699
14085	21534
37396	43568
47113	13032
30802	20964
54540	1035
38947	45065
19032	39128
60335	35269
34780	7594
47657	45668
49180	16061
46058	13533
38309	13061
1415	10301
6401	43080
13085	31864
41855	45175
49907	18997
31675	49786
53049	24838
54193	14312
40797	53557
36421	41479
22998	61171
21836	22087
38523	9883
2266	23110
11103	32686
32102	37447
14939	51897
1270	36468
52431	44029
21565	55620
27610	27448
38954	59260
6724	49332
1202	22540
42413	34178
30575	13717
1033	43590
54473	4621
50202	58906
10616	32631
7011	54346
11247	56754
52213	53828
49341	44299
34739	19547
60716	54688
1326	54678
59781	49935
51423	45874
22922	12255
54286	24201
17225	42230
31701	48322
48643	40037
34368	3332
62495	25270
38854	1068
45881	44856
22210	36388
35128	21497
7236	46617
43671	36576
53430	37459
55024	35288
33031	9598
29461	8101
3280	2357
32340	60739
51768	26000
62472	11057
56502	40401
11985	43567
26613	37122
36131	58878
55235	26971
26104	61022
53415	14557
4199	54881
30893	6279
26423	45847
11976	43589
25543	50839
14498	44873
66	24922
40879	31393
15175	56812
45080	22908
38950	56834
5014	12459
20337	1749
36292	45877
6599	56633
10655	31705
59588	26264
9879	5502
26777	6484
27983	25296
19895	15479
55381	56728
47939	57494
49517	49728
42685	38910
1688	35141
838	56347
21681	34051
60246	58752
50210	54645
27398	21588
24134	48026
54077	10578
9405	21520
11747	22000
7675	8718
51453	8291
33242	27580
39430	57335
26171	58136
58231	32501
38830	42232
3500	48311
41420	45770
10630	61383
23428	4586
11266	44727
28166	58352
22119	36670
34380	13427
3780	11452
39096	58392
5976	29769
57397	2638
5207	55038
58854	25818
34067	4346
33539	8827
51698	51028
55890	22220
37363	32564
40898	48667
7838	42413
11600	41960
14997	26070
17929	56548
56456	30435
44695	33125
17823	25585
52190	61612
10004	57426
10482	33897
57085	61789
26891	49357
18319	49296
20821	47431
23931	9709
60447	8303
11710	39205
48699	62046
21515	28007
11225	34323
5609	37506
11591	7892
27927	39194
21174	62063
31409	5665
27816	8063
6551	42100
47272	55074
22582	30154
47165	59947
10110	53195
41540	37336
11596	24783
17230	43981
39350	1521
48040	3581
52491	41004
58555	23265
48431	37263
19736	8390
49610	2278
8956	32209
50876	15466
10905	42948
30371	40085
46160	59282
34362	14538
40958	31121
25393	59391
61438	38401
3650	17739
58556	8439
22453	22498
37728	2772
18915	53425
9693	20084
28971	32735
10996	31188
23744	15123
1484	25470
45287	13165
2215	19644
33663	24679
16082	25443
25587	7077
14433	41820
60443	40217
11552	31916
30446	12911
8663	52356
7354	56390
21895	48035
24768	34459
29215	55729
12975	32862
35339	4239
36110	1733
52308	17370
22061	22055
24234	33084
4905	57288
22214	37484
1464	30839
38818	56216
51359	11678
53628	37887
18518	40823
57772	27461
43291	55153
49862	5395
17642	29322
53221	5861
42771	27809
32807	51420
43516	26577
10684	32070
52664	23859
10553	17301
40240	40232
11186	4443
4719	57487
8420	3893
55589	32088
5510	60010
15537	29768
22888	31814
49658	19637
59755	23923
35249	26760
19245	59829
28973	27608
59085	28303
16297	62152
31009	3101
43050	26566
6065	29376
14699	14375
36422	39815
28302	52498
59248	8838
5603	36116
50208	46451
58418	53831
62525	52884
46052	18911
9152	31144
27507	60781
50290	60673
51504	53667
55210	15558
48050	9941
43743	6976
17505	9855
11012	56448
21977	56821
18125	29014
5055	32885
13801	55796
59817	14330
16907	4119
40480	51527
15211	25311
27998	54432
39226	4064
55229	8666
42378	32582
46425	14790
41248	50597
39490	16537
26601	23156
11087	47946
58109	26164
15540	25455
9503	45920
23602	34576
3205	49217
5749	1101
40074	16450
22857	60522
38758	34584
15436	32515
52663	44102
13713	59953
33203	12628
34332	22453
18078	33117
13920	10322
8014	13809
36152	48496
11267	34516
3688	29156
55152	7666
26510	42254
25498	50321
34971	1732
1567	10657
24309	28481
51903	4856
51872	53735
10315	51387
18149	39339
16221	24402
57530	17833
37965	54384
3990	36830
16432	506
10608	51709
6855	52970
17554	26298
14971	3332
51867	1568
51260	11234
10588	7755
25370	24385
21562	57960
25206	35027
41112	35979
29918	33318
34206	10184
5816	6562
29652	40488
52144	19728
19630	61983
59204	12486
33704	54355
57465	52893
46976	55316
44452	3042
15158	20512
44676	29007
48128	47353
8022	42769
149	19923
61848	15042
16812	45761
48801	33294
28047	896
6236	12836
1340	46104
61536	34941
19534	55874
56597	35614
37256	12867
19776	29394
44095	4106
25913	61049
48393	24730
23228	15516
26181	3431
13443	3286
38833	28507
39571	52697
10423	25047
36543	11654
39597	54537
51693	40604
47252	51573
30109	15910
21376	14566
54275	45614
27741	33134
51410	45320
37134	21183
15085	8267
17334	40367
35474	48696
43665	10382
59157	16321
58232	61712
10186	47687
17795	59010
52743	10554
635	16587
39619	2564
33195	53218
62292	3502
29510	21839
17744	56940
36102	6451
21721	47762
32625	25120
46696	54537
48439	24138
22869	26305
57327	18764
49296	8487
2818	13397
51655	10578
47451	43564
37003	3016
45696	34485
25208	16109
22010	12212
57660	37890
342	51251
28909	314
38524	11077
12697	22788
15222	47135
11197	55396
56540	34385
47709	21715
3694	1373
6732	17143
55511	37684
41166	17290
42731	967
22415	5022
29251	4359
29271	39177
28104	11701
10872	14908
34665	46155
57926	35438
37258	39747
56504	42237
16975	40534
44823	50589
11143	19103
4958	13095
2483	61242
17925	14352
56372	15970
61073	39576
23858	11284
54471	18893
61564	52178
28976	41190
44895	51346
45454	4972
46541	17754
46428	17521
42350	52396
9873	2440
37020	17781
45247	29306
35051	1940
21163	43348
50870	50879
42273	17382
12460	14726
22729	40780
34168	58605
25346	9943
30877	22016
35825	40808
54442	18743
29880	24834
33571	28416
14273	45231
60628	25692
36308	2238
11832	59059
12293	58630
28499	21091
11465	3890
46532	40703
50215	39029
38392	16447
11500	60278
15970	21587
61915	52639
5279	51493
8877	55674
23399	15344
14217	59298
11649	34379
44727	11499
17038	48040
2824	35543
1850	46023
19451	974
3847	38839
11301	39875
18369	13973
24788	2598
43902	8613
49615	29759
18718	42930
6587	48631
39204	10012
21567	34865
33209	11293
43173	49851
14366	19610
33178	35387
42482	3762
15235	54151
13816	62154
7494	16031
55526	10450
50045	41176
20271	6769
54189	11062
38974	32012
57181	58382
39447	37645
43537	59915
5564	32528
31533	4568
30076	55977
36456	3892
38002	14805
42159	4923
9785	20329
7800	35142
17857	38655
56961	15268
2706	47554
54793	43245
55399	4919
26786	2516
37254	31030
40845	24032
26761	23623
28902	53687
29696	46554
9684	10814
48468	22140
58049	54170
54807	19677
27443	50695
39018	22134
16704	7230
19142	5635
3168	48167
40617	1464
52738	25769
53320	14838
36149	61850
9943	31885
5963	33912
59544	31315
30714	3449
31833	33886
25588	24880
8295	48455
37423	59250
43504	23663
55473	2471
38629	8166
20982	42733
19608	1138
42719	36927
54372	35950
14996	11071
48661	59119
21799	11351
57894	32711
45856	36018
55800	41151
8520	18624
5617	42270
51259	22996
29943	51816
4102	25008
12996	12397
49503	20269
51352	26943
10619	7235
45230	22292
30673	57531
33459	21281
59467	37194
53028	30071
50922	58714
20542	50786
17765	14983
20454	31033
41612	7737
59929	37355
50398	34304
55776	23161
51718	47192
42764	12870
142	52454
31648	32506
16495	16460
19661	27152
12481	31878
45229	27630
48519	30063
53234	28404
27625	60243
15093	36687
36381	58311
31520	2962
54282	3892
32630	46705
2458	31322
54199	38983
49866	36666
12626	55528
41085	31918
50730	10234
5994	30413
32551	34053
23612	43316
55020	47342
62271	59464
6390	37836
6309	41331
40974	15997
57606	60358
38511	54400
10390	8098
18483	58007
42599	22239
50691	6238
5436	15981
59233	43309
8482	34764
29139	54883
23796	15058
10669	10159
49734	35219
39995	13902
53138	45647
38489	16550
16608	43507
39469	30013
9731	34798
35849	9807
58644	14724
32113	3553
6535	35415
38340	28277
44479	36731
27610	16748
55876	16502
39246	40491
51679	34994
6338	52109
8201	49338
4871	57068
7002	24979
29561	1598
14878	9841
55036	4021
24490	13347
47479	33039
24117	37077
8199	12321
29981	43358
53864	1560
10888	46690
48169	21471
16044	7115
22294	22003
28594	45859
49801	13793
47811	34662
49639	22137
55785	16010
22749	4212
11769	51408
42344	17231
14434	59854
38055	30883
14482	60939
55175	5443
53704	38270
4333	49876
36059	35523
53911	2303
15963	20148
5681	29855
16334	31429
48853	23674
62428	46077
2984	23785
51030	50399
10441	14498
13129	20409
2729	35250
22136	41343
8147	54526
26532	60513
31358	26569
7823	1364
47935	47523
3345	31793
17197	4227
22674	14143
35753	35166
56334	25159
4812	6492
57622	60544
34406	60434
18041	15669
43328	42847
13785	14960
8786	6059
14441	20993
28411	48880
61027	24778
6567	10217
10794	57600
496	56084
16109	16117
27893	56310
49445	43578
41723	8777
19726	21785
39750	27554
23290	49158
23958	54147
6311	24137
50129	59713
29592	54318
41357	46192
54434	25289
52109	7177
21833	47264
51512	57828
32534	16441
46835	7728
25722	29581
6000	32568
41833	44451
35753	23323
35648	56063
56772	50017
49404	20819
19729	50777
19564	11107
9952	60086
29178	55426
45549	56480
55557	51989
4107	31225
28053	5847
47950	15206
21394	36737
24353	21790
55763	35867
43137	25712
39885	196
51577	28964
6050	12275
41024	18348
57271	46218
14390	47235
53678	53823
5004	39968
47109	10886
51780	34143
23350	9549
52302	43417
56042	34300
57480	33829
10821	54948
48656	3539
21872	53490
35711	42244
3996	21677
50753	16464
48503	22482
36342	56634
5468	32193
58675	20399
14529	508
12197	3856
38810	60857
7364	33295
30183	2077
15666	39256
41063	9029
15925	35269
1019	33661
26224	47871
29507	59068
26031	41300
32410	2813
7024	50115
23776	4997
62147	41925
29332	35524
40305	28568
29592	12606
19878	56792
2656	39387
53194	55896
43095	15738
47649	27534
8566	51069
32424	43061
13912	60389
59172	17166
54227	358
49076	5994
711	20161
18568	10958
58286	32449
62463	41124
14967	61052
29094	44345
58049	35014
31478	44027
44079	47397
60773	14752
16789	41931
45807	49937
26860	36017
16224	42849
31557	33246
16552	26658
26512	52697
59515	32802
36864	34375
15978	55036
51925	59668
48405	13809
19333	49213
52987	37973
59728	34762
36862	4029
9901	47579
5834	48291
2112	55594
58510	19613
53134	52572
55083	34224
38026	12040
1179	11275
25316	57922
14255	10170
61764	18301
17215	11051
14743	42043
10294	1332
46924	4709
35092	57181
14436	26201
9285	52409
39226	10503
44445	55199
14349	99
27539	42384
42045	34951
34662	19389
28516	37027
55038	20180
38312	61067
11738	21989
8133	31756
44292	21523
22961	30182
24592	57517
39222	28879
25404	30504
49648	33123
922	3047
36858	13001
32936	61289
46281	37218
62196	20623
44351	13016
38284	11623
39022	327
29779	53692
50020	31046
4988	10011
56780	9053
15836	15506
55874	21760
51621	20604
39053	14475
35362	18653
50743	46694
58866	10127
53557	14278
39578	27854
41533	26455
37383	17003
33585	24244
48479	48921
58600	1872
58546	43830
6733	56126
58609	27879
16298	52432
17514	27510
49290	6468
14472	29124
21832	10759
55469	29535
32143	6410
10753	54476
1637	57940
28540	44069
45680	46327
35111	7089
17033	61990
15989	59222
56987	13037
14570	1745
53603	34641
30454	21211
39213	21805
56615	30316
60394	54988
43145	38480
14705	239
33943	24554
33155	42804
24746	2123
2155	54963
24638	52733
1337	61129
25944	34844
13290	59329
11439	42501
57354	18778
23467	47854
3390	19786
57064	51241
61239	33680
55749	5076
4367	62162
33237	38253
20384	31387
2823	60731
10502	16573
47035	22008
36252	24330
36020	18718
7702	38885
58502	33099
46511	21221
60789	403
7140	57292
59820	52895
3262	62548
27637	44913
10151	39612
51592	24386
43166	16886
25523	18312
50190	34915
34618	52507
46658	5151
59336	13499
43557	55231
17729	34537
17426	33902
46039	32388
42101	53894
6667	18722
62230	33112
39130	2488
41257	10908
8223	1030
25572	6466
15837	22377
61668	29032
40443	5041
24154	34735
57474	22701
23001	50855
40447	20139
43628	56310
49741	36069
35953	61844
20490	50670
31085	32244
41405	31140
53742	18355
21372	57041
55635	22496
27069	41386
2348	25736
43442	21995
48790	48616
60928	19544
56020	6539
2338	19574
22850	18173
53070	26858
34608	46347
56724	21474
15289	35173
48131	27182
42107	11586
2076	16063
9916	58571
23693	32660
28836	48083
26824	10113
26867	12267
31840	3933
30093	14820
13582	57398
51214	58570
51890	51443
8356	30278
59442	19794
7410	59687
51321	5352
17924	35907
24756	62079
49493	45905
46731	25876
39536	10203
48807	23104
53962	46615
29171	7559
50316	48566
24056	4478
51162	58391
8605	10242
11860	34970
19616	7106
5551	14447
491	61873
38227	49777
15208	4704
7904	37164
19346	52211
2817	57312
36095	10425
40029	30257
49463	11257
30039	4041
51726	37156
13326	46916
18498	15058
21948	11096
52253	47520
21196	58656
38306	22383
1785	41793
21275	37121
25546	36772
2771	21039
6194	20590
24659	31543
26806	60701
9535	43484
28900	28067
46997	56385
41066	12952
14642	102
9947	263
15280	4527
20201	41856
746	38362
9896	38330
60958	47706
18294	3348
19686	10802
6649	50954
15383	60545
1548	40667
12137	4409
59886	12926
40384	39821
10605	56687
14462	29038
48813	55529
55408	39265
21723	61174
31161	47961
44007	10075
41962	35153
36500	51929
11293	39453
2839	26914
13140	132
39640	16143
49712	31883
37765	39783
59910	54935
46773	22823
57203	55912
41608	32864
47131	17131
892	34261
26127	51987
19606	48656
3651	28548
20205	51580
25546	30337
49107	51669
45584	28398
19588	13066
14601	22030
43043	28931
58101	935
46283	40826
61575	55817
18859	32092
38720	34135
2273	4978
25753	50727
33424	47134
46205	12620
60371	57839
11050	60874
40845	24867
44645	52771
56324	10100
33981	20469
17430	28782
59012	56886
23308	567
59016	29630
36852	28572
62378	48029
1137	23097
4281	1783
25689	26986
7336	31906
42328	10848
1271	21607
28470	42674
55361	9247
52445	62154
38277	41568
42819	47870
12222	12127
33301	48043
48975	1870
33026	7426
53659	57355
55890	10515
20536	3016
12353	56212
5571	1002
44254	31457
24314	25742
652	26917
45025	6448
34209	28894
11792	9903
3262	59387
31642	26751
3492	39711
33300	26008
35904	53302
9529	58867
39013	51742
46123	41159
33960	31651
53810	42390
24807	41564
61578	13251
34725	50029
14130	22952
11615	37369
46797	62395
33718	43072
52310	55813
51473	34984
16755	30810
18111	52787
55527	54254
34166	36319
40892	16563
30787	2361
6502	52188
29545	4456
4094	30891
31635	60176
10604	5026
7304	9791
28725	31644
41075	20931
47309	35642
32129	34833
29649	12824
41508	54635
48563	47768
56623	8081
62088	19441
19226	24576
1730	8942
17553	54336
358	47532
19231	45071
1176	40033
359	26614
13554	16635
5283	17196
25139	10004
7022	51232
13380	26640
46987	339
5906	5740
45961	23858
58798	30148
30640	4728
25327	58314
19237	46028
46114	9610
41169	53275
48129	21603
6379	61854
22994	61182
9317	35927
21067	12498
37951	54955
28580	18398
28032	9019
34047	18555
21858	53234
25566	7241
48477	28170
7	2124
17865	50765
17646	470
50977	31240
53852	25377
12081	24733
14431	40394
10411	25843
47681	24358
60714	34913
23791	30100
59755	62016
31045	54884
50377	14844
52812	16889
26719	61132
12336	46920
56879	46766
38709	57463
28937	3231
36568	8992
11655	39681
17847	30492
35096	16779
21581	52738
56962	30910
16697	29120
3652	48109
59291	49758
13237	38499
23210	52062
14034	59591
51557	52134
43021	26378
2573	59838
30235	22447
1180	10721
61369	53165
47162	29819
59103	18336
28248	38904
60421	60624
32078	53700
9326	50204
10273	54023
22777	43436
40663	5375
54912	29017
5114	17886
13134	13501
13346	13737
45689	2944
31830	37635
46703	53560
38296	38435
18869	37696
5301	37424
15057	9187
45857	8495
35563	16682
5589	2488
26276	14853
10946	4847
18148	48514
43223	14943
496	8379
30929	23120
44049	3649
5593	20859
2980	3079
52221	43044
22350	29891
25414	13298
11882	9763
14346	52260
24990	48168
1856	25469
45164	57912
42076	3046
35238	20334
1855	14241
20694	18835
31247	42891
8992	24970
19331	61636
62247	21560
29123	22211
20	48303
40009	34827
15604	29290
4050	37440
6925	31966
9561	52471
29503	21231
38416	52103
35970	8973
967	32647
10478	18399
20246	22647
25338	2046
41517	43963
11090	14068
10259	37545
54992	24153
34644	36539
1255	37938
61991	12464
28105	37763
28559	12567
34290	19279
57303	427
13318	46791
56795	30404
8866	2884
23731	31472
14864	29471
28679	44142
29671	20981
18929	9351
26452	3914
31930	3335
54414	35911
20697	42446
24997	59956
16986	11681
25183	41311
19024	11755
57142	22094
21291	59753
21782	5369
20050	54125
23243	48871
17616	47570
45453	20132
25364	20347
8921	20618
8619	10653
46080	14184
29836	62087
10179	41263
52770	62046
879	30814
33946	21228
57280	5453
49139	7089
25665	50641
15230	41728
39626	9748
30190	41899
13375	5344
34461	54866
5820	51977
45338	1382
12337	19550
39250	14289
479	31161
12445	39699
35467	38748
10961	27474
42020	46014
6376	15647
43950	32666
50531	14683
28490	38041
15938	18287
32826	60651
57968	11957
55461	17654
831	9154
6323	32531
37835	22424
6748	54350
25353	23211
35873	41299
17849	14900
8841	54015
21493	21269
30531	33113
38016	32165
39492	24252
8663	29701
38879	36443
427	11052
24326	47090
19055	24135
23116	39698
50487	24069
32011	57136
52092	9935
14436	55315
25350	39635
59171	59854
22787	48483
24905	16878
32679	33636
40415	31601
49530	22637
52855	44830
32706	8959
16821	30673
41061	7823
30253	40447
29809	50591
21643	57203
31273	20956
21887	40270
56607	59313
24235	25697
18305	59360
51148	18081
52190	52752
17182	43531
27299	25242
59933	24876
52843	9158
9015	50691
25160	37365
3516	30727
30232	46433
5506	49760
54750	26560
176	58588
38545	38095
39921	40749
9927	11035
45211	13269
2777	27662
44188	35814
46289	61655
3446	21876
45187	35650
31133	12184
2566	59954
714	40437
32893	30605
26105	11124
52055	14262
34896	47993
61727	38960
204	33883
3138	14229
34865	54436
33504	31477
5824	21413
9454	49228
52448	29848
17782	43322
17916	1071
2473	18396
9328	29588
62382	15203
16527	12231
13000	29483
27802	36612
27388	34788
41455	30736
286	54281
29216	45184
24837	36797
10886	16117
45075	38023
1650	22169
30630	27565
36450	38494
54660	59089
3372	1040
59920	44975
22156	54993
46506	12028
24952	46667
8599	59450
43792	17999
14229	43143
25152	55647
58282	6790
48435	61565
47114	10453
19503	58487
34419	31644
33410	42286
43010	23682
3476	24851
23579	28422
25931	25891
1613	44961
23478	56207
61351	51936
7774	27687
62229	38377
16045	48147
52753	27173
60506	27352
59124	16245
53011	8180
10429	29420
41571	30484
20443	23063
19220	25052
48254	5380
29880	60637
8005	44729
50498	16804
34531	43366
4952	15785
22298	61657
35449	11227
40293	3073
7256	35943
41055	724
29259	22839
8161	25315
12353	49404
33038	8260
6649	37962
24117	53526
25346	22106
3714	2139
15472	29164
28831	43643
25636	6989
29673	58787
53992	11853
3864	9895
8004	3866
17043	29316
17593	21358
16944	60038
60018	2687
191	54184
1096	54662
28816	9210
9693	15624
30548	58104
35244	12046
15336	2572
29412	30690
33040	30963
48459	16390
60248	31773
17266	16585
589	4659
36792	20488
13672	46986
33994	59443
41390	60352
12654	37643
49045	31675
11208	55685
15973	10928
14191	9867
36729	25139
16784	37747
52662	61200
9126	53506
55324	27746
49782	13336
45348	24466
39150	1967
36099	49965
10433	14419
50071	54109
2661	30538
17670	3308
54871	7651
4194	36197
35982	21685
30190	28568
56898	56979
11856	31802
3033	14126
59989	3325
19464	42966
34123	27842
53882	11720
9499	24727
34601	54354
33931	54704
21912	11559
4945	52228
12226	61499
26446	32969
34758	56027
46908	3580
26066	10368
59212	18218
18403	7253
24260	30971
54003	49425
41362	37370
50153	29427
43328	30264
28333	43516
23638	56316
56950	7513
55968	23416
53666	8027
10431	62017
38976	51921
28909	16698
3042	26937
42093	62359
52212	28415
56323	29667
59582	36146
9743	55051
62417	24016
42212	46048
59543	9030
27535	52320
54047	50934
42711	29122
12424	60016
61583	52584
59324	3666
31620	55588
51566	25908
38401	16655
32841	49979
2723	58308
30903	39735
18197	29212
17964	55826
34566	23800
36502	46007
59522	59371
52114	17556
44562	33032
8839	62135
2942	55921
10336	47124
59398	15638
25751	42864
9986	57359
32405	23118
59504	38177
21628	29472
2536	58018
33712	17979
28572	8233
3433	37108
57112	38609
2922	48974
38912	10924
5841	35092
14690	28162
47998	25866
48675	12367
52634	54437
38504	23849
23943	33953
53411	26670
6736	11209
53405	31489
19280	24676
14270	54208
17359	34893
5829	40473
3327	55717
3849	31687
19317	60764
37767	22680
58184	4950
43453	3858
589	53256
60342	31920
41744	20005
34454	48957
55394	3705
10346	7120
56089	31176
8903	8402
1842	29193
10949	49926
2861	28510
57518	30491
16276	2941
24472	26780
41307	59030
21354	18827
17626	46477
4225	11866
42255	13754
1374	58226
17674	21469
11926	22113
15150	54479
43936	23545
7630	33867
5751	30770
41011	41593
35984	25128
58301	1019
2517	10228
36385	50741
16227	37909
19809	48841
39426	8263
46655	1400
43157	38544
35170	1763
37362	56772
46165	6887
13758	55386
58128	30286
50899	30633
5212	18802
46339	9350
56056	9447
22438	62387
23912	60439
13923	60662
4082	61370
52843	8880
29787	61635
61663	60625
8045	672
3774	37064
5297	8319
13410	27599
56696	62406
36393	46009
32627	38985
44438	27194
20085	6999
9385	23436
25011	54527
44019	38083
33508	56869
25190	2624
55878	61186
23229	26136
31828	48558
30584	22311
15101	22614
49796	60504
52048	25346
49985	60126
37306	61772
251	48118
13752	1033
26520	38675
19534	60429
44573	51287
42398	49323
1639	50851
5063	59713
15433	61060
28236	2288
57600	62579
8392	55989
43284	58102
55115	5161
24504	1118
24368	11139
42796	28972
16360	61230
53793	23032
56204	39852
36495	20503
58905	27428
21503	7154
7476	18586
7339	47287
11051	41172
4692	29849
13890	51765
44014	37054
57640	42404
25599	9846
39632	26005
3166	1822
5079	47091
56005	60077
51704	50314
10626	9360
23682	13231
25967	18390
37104	55202
39017	46154
43100	11828
38135	53687
57286	35842
8771	24568
3525	39991
8842	9946
36173	2801
20456	129
38583	57820
32811	36020
36589	52619
25142	58185
42374	41020
47246	14227
53920	46184
46798	53938
7055	43202
24369	2831
32314	12553
38373	15987
23450	10074
44476	37311
6155	28062
9812	50870
49005	3878
27907	25960
44796	59046
14003	46099
48329	17278
29161	61562
49293	58920
34186	53786
18474	20291
8681	35452
27083	10388
32085	24950
1578	19161
9559	34110
60339	11090
51489	5491
15946	49284
20411	10640
62550	26606
37277	2366
35932	36372
41193	3933
45350	59908
10145	17380
24610	7363
33215	30359
51682	31982
38655	48681
2922	5
53951	38467
7920	20135
59768	33788
6192	59438
58200	14170
39756	53355
7160	59947
3250	15330
10300	7261
55540	5835
9767	8534
39946	38837
27962	16519
30587	6206
10881	57568
12166	24777
19968	10262
15552	33384
22741	47281
16039	58242
19943	11318
19831	17012
42623	52347
15628	1254
34379	58027
46065	230
6073	18204
42510	27621
42158	41944
14519	52780
59003	5069
8816	16542
3102	37248
17382	29165
24646	30640
27652	59534
38786	25551
12817	52434
57023	12426
19826	42811
24712	44270
61016	35471
52842	3794
48374	29529
8839	9920
12245	55291
33493	44849
2674	43603
45993	23611
36382	44790
61704	10737
9184	44925
27009	9021
55479	16188
16165	50117
16727	18462
26458	59562
46837	6024
51731	24319
2641	8957
7010	30451
37892	61643
8652	18960
28686	50619
32414	39499
59262	22555
34774	6580
27940	12839
41466	17486
56747	2118
58742	49289
47212	6973
32922	56792
37792	33958
16475	51721
55807	5815
31400	25583
50836	26248
33723	44737
35435	11032
22831	4734
40729	59510
7141	16532
31757	27615
16558	44641
54092	19684
58696	13388
50267	28176
17876	5222
25241	46653
44145	25977
39720	31443
61737	20024
34449	36993
17758	45626
47556	1179
21256	26479
36735	1668
57212	37036
29038	45657
34504	36382
47468	42585
44094	52284
62238	61767
20572	60354
35222	3874
60161	40484
3574	12980
2769	51988
6679	18679
29156	17201
56397	23346
34159	17464
34368	23370
27883	1092
60507	12360
41918	4190
3397	54702
21251	6689
17045	25560
33452	26072
27920	33040
34015	29168
34026	2436
17533	46944
41651	18967
11095	14316
34748	58166
21886	45684
34841	50625
33364	54398
13489	25267
39032	19754
60700	18734
26997	11331
12322	14092
26018	9287
3593	35412
54209	26428
29610	51165
23515	52033
12499	44155
10470	14413
51029	41695
52479	32066
38796	26121
1115	16162
10721	53684
35962	23365
42646	14544
2985	23264
52315	44815
9823	18294
2229	35946
54493	56801
21689	3348
20270	16780
1176	2793
19940	28443
27034	9851
2925	25471
54595	7219
36240	41587
27333	52920
29783	22165
62403	20703
11455	24142
37891	36652
4544	50410
33102	39322
9757	60058
8040	38383
30749	27826
9809	38029
50187	28288
32244	33780
37205	56232
18766	16463
700	49467
43244	8938
59795	5549
4425	13855
10068	56954
3257	9797
17683	44777
7724	34108
41526	7819
15682	53266
17406	36933
52247	23045
20664	21530
33241	4910
55815	27944
19305	24448
29242	37382
23218	707
45328	14273
14169	17624
18882	54368
16497	16125
38527	19230
32421	19300
23744	23397
27909	48635
30350	49010
55520	50332
19647	28828
44757	37457
27757	22369
5851	20742
58216	49668
22780	43427
28754	40959
55680	32848
7050	49931
8114	42636
4954	34098
30294	16928
56099	29009
3077	59796
38797	1641
38816	41359
38560	50570
49822	26338
45366	60435
27361	40392
53099	16795
11946	42422
53864	23592
24261	36839
50449	17422
17768	15135
22584	48297
38071	62028
27511	48970
10161	55659
43299	27715
18916	3204
48734	18688
19560	12983
39070	41061
56128	17063
34841	42295
52097	35413
43904	46207
58435	5810
35903	950
43153	5725
57890	6194
52400	12704
22620	4762
42043	49256
10193	38360
37622	29964
3165	54216
18308	54027
6083	148
18874	5793
14211	9605
29793	23024
58102	12061
10576	51178
11625	9840
5158	49461
21643	25013
47170	31706
31120	19064
52169	32597
60358	38386
47207	1005
30381	46410
17360	12882
45645	51094
5871	40797
45706	33744
23832	38082
53695	780
2163	62091
3291	20180
22416	31166
61734	57186
12690	7550
33879	2049
6349	6520
51920	6176
55099	10913
31114	25560
18239	58412
10077	39952
50070	37867
5542	22393
24593	44679
35502	6536
24878	32747
13410	13211
20223	7266
20953	26725
48475	59469
27069	37391
336	18683
52372	40322
56375	46431
30715	59288
6022	51093
9647	15892
52370	59459
1806	37043
21017	16832
29870	19054
57592	6917
50211	20783
25659	12314
27292	17003
18680	21605
53193	21690
61553	36897
5693	51625
53792	25386
52224	37890
12124	30523
24142	57473
61030	36478
56351	13817
33054	8107
51888	24340
28505	32611
49460	58114
20567	37934
2614	45265
20167	52781
27046	41060
51649	47446
12755	53146
42245	27855
28264	50366
24706	52676
2124	31152
25729	31141
24787	57903
6988	40429
59033	14142
31505	59830
42653	6876
52190	24492
6639	47623
49308	16537
14457	42190
43538	22003
25677	3402
43821	46887
40126	7274
5521	6131
15240	2862
35356	35029
56859	12262
28775	2866
54115	27808
20784	49083
8781	37726
6278	11103
23023	37412
42174	38890
22106	11571
35939	58854
35085	33350
24484	25475
41081	47050
14837	20467
32617	43978
22944	49998
6080	55569
54212	58284
53734	12320
15519	17391
26936	27379
19670	16614
62276	34343
36285	52822
40245	38404
58325	60867
37951	49358
58725	28692
26876	55459
42491	55483
20036	106
59764	39827
35689	56304
8198	44111
46405	29531
4774	62466
43089	36715
45935	4806
44895	33864
49489	7775
11474	40224
47072	47252
43860	3197
58287	53678
19249	21843
4125	39661
5223	43942
26707	29626
49202	19093
27113	34998
56961	9907
31695	9470
22628	54980
25490	57391
18403	13346
35242	33610
40157	9349
20379	14286
40713	59014
36286	61481
25481	37364
20846	53695
37997	31405
59308	29852
37413	53238
48755	7749
15953	27291
6173	20823
24693	24379
57954	11124
23093	2004
54845	18298
5044	28666
31740	26599
40494	45902
30699	7780
8101	23011
58839	11878
16712	11839
50754	44350
4734	36700
57828	35885
20860	34225
59692	6348
32445	42517
17014	18009
17044	11549
22684	26157
62049	53682
14284	20748
19175	35125
11104	5335
5917	38011
58539	15522
60751	1837
33186	16025
12533	24562
21319	1546
24181	35226
24271	32127
14455	33498
50716	43015
31860	1496
25028	48069
43215	35568
42286	60250
48290	10502
11429	28202
31567	44328
59071	51178
50741	6236
54953	61666
43053	46276
59518	51656
35247	61003
46836	32282
9175	25330
47990	19248
10313	55941
48397	20199
48756	55287
59286	34888
6228	32166
48486	32455
55406	8045
60522	56617
32380	6433
11181	6846
16649	52556
17316	57127
13198	27886
23486	19982
62471	34067
7948	43419
19175	48488
43295	48921
50569	60662
61852	61878
7264	44567
12556	12432
19124	41844
10481	11136
42895	41568
37450	36248
32430	38855
14380	38749
26705	3748
54451	37583
2482	58983
46055	55672
35748	37752
12834	37931
23234	15008
15619	12713
58374	43844
31489	44558
52204	38150
18873	37918
4341	36716
17193	5047
48644	54582
44580	3172
47465	39575
28288	49432
17657	24371
5278	31338
54228	31706
57827	45065
28991	21534
22318	59825
56142	40431
60449	53630
51678	14583
47670	24087
16904	35034
42514	14484
62035	7037
13378	30020
14897	56019
58502	26246
9346	10944
56935	42026
39820	32886
54918	1044
61573	45184
42701	3200
19758	54513
38567	50534
58011	27854
23760	11546
47630	44442
28339	33854
60481	1988
54431	37363
43153	6884
34640	30177
18852	17713
36756	47000
46263	60211
31922	31464
22868	25826
11605	29576
58434	23008
37149	29149
49305	19207
60067	53055
15900	46417
7347	2674
44959	48079
47748	12334
11168	9995
8168	4167
7190	19216
1874	8730
49974	49531
60801	25750
56143	3167
49611	5940
15655	34937
13879	23854
56791	29515
3401	58878
3849	48592
57461	21088
16073	54866
33136	15934
58942	21515
9837	34478
29099	1842
58347	60670
24402	3198
28558	5820
10639	9763
49049	9060
15961	58358
2794	55961
45749	443
33624	40293
4270	58014
23294	19642
39106	44136
27707	41532
32603	47834
652	7926
2684	35312
21248	29883
61098	36312
58135	49268
47543	46050
32959	7506
6698	27051
35766	50770
17919	60875
59590	9300
33401	38644
25334	60346
54375	4233
5980	32943
61141	36883
38551	38021
8790	52854
52109	59265
12110	17829
29541	32961
20001	24813
23949	28550
505	57654
35846	4205
39689	54584
55762	25739
31858	5892
38276	59693
20426	59207
49863	27327
4308	53301
45516	50109
61814	34608
7944	6731
48076	54238
62583	50214
50235	58094
38181	54592
56785	4770
5961	43401
28260	3197
38959	9268
37177	20310
62234	17319
12682	24753
4799	53854
11352	56016
53807	29130
6286	26308
43092	12949
59870	18510
25122	23705
32777	20760
32969	31683
10857	30260
56938	9365
52087	34200
20473	1360
3472	50546
58964	57446
59099	32023
45128	6428
37084	35303
52591	61303
13287	32987
2362	1795
13612	33203
24475	13729
19799	53161
41969	42142
39915	48260
56797	58425
38032	34410
43737	35716
17236	36342
24772	40769
12056	32236
23328	60813
1657	57824
30219	43466
39725	49394
55931	3677
56533	58487
18960	32624
10487	58605
18215	489
25112	38857
50557	31245
32560	11346
28414	51964
52327	46893
46340	41661
5085	24122
27168	53093
22295	31203
59333	36523
7331	35600
12138	10817
46713	10100
27192	4981
34504	19274
10252	44355
10700	49662
40668	44330
47987	6532
28145	59843
50364	35654
56405	12141
43284	44123
48644	27168
54295	41863
2513	46368
10876	9483
7914	41802
61359	49419
7998	54810
56327	4129
6267	45307
40601	39632
21796	12436
16567	51907
43429	60822
8872	47811
58123	29413
50066	53349
15807	2501
18444	8649
54714	47753
33813	59296
43076	59157
10960	24198
31680	30483
42732	2715
51244	42858
9670	25467
15677	59868
2783	15507
60933	8036
52010	13831
17413	1950
26230	30616
8606	10638
48373	27857
44984	56769
51000	22480
53175	41730
1856	51950
4285	49774
15579	29988
13073	37390
46767	13267
48669	21918
670	48517
50359	62320
12699	31169
13562	42759
29200	50933
62470	44008
35315	35593
20350	55462
55160	31737
57793	26961
19401	7303
59373	10038
47329	40746
59241	6837
9868	1650
3940	26450
34015	9133
24743	48593
62384	48054
31469	18585
51513	11012
16468	36146
53967	45075
13839	54613
16030	39678
30900	37054
48941	60867
51097	27235
58001	39454
8034	43844
62070	3327
43881	23391
9784	46417
28122	20046
60061	19751
36205	43525
13346	32895
58628	41451
14095	45047
58426	13375
31544	62323
57278	12641
35936	57763
29496	15881
3880	22597
25451	36435
2508	49158
20240	60081
7383	44624
52758	34031
46310	40749
16688	48284
17548	39242
18382	55782
15317	6987
8037	61178
1075	23363
43326	26016
57844	59845
62062	3692
47162	44116
43932	46253
14075	3066
18901	39504
49864	48867
23245	59598
12563	23550
33221	31536
21935	4493
31178	51940
46322	40482
4230	3542
47715	46860
46708	39581
25256	34942
53037	12631
7248	54920
34382	9076
22688	53070
57842	21044
7198	49446
10029	60080
39543	10034
29390	22188
54280	24459
15768	31511
29351	18614
56295	8846
36206	48308
60964	4761
7147	14564
61083	30785
35151	36458
6947	14938
6666	54930
29099	59735
28982	8176
26991	36061
45394	57161
53792	4841
2629	14726
31536	5616
24122	33534
24650	26024
29514	35767
49052	45546
38724	11610
18545	57712
4022	16691
39923	8543
38628	30227
41601	53542
3717	26559
15291	31968
26238	25822
25917	61795
47203	4010
10905	20727
35321	15734
35650	47091
12731	36252
4151	26672
54106	53276
7219	14608
15638	60665
14779	5351
21801	21529
33521	41253
60739	38270
3934	21415
7793	59837
34902	47888
54145	12181
33497	12371
62475	28180
39459	39937
16507	43059
40922	46129
6317	61939
59950	50178
56248	2193
61713	8707
47796	32884
28359	28607
9239	7452
41249	44107
20882	27464
21582	1739
45818	20987
42034	1669
33122	43018
27636	27567
27146	49376
5170	61082
27971	29831
4699	10211
47105	23663
459	17247
17107	5056
21521	45999
3906	33428
44065	58997
43651	52648
43281	19706
53882	13237
2470	31186
45904	15988
24265	24708
38209	5151
16440	52829
44081	60275
57262	49003
4773	41118
22456	45473
15136	23761
35236	43725
10126	54978
46814	23703
18364	44725
19115	22052
7118	36056
55693	60891
45975	47449
25380	42062
53334	40062
25015	22919
57276	16737
5187	9053
16107	55193
45962	3729
40837	60172
56237	28858
40566	46310
21609	13455
34449	59635
29067	17883
50987	4342
55432	55841
54028	36493
26444	30892
28806	24357
9224	44395
3962	6087
41605	53180
20589	10754
7554	13306
11978	32783
29656	55612
7650	9313
19359	34327
12059	11179
54098	59680
42850	49908
51100	44131
38544	21743
19926	27724
54468	24231
21682	27535
35604	51218
60545	22977
54888	18368
26034	52703
18671	26696
4099	47007
7060	61761
50766	21549
13292	24177
10949	47442
42894	54542
27639	46294
51131	52549
15969	26901
30534	46202
36241	8184
7027	16386
2938	32258
57465	61528
43553	35301
55443	34664
21644	3479
17267	16134
37393	52796
35051	51547
54467	18450
62348	60372
38869	61129
35445	11791
22913	17081
22560	43354
29615	25184
40050	31149
9261	23161
5968	10499
16629	9611
54779	60149
7160	3170
768	46136
40910	8675
44121	4268
6408	5721
44520	59072
31100	51505
41600	22147
24326	40330
45561	54994
14037	16949
26982	34043
32046	21881
51259	44175
46099	39071
16864	22091
50181	25697
25048	54351
42385	5180
59258	11954
33795	52767
37621	13422
49137	30527
43669	50511
14711	11596
31456	60134
29946	54724
61894	16117
44055	35048
17430	54603
9292	57993
57952	34440
5092	51916
46161	62038
3723	43527
29526	45764
56607	30225
25676	38710
32632	37633
38533	13484
7043	43717
40311	42499
28849	36731
24149	47207
34461	11985
32670	26733
41664	30192
19111	55710
2589	58679
2555	21873
54217	59134
36231	55882
5385	53655
23452	36137
34600	38577
27078	28344
16845	20092
6313	56246
3212	46195
30622	6558
7024	41926
297	35518
33857	9399
59473	17465
4549	13241
28539	11746
10321	17571
59365	60318
3171	50400
8704	15686
46884	15866
12435	15000
4115	27407
30723	6217
24910	31509
33537	58869
31946	13491
14186	51655
38247	1561
39554	24952
19164	24699
17468	45444
25700	45234
46808	50550
36533	32766
62472	57604
46272	9409
32307	5833
36611	10985
22243	30405
27584	19054
224	29932
48950	59526
31943	31078
54446	9863
4444	61468
44580	7420
56382	839
40394	54828
106	31904
752	23154
52578	47622
36223	4642
51172	47857
37276	50743
17244	14300
4270	40926
59662	15732
42445	26009
11172	41680
8942	24326
39240	47366
93	52992
19208	49994
50608	28567
50928	38993
52	13855
54631	42203
53398	559
7443	62368
33534	59179
52758	54595
15657	6551
29187	29646
31339	60860
37685	11611
11166	34755
29758	25879
42132	48764
9195	29878
20036	9866
50391	1663
10144	46877
42274	58891
57290	19794
59727	24497
3534	29716
1380	17721
7301	3801
31576	45668
12416	20626
44082	1858
46629	56750
18639	9871
61188	33591
46255	58119
60078	3788
25222	59040
1997	48341
648	1237
33785	51639
12341	26242
22877	43659
15852	2646
58280	16552
41662	12143
24160	60085
37765	54629
21908	12894
60986	5476
12739	20546
6719	10511
51149	30739
39817	54336
4454	50489
59091	43289
37863	9675
19067	31696
18955	7152
16901	31617
56088	13851
29793	22205
18064	11536
16872	28346
27454	48424
36061	60448
42431	7869
47151	1461
13654	302
33099	40985
3871	6136
14323	12860
10121	23585
43926	12553
60411	39980
25152	11505
15197	61162
18109	24026
8991	31955
45668	47106
46889	59446
15260	55455
5248	50974
52536	51745
46215	12855
2625	24740
30777	36415
18991	56590
44738	57027
13024	42067
1723	5798
34079	20596
11902	33768
8156	7102
5885	20711
38362	26528
32072	8682
781	45574
10056	32684
34880	13410
27409	24072
43149	44921
15321	22081
28006	8298
15050	1452
47588	43894
50921	11005
45798	16703
27096	8364
45682	46751
28829	34684
36288	16478
24087	34625
26525	28486
7621	3787
53061	8566
6417	44459
23679	24884
19858	55280
14641	5243
44505	53951
19634	27182
46733	48002
62219	2382
62549	20639
33934	23064
42632	56354
23318	52827
47025	9923
51444	60682
41927	44441
19940	29864
41446	36683
29039	878
34539	14324
51055	7102
61537	28915
36578	52425
44476	5429
44158	4780
21310	25536
17539	58616
29296	47863
46154	18186
13338	62564
11438	24074
9178	58223
3978	2896
30431	3172
18110	8224
26116	34649
49260	15693
25344	52347
45777	59700
48918	22565
22923	48198
15978	13508
37438	10946
18364	62153
19125	46824
34231	36409
56052	61301
41054	51099
42516	43075
37841	28729
10747	17239
46444	1319
18618	41520
15676	20901
39737	1098
16409	32009
8548	49363
32453	7283
52540	15197
30574	34937
58177	42585
53323	33642
3123	10315
11988	56752
18409	40632
55866	61157
59342	49078
25111	32659
33084	9708
2555	32694
47967	25762
46243	37365
61274	38688
17518	42962
2812	17635
48278	53922
61407	27724
12509	39070
35658	38907
7891	54400
57136	54272
18563	36078
38813	25540
33708	19240
50264	38812
29013	13175
18382	16158
31771	45256
17672	53851
35195	39864
59188	16415
25965	42323
37701	23331
23017	2093
13566	6233
17109	770
5846	57630
51361	11809
52312	362
24963	29527
38734	6983
48380	46110
9308	9149
59285	59554
37977	55887
33120	21791
48869	10535
10085	19057
55641	19816
52152	40205
25665	57097
29309	43226
26190	20730
28614	27936
4496	32709
23116	38242
57112	24209
22236	46985
49671	54629
39867	59484
338	1395
36009	686
14217	61550
25952	12878
19465	32692
16047	9763
59396	2060
11619	55522
19827	14408
18974	57509
2581	2149
36026	25904
5136	18087
941	36598
18517	45671
38548	38365
11649	49315
16972	2193
41069	61422
1651	31962
23519	58064
26491	19124
62457	44896
18858	7914
13146	13513
43833	24741
39705	47528
58734	25124
46741	36217
7220	12248
12615	18048
25779	2392
24675	5429
9309	22361
61028	10831
55572	58141
50964	26630
62212	39329
27662	2842
38088	27351
14239	2362
20201	298
35757	35540
3459	8150
60276	9016
18603	58629
41009	30140
57329	12752
43456	19655
34391	59412
25196	40602
43414	37234
32064	18816
17578	47136
26611	246
33556	48992
904	53669
28811	54340
19300	21275
26789	42363
31550	33149
4352	5997
16107	48733
62403	5715
44391	46438
52617	11561
42247	42371
42157	12091
8909	12332
46157	54974
60155	61847
26905	10553
14876	10450
49285	43012
34063	35916
19959	53934
39376	45707
7061	24598
35315	38348
51778	31970
36515	29586
28592	48275
12578	22694
44572	11044
29831	62549
33951	53661
48694	975
18500	21923
31385	8573
48323	25114
46768	37478
54134	6428
4537	33195
40735	60523
33770	18989
13928	10203
19232	42556
29313	26850
50209	39305
8504	17756
3120	39639
20750	12225
17134	57851
33979	16778
15735	25005
56828	22159
61562	36901
8015	23270
50844	31016
44201	31599
2539	6666
36129	60550
16953	59386
9746	61096
49314	8684
19690	39448
56349	19946
33070	24661
48533	7013
56484	26143
33373	4838
10984	43375
22483	28811
26617	58564
19102	53828
54642	6400
588	16330
58158	48291
15554	41693
58396	14286
22478	58922
58954	27252
8980	9991
47534	32331
25623	1868
60396	52288
46692	54509
29318	10486
35189	21816
56629	28372
52623	59536
25966	14176
26255	58797
24111	28346
62204	52338
35864	33605
29358	53328
6127	18090
10258	24438
44143	23032
11661	40664
33361	58697
14318	39283
46071	6105
6925	27406
17917	20403
30287	6525
17745	22839
56189	17519
16229	42058
43199	46582
16466	48327
18583	4993
9921	21830
36288	53713
23218	21286
29717	58520
60338	17147
21572	15337
24745	6594
28755	49393
48434	34762
23520	2925
51049	8746
32004	58941
7873	22391
24580	44079
37811	14380
34420	55864
2298	23993
36697	25641
4604	41996
30834	41105
30031	23083
1750	54985
44872	40181
11198	51325
38935	23010
32680	59243
14294	39081
5772	45883
8371	3309
43302	10175
22225	47190
8018	37321
2687	16696
51952	21544
17417	911
20104	18529
44600	17352
6579	36219
18467	16206
37127	62133
3512	45686
54647	8584
9262	30952
19767	17581
26217	43729
53281	27736
27880	3687
61509	50598
62201	27833
27340	17505
56327	15561
47809	48525
14353	47471
10308	30454
13403	36568
57525	37832
19133	43439
49389	58910
3499	26507
21411	20556
40632	59405
55981	50209
17215	6004
10398	44815
36719	60447
30222	55515
37807	18688
44103	47251
29473	27278
38039	62157
61087	24709
39752	57894
17416	14204
35727	19355
32011	26066
4873	62237
61730	42641
25076	5042
35376	44651
22531	4365
48014	50544
45426	61454
53098	25716
38004	52688
34723	34070
30643	44223
36103	11391
37649	11907
44969	37864
52394	12479
23401	29556
49548	7461
33442	32476
13688	9283
13872	14000
60014	4375
22878	24763
20540	42926
11354	45733
8740	12164
33937	4521
27401	20184
10625	10354
22429	59012
56274	6368
467	19491
3890	18381
37008	4265
5902	18640
6045	57018
37502	12038
39708	8524
33452	25683
20636	7132
38887	33070
57561	9180
12346	30900
9856	60085
21504	4117
13420	4073
21356	3890
8786	54337
37587	43823
46507	17783
48049	49408
34955	13585
41691	61569
46944	1145
35184	29960
55932	26199
50587	60842
10717	48296
49716	2095
4528	46773
6300	26399
51276	17
5221	19654
52344	54001
62409	47118
49380	28477
26991	22664
19588	9290
44594	57737
27637	17975
34803	2448
13110	37131
28371	9202
39241	16087
53345	19579
22742	7637
45937	30008
16304	3810
50028	57455
43899	4747
10078	28095
51702	2123
30204	45946
58004	30893
47040	14165
59643	60677
41636	7058
13049	49182
33568	61969
35202	44656
16160	2935
25561	51469
59135	616
40022	29209
43845	57167
13631	26305
55802	54395
59632	18599
18607	10437
9047	2168
55679	35754
34964	10130
48839	16329
56474	18156
11675	31926
14830	53563
34396	36426
52720	22910
34796	1404
40109	56344
15901	19382
14196	44712
32330	46124
12119	39997
10311	22320
42127	40144
45609	37357
24830	61487
11528	2558
59226	7605
5377	59377
10792	58622
37932	3939
9858	9681
17021	54823
55817	15534
35611	41112
52071	3400
44986	49382
41977	2898
42828	54165
16715	57872
5098	22348
18397	43322
10532	52009
47594	52287
35455	40259
57841	2755
46625	59883
28499	39525
2773	48688
39927	18680
53616	62165
11904	2324
26238	47669
41814	18302
55356	56094
18421	48679
10923	20942
26239	18223
15790	10086
60082	52730
6139	23972
1005	7232
12443	46540
32806	1006
55666	14489
26459	1228
4309	18686
9682	55066
42146	24719
61517	4350
37666	53595
44055	53840
7848	62477
50496	59736
51566	60606
57223	21252
30252	19781
19293	50042
41912	4257
49061	52060
61550	8380
11286	51720
5204	34411
8681	13589
21767	39528
49745	61795
59702	57418
3330	60028
15206	47074
42779	61431
53707	3899
22079	17079
366	15606
35072	39125
25682	57017
51301	36089
39216	47235
43882	49028
3395	30670
11925	15532
2586	45597
15239	57208
1430	24686
37558	8589
29038	13676
38054	54227
51117	27951
56695	27550
31792	47160
21317	41522
27941	53572
37350	3807
44221	45303
21442	40337
52431	44264
9352	54936
60580	59399
51558	4543
50894	8575
40988	58341
30165	245
22763	17756
12546	23133
43458	2458
21319	9709
25787	32701
10536	35453
30279	14415
40048	8849
15718	26065
2551	61606
23997	5998
42767	12484
46520	51671
56987	55380
30528	16231
22811	61996
34495	29984
22591	28372
23954	6941
14198	37845
48651	14980
29676	36925
54718	31811
60854	22674
3368	11422
57986	49450
7912	28307
33121	58632
29426	36219
24825	51374
57982	26146
23799	14042
9416	30595
49246	16391
57858	14596
25943	50917
641	16348
62579	11685
28217	28331
38828	13591
41080	13184
60758	41715
15649	36814
52727	52691
48083	62075
42174	23948
33679	39559
19065	8119
5223	18809
28425	11631
48053	29167
35442	34161
49967	39818
32700	30249
41235	15185
21181	18968
31267	34141
42276	32371
44198	19996
40854	44300
31001	51106
758	61120
61698	47681
31670	5276
48740	8329
61444	11282
1746	18458
19578	47310
15635	47506
7841	38420
61464	28796
7987	10937
1487	21070
48617	37636
1197	56625
61288	44905
61424	48199
20282	1360
29732	58929
26124	35114
22329	36586
55394	8100
5944	5400
11197	33644
57183	61076
40209	7764
27030	3576
25246	19908
3110	10746
54014	57115
54726	62050
17333	45536
51309	3131
21303	32555
25446	47923
15453	35579
35686	37919
18762	32716
49665	60666
44648	54353
58366	40323
6090	44259
11426	51921
5698	50245
4682	49504
12270	30375
4677	30757
62257	43430
62070	35639
51331	16861
15268	32518
2161	57532
1417	50912
39150	29700
10802	56932
35914	11902
55701	25975
19759	10453
56218	7154
23582	35628
46845	4515
11896	23625
23824	27007
21468	60627
39672	35383
11405	60492
58788	45085
3832	40683
3217	21625
59269	38248
7286	28965
25758	18777
22829	19714
24868	41767
6690	22259
52552	57760
15775	21981
10249	22077
36613	16402
36729	7693
53427	32156
36909	45822
9993	37482
25513	18205
61843	56289
36618	10060
43717	40701
23080	32646
6470	21366
18544	58097
5637	46991
49674	37455
11121	1980
42230	11896
6125	24967
47524	6422
40665	43926
36890	59908
1749	816
34276	57740
46968	34585
33982	31769
37203	22401
7959	56773
49729	622
7270	50027
50324	30269
62141	6133
12508	29641
60509	16447
28810	26054
52153	8547
59871	43134
25955	5185
47900	20231
55842	46693
30000	1162
28308	48172
23680	58438
46291	20631
58188	47474
13500	43046
56294	29892
60143	48472
56281	53951
45987	67
11567	26656
12519	28056
50981	32130
34254	12204
27041	17245
49850	45594
40448	38611
47529	39930
51489	14357
58060	62558
9823	6024
44850	32311
51373	6593
49153	13264
23656	40716
58634	34935
30830	25178
36348	13966
40882	47247
62411	22591
56215	20019
50571	9884
576	57757
32650	54609
47299	7211
40155	35859
31252	12515
49859	29329
51042	60772
45438	16345
60673	58344
9350	59346
20300	53880
49393	13139
60185	4551
25637	55321
17439	43593
14787	45938
3038	8166
59892	7567
18754	60586
39399	41721
17384	38661
26786	41539
18971	41411
2213	60505
54806	22270
59590	2618
33291	9152
21727	27154
37520	8718
38401	15817
8255	13648
39768	26829
15500	52800
16155	44103
30764	30260
56144	9300
46434	48311
37105	2762
56323	15483
60447	32911
845	46968
62235	41724
37774	46053
15462	56330
57178	39678
57004	16315
40564	16639
6263	8741
38469	50292
1232	16123
32499	26713
1971	41130
3729	51051
20454	4120
61110	25260
42780	41580
47624	49377
10214	46118
21152	41807
796	48251
4824	44124
20646	635
58477	38060
14704	34197
58759	27879
42029	4372
38875	56307
43183	30934
23338	40060
52732	44668
2569	57181
42002	15845
28852	33622
12629	34742
17358	56328
10763	28099
60163	19003
27476	43855
61157	60116
7937	17007
5806	4496
41687	60101
38396	28580
36572	45614
53314	27763
47450	15232
32930	60777
26617	59322
3496	27691
19169	47345
4070	59850
55717	41248
23542	46409
52541	15176
27420	57985
58499	27066
41811	25318
9631	25070
2766	16767
33733	27139
52855	43898
45219	49616
21743	11611
61106	13
35010	46416
21001	19258
23540	15270
37737	27745
32237	24989
62109	13606
57924	45246
55040	23615
9932	52049
59080	22147
55896	15012
6486	23961
19116	18410
44269	57772
31414	3786
24859	52515
40844	13835
3721	49256
209	51347
1667	59718
17144	16328
1312	4834
49022	49093
46197	13461
54454	40328
9936	62123
50998	30780
2175	60563
47976	39505
9793	17801
46655	37381
27008	38058
20670	35466
28906	13694
26251	7720
1109	19736
46163	56695
54842	43509
8392	34318
59932	10128
17748	40723
23082	13283
16745	20092
26878	49994
34164	10055
42059	12120
15583	36856
23562	38412
34008	62193
11507	21613
59208	58017
62293	35188
8995	31224
39286	46419
15475	11442
23348	24314
23626	60443
52601	1067
897	57087
28550	32809
48679	17751
58461	25282
14767	9627
17102	33968
52325	34663
17561	36532
2560	44120
7253	23328
16342	20799
27991	52538
28608	61624
11485	29155
33089	28292
12122	22351
28772	9168
45119	53372
20677	39337
37056	12525
2006	10504
22225	38968
56902	49371
15929	17148
38270	9437
10171	14065
13041	51192
36024	38522
50815	41788
25451	43413
37162	2537
44779	25313
13506	31244
12193	57547
24888	23264
21367	22351
36340	27101
47841	2733
46741	22695
47896	35343
26623	39276
1928	34870
43782	43100
55392	62499
27788	8385
42016	29994
14334	51616
14100	21639
59054	44147
1404	24866
39206	54544
16039	29139
61145	48692
16773	17208
53804	48037
56433	55546
30841	23544
51194	57343
2210	29878
50380	41435
32942	10684
45531	438
50078	18165
30250	43552
52399	8102
39173	57890
35988	21252
33440	33993
41525	32349
59358	21918
8924	1917
54456	19381
53616	13467
19429	10240
4840	24645
30926	48470
60338	44022
43778	21547
55339	38671
29648	31216
60377	14311
10013	48832
14735	43933
17755	30066
53459	6137
3562	29031
59475	1816
1812	10617
11981	9004
53279	59614
33307	47226
11578	15601
50749	35893
719	18421
15740	61700
38136	52087
57724	32572
48333	61718
3605	30950
38510	30463
6266	11655
8136	27450
35205	36377
33302	1654
29178	41719
18701	12266
18814	20741
26627	34495
22383	34948
2257	23008
61943	14722
18436	44329
16599	61442
33732	27201
17094	55860
10029	48829
24665	45959
55150	38979
33792	57993
46814	44241
41917	56955
6690	36267
4368	21571
25122	24907
25821	26755
44742	47629
43370	5366
40806	19937
45587	17719
45195	17006
53410	17142
47505	53289
61288	31625
27575	13758
24365	27271
44043	11443
27351	9716
40175	36704
49969	3058
9350	11564
26665	53891
48496	56882
26735	23020
22555	46898
1229	29904
34545	62369
46989	33988
19406	47144
13192	37515
27902	14135
44482	28624
15593	36654
45248	3930
26098	60873
44424	23604
59507	43474
9615	29064
17312	20221
11185	427
1989	791
60684	18098
32397	2911
57338	21845
25402	30656
60670	3475
62301	17333
61186	44591
32214	36374
14392	62524
61109	7092
58607	36027
9422	21522
27112	8224
60824	49464
36648	41934
36795	60336
8926	8936
31313	55023
11460	5528
34018	7537
39530	11923
54802	3217
32443	25276
15430	23856
29188	20709
3169	41896
10116	37021
58137	1094
40116	45134
7824	12474
49448	49409
21215	37471
35237	21392
62050	32769
6202	61555
13461	36864
12859	5947
14887	58037
1502	3450
26109	62486
57797	10480
34739	20998
1991	15698
24835	14957
37816	20929
5901	45316
22104	3945
51082	3505
1381	20174
1633	33427
29032	40364
51561	15252
15125	33137
38961	60769
57021	20195
60768	17584
52761	10242
24661	50799
46075	60421
34812	18786
7861	55991
35877	60868
55956	56725
25347	40961
10552	29062
16969	61341
10386	32112
25125	44278
927	25378
28777	29387
61936	38862
52030	37544
15592	3782
56142	32712
25262	17516
16233	7433
44975	43533
29837	428
8765	35392
59158	62053
9233	32200
3424	27550
55971	28946
8235	40574
40068	51293
12547	44517
53748	60067
42285	19600
24956	53342
48713	36544
3539	37076
58603	50523
35238	32397
16034	40829
33887	16682
17313	32845
50569	23083
49049	9598
30289	40865
53511	26857
21817	24573
60431	36588
37853	34228
8538	34279
14686	28936
9564	22541
2485	53261
53235	4672
49527	31241
35986	27390
13219	59822
30928	35021
48400	36415
28612	18878
30804	53708
87	57093
36683	51604
55353	5214
27026	48708
8297	18530
23446	56627
7529	33109
7489	31717
31893	4338
48930	16708
51114	57466
21784	41700
14368	40631
1268	45427
21719	31119
36146	10257
36217	9859
56064	54753
1968	23012
56162	58302
9626	50062
51531	9402
14894	31670
12812	36595
53430	60517
8782	26510
44395	49176
10585	16459
9230	38401
48189	11583
23232	17602
5868	34801
38202	41029
58542	12125
14094	34090
23449	14834
26839	3471
24011	52209
28672	1677
57085	59467
32636	21397
18541	38207
32935	55156
50435	12852
27595	6035
8513	6122
4470	53261
51040	50486
5687	54073
32529	62203
33879	27870
6329	10034
57165	48609
18232	32754
42720	30876
52832	2883
31548	36410
61805	4823
7686	16591
48693	40597
34986	46589
30087	8306
53061	38979
23402	58674
24012	16027
39455	5876
5104	52445
16327	59258
14162	3309
49082	7359
5618	48145
26851	45061
28462	25180
30927	47070
50866	52668
5497	44632
26796	34459
43201	4813
3947	3492
1359	13333
10717	32767
9747	52335
57376	21354
18538	27931
42912	6326
39361	56384
49697	4194
2155	1499
57936	34961
61108	11110
46184	55169
51621	8323
21976	2323
45073	41001
44589	3899
27700	11247
52031	2451
60878	53344
25130	31612
48481	8549
37838	2736
26799	6584
21547	57138
8427	43779
2560	43489
38927	30494
33660	35656
48704	23739
4739	24282
11578	29953
43311	39382
53769	45272
35393	54442
16832	50479
59101	40172
2731	30054
30609	14472
26398	34090
53030	48052
33244	15312
60259	25263
34666	1027
54351	31491
56673	62311
48409	37153
45931	26006
15401	1709
35891	13290
53745	1989
36152	27255
26433	16339
15164	2018
39871	24490
49308	32363
26890	56507
39435	15849
23987	62547
60000	12135
50492	10936
54443	48769
61375	39577
10814	6075
12037	41534
42855	39863
52282	62041
47865	17221
52578	53524
21714	36452
36136	27613
8295	23610
14653	52303
36141	23551
11905	43002
31856	36187
32039	4379
38863	36380
33139	1534
40136	36916
48825	19073
21677	9129
55249	14888
25280	20949
60467	18614
55575	31118
18963	59410
30047	12851
50026	62570
32235	17244
14613	37004
31596	22466
19850	1163
7087	49850
3139	23420
45789	9196
23961	20291
58247	25874
15758	9932
34549	14040
26716	50467
47273	9047
57514	48625
22044	62569
36808	22073
57040	37932
59714	61285
28606	32964
12694	5141
6945	52853
60212	59990
11784	26777
27116	48839
19804	18557
22116	43354
57669	31816
58327	9212
34175	27688
39869	52872
53930	23554
7315	45201
23844	56415
12667	28192
8195	48372
46494	26251
49079	11843
17055	18011
61915	56120
44939	6520
16863	13005
24091	55001
22852	712
29049	47661
23137	32157
30328	62036
41376	22768
47608	36045
47415	55208
11147	54657
5452	909
32123	10660
18887	4893
43611	58547
38580	21810
3476	47050
53735	12771
40694	19144
39547	9247
20442	34876
15308	6733
17168	4355
26375	23590
55710	57684
17	57687
60081	39984
46273	9718
62461	34786
22506	12124
17949	27287
38800	51259
26679	43718
35861	50797
7858	31636
38821	61695
24296	17750
14562	16258
13495	42062
12987	6738
20729	5465
11249	44922
57980	56944
59271	50209
59188	46124
12349	4650
40009	8019
35819	22484
7572	52583
45815	11758
57065	46104
59736	32778
1471	26250
21150	21596
25445	42337
29098	60188
27786	33589
8248	8538
3391	29710
29634	17123
32762	24924
42377	23573
33396	21824
2339	24716
32336	51141
15401	15282
20590	35968
35106	60610
35343	140
26174	36654
47865	48377
28813	27033
2326	33300
32797	47341
17374	33519
40291	28065
52325	18034
2523	26731
21866	23835
61649	42220
4788	57955
18002	173
5048	3883
39646	15202
61871	57136
3961	59368
47182	49143
45225	2048
27704	1756
42808	42465
55628	35161
47703	7840
25581	50632
36723	16976
46079	4231
13378	36780
4745	39005
27439	52679
53258	41052
31825	32824
45616	62457
18616	48832
33998	36571
45223	51037
39323	18105
52548	32022
54240	11611
7837	18595
16530	28449
62018	38440
1402	33214
50045	17300
16648	60075
1438	46616
50400	38599
17319	62247
19094	38430
24536	38276
14016	44034
14734	41940
36955	47589
29259	12336
26727	35854
39531	30497
61289	18007
681	51204
23841	39533
42243	2113
35639	58364
60653	44104
37861	44953
29845	30397
49604	3315
51395	42622
7531	59840
22758	52796
15536	21044
39314	29367
298	23436
5876	1999
52257	48904
43000	25830
21852	9723
45720	17336
9030	45449
22960	29929
22289	17670
48615	9829
7708	995
52815	4363
653	7342
35209	29497
48313	44858
13014	61635
10792	39781
34478	22658
48567	48187
24206	40534
48857	17022
27972	36425
20777	26212
4829	54803
4944	10285
2150	43380
51566	61890
47862	43826
16657	1708
57425	7024
28623	21964
29728	12028
2394	7956
43770	49414
49515	6166
39259	17599
8545	33048
47953	44348
48056	36079
42411	20287
41894	28868
302	31321
21967	55651
23829	11897
60758	59352
19840	31883
44019	41419
11225	33107
8169	17593
32091	16147
46661	50387
43324	19947
13221	31180
55029	10502
50820	47241
42678	50446
46090	58801
8805	52130
12407	57501
42436	43470
59078	43348
15984	49129
48433	32692
499	22067
40348	23620
10686	53481
10721	3896
42595	61273
34618	56477
5527	25287
27985	50103
30519	50479
27639	45725
8011	51372
60575	41186
18992	7837
30499	24240
42034	60980
21096	6198
62384	27805
42149	31806
48649	32964
16929	32803
47728	46287
32554	55356
52858	24807
47272	23930
25619	22698
13061	54626
56731	19922
45475	56111
1583	32526
45836	42839
12400	41655
45818	33095
51751	26641
8713	17093
10295	41269
167	30336
9924	3639
62369	51472
60535	23560
42257	41217
49425	3401
545	43166
61614	44749
53154	47616
39115	57135
56274	372
35976	60545
50741	20780
6532	34050
46896	7470
10806	3153
51344	10710
29170	37495
61841	16910
61514	55938
27626	53632
31522	38174
8744	35120
39959	52848
488	43084
15511	9907
6730	11801
9250	15492
18131	60240
58576	19717
43218	40137
2834	29096
24956	40990
44038	17580
6257	6339
54367	31590
45116	35105
62564	57934
27909	29884
20031	10435
31885	61959
47570	62185
42790	45292
44768	48465
13282	52140
59735	55431
48269	27338
47736	53812
59751	26487
40051	18242
44007	54840
48023	16377
49034	46760
42618	4897
35917	22261
23988	30321
47820	56909
13312	50942
43116	27094
34661	51291
41640	6984
30091	47961
8047	60928
52321	49385
55292	16058
4271	4662
14174	17288
29825	59069
32612	62579
15972	24795
31098	19168
30314	34398
52251	8317
14809	50357
38800	46705
53913	14831
46929	7020
8273	3922
30400	46527
18437	51602
37097	34119
55666	17408
61589	31500
45975	52976
44439	60702
42635	25279
36985	52600
47682	57690
37360	40583
21148	47389
18553	14438
10014	51644
44321	38004
29597	13471
36135	60334
26053	43597
60848	55376
51884	34146
7812	15600
45077	26525
14519	54261
57388	20578
2450	32914
1798	44056
51962	9651
49282	46611
17160	41028
7025	12426
37291	37561
37816	35486
28314	18478
61553	32196
29884	47850
13594	20805
597	48278
55272	36441
22123	4498
8832	6580
45294	49494
62264	44262
12135	19301
20262	27044
62007	12537
33331	20083
32944	38599
12519	4617
1570	44663
53087	56332
43070	34279
9248	34545
36837	43733
47999	60882
39581	13197
36664	1807
57286	35764
12646	9504
13246	7048
42899	32138
38116	28910
5545	5491
54983	29873
1269	11041
14998	52287
30591	32071
49004	11614
8169	28142
39076	15413
57789	43831
1885	31708
37870	1057
14475	47368
9910	47948
15332	48573
60484	6191
56387	17904
22684	44854
17063	49760
62287	33714
33225	17771
50720	2436
10495	53995
58693	57604
50601	60601
55748	6609
20340	3997
51414	18250
36264	16717
5874	29775
15753	31498
15015	33515
22401	48755
26991	16805
57077	19147
46327	37607
486	30734
40889	52773
1640	61878
41718	62088
1104	57604
59365	20496
18004	20386
19885	10070
28591	50985
51503	62187
29068	48246
3417	2849
10104	54238
15875	26178
50209	17538
28007	4890
62448	13045
23077	47495
7257	33998
22125	52980
38541	33602
25603	45208
28846	47617
17824	56097
7160	50208
3759	45609
28517	6775
29191	59729
52128	52464
23792	19507
52728	1210
17118	60831
40765	24042
11019	52572
60580	10449
29098	26130
23228	60978
28624	30693
29159	9629
40686	7850
13451	50775
37332	8182
13544	25037
59383	49412
51590	8482
28498	28127
38339	12385
18783	14774
7405	14765
50455	33657
29972	8665
51850	55191
62290	38083
26485	46208
32927	18602
21017	52255
52155	54856
10085	58434
5105	23534
37064	54291
20761	43600
58484	51967
35085	38804
51492	19000
60603	55462
36915	3171
7357	61092
51147	26122
34640	58544
47607	14345
59382	10318
31667	24422
50294	46264
62000	19212
8107	44262
41582	16680
3258	13710
57845	20221
24886	51326
61096	57373
28725	14408
2397	22579
48394	56262
57892	61457
23870	1475
35806	54624
29253	37394
27041	53623
61953	53977
5877	54153
58175	4685
23841	5033
47393	21885
32177	58903
32988	49779
40240	30050
40555	13746
27890	47426
52164	16945
1670	36488
2483	7971
5261	19517
42892	27452
8701	22184
6692	33281
9430	43823
28029	56926
41152	1422
61077	53702
46460	15305
12896	43795
62349	6971
17969	46670
2645	39179
4797	6652
22147	17631
48528	37458
8576	25604
15711	21030
39914	37819
29812	9710
46780	35987
61176	44443
7807	50013
9451	31038
36283	34334
58044	59001
41316	29957
59244	10248
9264	55424
61871	2479
29842	51889
2520	19937
37321	40161
60052	43700
32861	6953
19684	2926
8508	40121
35233	52210
25738	13279
42626	31798
40863	25093
38012	11430
45941	58267
2041	1880
48374	15404
9037	28243
43055	55006
51748	60081
44097	52151
8124	48344
44724	6950
28058	59030
31496	4897
9564	60281
56284	26102
55074	16856
53982	46795
37151	24991
52979	29346
10720	48058
43937	15669
31359	57600
52511	7146
8447	50236
21956	41178
1573	38150
12793	13167
35894	844
12844	32005
17134	42100
59120	31821
56448	21017
25759	22156
31896	21288
30641	499
29654	48515
19466	33913
15679	25080
1397	2426
12992	59812
50745	9821
14876	8776
52919	4495
24045	24400
12661	31117
16489	28470
30849	9793
50211	53844
18129	42251
50711	237
38726	61110
38817	37638
19772	53177
41215	39589
9510	33552
29351	13223
16649	49048
37180	50538
41879	22404
12791	18665
33845	49745
58814	9769
3429	36726
31170	3700
371	4614
37735	1666
24137	42337
29701	38713
53462	59873
33464	5542
62007	31624
20078	50794
21828	14933
40238	20929
36674	16979
34358	43699
46689	42562
58468	37578
33075	33865
13335	59032
21385	56255
53556	28765
31896	33366
5781	11034
48324	52189
275	26058
1168	54318
16214	52217
29066	13022
27451	43470
47295	7322
48772	51975
43481	39236
21220	29547
32722	37697
38514	60050
33652	1609
43189	24617
4282	51941
57923	47315
42778	18253
38290	42934
32246	60676
46541	19874
48746	46998
57291	16530
33785	38148
38250	358
31944	61224
15548	26987
17106	20675
7167	27909
35740	15002
50393	56727
3347	32625
22990	3924
18438	23205
34971	23650
44172	34829
22015	29735
38761	57745
9516	884
49335	34112
52112	33658
46195	14464
19730	5535
39802	31651
53772	43598
29722	8542
62422	50761
31370	48531
44239	21650
22635	26070
32809	59633
48213	41089
42458	11734
17249	16218
54397	61770
28156	8119
13973	50227
7094	32593
43802	32540
3246	45269
39839	5293
48899	37545
56287	6996
56195	57988
8551	27711
21123	47198
3797	20822
4222	24983
27704	22688
20357	22115
52694	16958
17319	50623
29154	23031
16638	39646
18761	39908
28094	61985
18231	42397
6793	43807
21752	36945
57628	50740
17168	32023
7523	8183
58739	60137
10152	31391
41861	17476
59228	15088
46798	60114
19705	5534
3340	29251
34049	6633
28807	25859
48523	1332
58364	39122
23451	6619
34819	37850
2258	29959
58998	35568
27752	33951
22185	3580
41735	28971
55416	45693
58488	43488
5733	15273
43731	34587
10113	29422
42451	43882
40485	38098
23912	19346
36306	56191
56022	19233
45514	1857
15266	53203
23424	61766
61457	4581
41936	51727
53533	53875
45802	5366
14527	42302
16339	3358
45173	32502
10240	37606
47554	22481
29309	4769
38803	54444
15562	18356
47177	10775
1968	3592
40034	19292
11590	50419
406	7663
28267	37356
43296	1050
9935	62555
50910	22029
56648	5891
45532	8957
37822	55741
46308	19326
54776	48664
28157	41083
30442	43593
36916	53285
53071	1337
46499	61618
40190	15138
50291	59335
58493	52098
19828	29868
18962	45149
58336	50154
31984	44088
34121	46731
40472	5363
5315	5441
32037	40747
51926	46423
9822	52330
46746	12920
9659	17268
46725	11744
32706	9602
24513	31724
10906	7934
58462	26864
53879	14471
31791	13710
50268	10127
57236	15520
39862	58062
57523	2392
8645	9834
4864	7311
38662	27800
