0	1
0	130
0	1928
0	1163
0	642
0	146
0	659
0	21
0	1945
0	1946
0	416
0	1067
0	19
0	484
0	870
0	109
0	1139
0	884
0	1018
0	638
1	0
1	32
1	226
1	100
1	37
1	72
1	9
1	28
1	19
1	537
1	89
1	123
1	158
2	385
2	3
2	581
2	359
2	488
2	620
2	910
2	498
2	947
2	1148
2	573
2	63
3	2
4	642
4	1283
4	5
4	1162
4	530
4	659
4	149
4	285
4	416
4	162
4	419
4	676
4	1958
4	423
4	1960
4	1961
4	170
4	51
4	440
4	573
4	704
4	1184
4	1348
4	1477
4	1505
4	974
4	463
4	464
4	1107
4	984
4	479
4	225
4	1127
4	744
4	1959
4	829
4	1491
4	1015
4	298
4	511
5	32
5	354
5	4
5	102
5	7
5	72
5	171
5	226
5	336
5	209
5	212
5	158
6	32
6	354
6	100
6	37
6	171
6	19
6	212
6	502
6	311
6	89
6	158
7	1025
7	1539
7	1541
7	513
7	8
7	10
7	5
7	1456
7	1061
7	550
7	1066
7	48
7	1459
7	566
7	65
7	579
7	1094
7	1096
7	1104
7	604
7	1632
7	1126
7	616
7	1132
7	1141
7	631
7	632
7	121
7	123
7	125
7	128
7	134
7	1217
7	1160
7	652
7	151
7	167
7	1198
7	687
7	691
7	798
7	1207
7	1210
7	188
7	189
7	1214
7	1727
7	705
7	1223
7	1231
7	633
7	222
7	1147
7	1263
7	241
7	1792
7	258
7	259
7	1293
7	1806
7	787
7	1814
7	793
7	286
7	1827
7	292
7	1830
7	807
7	297
7	1837
7	322
7	835
7	1860
7	838
7	1353
7	333
7	1368
7	1371
7	1372
7	349
7	1378
7	355
7	871
7	879
7	368
7	1939
7	1419
7	908
7	910
7	1938
7	1427
7	1940
7	1439
7	931
7	939
7	1454
7	431
7	944
7	435
7	949
7	1463
7	970
7	974
7	466
7	475
7	482
7	485
7	498
7	501
7	1526
8	32
8	128
8	770
8	358
8	7
8	136
8	226
8	171
8	354
8	494
8	49
8	212
8	238
8	150
8	72
8	89
8	283
8	253
8	94
9	1
9	521
9	10
9	1036
9	1551
9	1044
9	22
9	2234
9	24
9	25
9	785
9	1566
9	176
9	37
9	1579
9	556
9	48
9	562
9	2227
9	54
9	1592
9	1600
9	1718
9	1608
9	587
9	1613
9	590
9	1105
9	594
9	598
9	1112
9	1629
9	1118
9	98
9	1635
9	1809
9	106
9	109
9	622
9	111
9	1648
9	113
9	114
9	120
9	635
9	1093
9	21
9	1046
9	647
9	1388
9	1674
9	140
9	1677
9	654
9	143
9	1172
9	772
9	1699
9	1701
9	1308
9	1707
9	1138
9	1200
9	2225
9	2226
9	2228
9	2229
9	182
9	2231
9	2232
9	2233
9	186
9	2235
9	2236
9	2237
9	2238
9	192
9	196
9	199
9	1226
9	206
9	208
9	1132
9	1755
9	1248
9	1744
9	226
9	228
9	232
9	1769
9	2224
9	236
9	240
9	1269
9	250
9	1282
9	1795
9	260
9	265
9	1297
9	284
9	1829
9	296
9	1835
9	1843
9	1642
9	1852
9	830
9	1855
9	832
9	1863
9	1865
9	843
9	1580
9	352
9	912
9	1379
9	364
9	369
9	1854
9	1398
9	148
9	1403
9	385
9	901
9	390
9	1421
9	911
9	1424
9	1430
9	407
9	1438
9	2230
9	420
9	424
9	433
9	440
9	1466
9	955
9	1781
9	1696
9	450
9	965
9	459
9	465
9	1492
9	983
9	472
9	477
10	32
10	876
10	133
10	678
10	7
10	9
10	204
10	494
10	79
10	123
10	28
10	158
11	1443
11	452
11	359
11	1096
11	12
11	559
11	1496
11	691
11	1272
11	1465
11	824
11	1342
12	11
12	29
13	135
13	136
13	1545
13	138
13	14
13	539
13	158
13	32
13	426
13	45
13	179
13	756
13	71
13	204
13	76
13	591
13	83
13	97
13	354
13	116
13	374
13	121
14	13
15	902
15	393
15	399
15	16
15	20
15	1176
15	540
15	31
15	804
15	303
15	115
15	58
15	1083
15	1471
15	1090
15	1227
15	1106
15	985
15	219
15	1002
15	752
15	1267
16	238
16	15
16	49
16	499
16	89
16	136
16	283
16	572
16	94
17	1099
17	1038
17	18
17	91
17	157
17	862
17	351
18	17
18	147
19	0
19	1
19	165
19	6
19	879
19	48
19	212
19	21
19	694
20	15
21	0
21	100
21	37
21	9
21	590
21	49
21	19
21	158
21	89
21	283
21	28
21	94
22	9
22	70
22	28
22	37
22	302
23	1799
23	24
23	1179
23	1323
23	1452
23	1327
23	48
23	184
23	1467
23	957
23	1214
23	67
23	198
23	1097
23	1230
23	1108
23	1109
23	249
23	1370
23	1274
23	2146
23	2147
23	2148
23	106
23	751
23	118
23	121
23	1402
23	490
23	638
24	37
24	9
24	494
24	725
24	502
24	23
24	634
25	9
25	50
25	28
25	133
25	79
26	706
26	412
26	101
26	38
26	328
26	105
26	42
26	139
26	78
26	47
26	144
26	81
26	55
26	348
26	218
26	27
26	156
26	61
27	354
27	72
27	876
27	47
27	144
27	136
27	150
27	55
27	26
27	30
28	1280
28	1
28	1707
28	260
28	1046
28	647
28	648
28	236
28	10
28	1687
28	140
28	1677
28	529
28	148
28	1045
28	22
28	407
28	25
28	1562
28	284
28	1694
28	160
28	36
28	37
28	369
28	296
28	41
28	1578
28	1671
28	1540
28	1711
28	385
28	689
28	1203
28	437
28	54
28	265
28	312
28	1466
28	955
28	830
28	192
28	450
28	424
28	965
28	712
28	1558
28	587
28	589
28	590
28	207
28	208
28	1592
28	1112
28	1188
28	1487
28	1629
28	1118
28	1248
28	98
28	1379
28	472
28	1000
28	1642
28	108
28	240
28	113
28	114
28	1269
28	1655
28	1172
28	1403
28	21
28	1149
28	1663
29	920
29	12
30	128
30	513
30	1032
30	1545
30	1163
30	144
30	1169
30	786
30	47
30	412
30	797
30	27
30	38
30	156
30	42
30	925
30	72
30	50
30	61
30	1088
30	78
30	336
30	81
30	218
30	348
30	354
30	996
30	101
30	1262
30	1142
30	504
30	123
31	15
32	512
32	1
32	733
32	2051
32	2052
32	5
32	6
32	1025
32	8
32	2057
32	1034
32	2059
32	2060
32	13
32	2062
32	941
32	1710
32	1048
32	687
32	540
32	1054
32	1029
32	1568
32	33
32	1570
32	2054
32	38
32	1576
32	1884
32	42
32	2055
32	1583
32	48
32	1032
32	51
32	1178
32	1080
32	95
32	522
32	96
32	579
32	1462
32	2048
32	1096
32	73
32	589
32	2061
32	1720
32	514
32	595
32	84
32	1109
32	599
32	1113
32	1111
32	378
32	1630
32	1893
32	1632
32	2049
32	1125
32	1126
32	1128
32	1268
32	1131
32	1645
32	627
32	628
32	1214
32	632
32	121
32	122
32	1147
32	506
32	637
32	1301
32	129
32	2050
32	1217
32	1559
32	1681
32	1683
32	793
32	1690
32	2034
32	675
32	676
32	198
32	678
32	1191
32	681
32	1198
32	285
32	692
32	693
32	694
32	1207
32	1208
32	1209
32	1210
32	700
32	533
32	1726
32	666
32	2047
32	1222
32	1251
32	1507
32	1745
32	213
32	1913
32	348
32	217
32	1242
32	1013
32	2053
32	1245
32	1248
32	225
32	1763
32	1830
32	1766
32	1767
32	1768
32	144
32	1771
32	792
32	1775
32	1776
32	753
32	1778
32	244
32	1406
32	1784
32	315
32	1277
32	254
32	259
32	1465
32	1560
32	264
32	266
32	1292
32	1293
32	1325
32	1808
32	43
32	1066
32	1813
32	1815
32	1304
32	281
32	1818
32	730
32	1499
32	292
32	163
32	294
32	1169
32	297
32	1834
32	1837
32	1839
32	1841
32	10
32	563
32	1845
32	2056
32	824
32	825
32	1339
32	2058
32	539
32	2016
32	322
32	1859
32	836
32	1349
32	839
32	1355
32	1360
32	338
32	483
32	1366
32	1879
32	1368
32	1372
32	349
32	997
32	865
32	1546
32	2022
32	871
32	1384
32	1387
32	365
32	1410
32	879
32	370
32	2041
32	1911
32	1912
32	61
32	890
32	1915
32	1916
32	2026
32	894
32	1856
32	386
32	900
32	1857
32	47
32	1419
32	1858
32	399
32	1427
32	218
32	1860
32	412
32	154
32	1439
32	418
32	419
32	421
32	1804
32	425
32	498
32	1322
32	434
32	438
32	440
32	2036
32	415
32	2037
32	448
32	1464
32	964
32	1526
32	1478
32	673
32	969
32	971
32	977
32	1187
32	559
32	471
32	164
32	2011
32	2012
32	2013
32	2014
32	2015
32	2017
32	2018
32	2019
32	2020
32	2021
32	2023
32	2024
32	2025
32	1514
32	2027
32	2028
32	2029
32	2030
32	2031
32	2033
32	2035
32	500
32	501
32	2038
32	2039
32	2040
32	505
32	2042
32	2043
32	2044
32	2045
32	2046
32	511
33	32
33	217
33	780
34	65
34	35
34	903
34	907
34	2157
34	691
35	34
35	572
35	263
36	28
36	302
37	1
37	6
37	9
37	1553
37	21
37	22
37	24
37	28
37	543
37	1064
37	1067
37	1068
37	1705
37	48
37	1591
37	1599
37	71
37	1608
37	75
37	80
37	596
37	1625
37	2139
37	2140
37	1722
37	107
37	109
37	120
37	1146
37	1152
37	130
37	1668
37	133
37	146
37	660
37	1178
37	161
37	1698
37	165
37	1704
37	681
37	1194
37	173
37	176
37	694
37	184
37	1721
37	186
37	1729
37	1730
37	713
37	207
37	1239
37	228
37	1264
37	754
37	771
37	772
37	274
37	1669
37	1072
37	811
37	299
37	1326
37	1344
37	837
37	1354
37	843
37	866
37	1409
37	386
37	387
37	901
37	395
37	1932
37	1424
37	1425
37	1436
37	929
37	424
37	937
37	432
37	433
37	436
37	950
37	1473
37	964
37	966
37	465
37	1492
37	477
37	990
37	997
37	1512
37	1524
37	1015
37	1018
38	32
38	1665
38	354
38	204
38	47
38	55
38	504
38	26
38	30
39	40
39	305
39	845
40	72
40	345
40	354
40	39
41	28
41	79
42	128
42	32
42	1545
42	171
42	876
42	494
42	47
42	144
42	158
42	55
42	26
42	253
42	30
42	245
43	96
43	32
43	50
43	167
43	44
43	205
43	722
43	568
43	122
43	671
44	128
44	354
44	131
44	43
44	171
44	158
45	810
45	1151
45	13
45	46
45	1198
45	1206
45	152
45	890
45	603
45	62
45	415
46	136
46	1276
46	45
47	128
47	513
47	900
47	358
47	1032
47	1545
47	399
47	144
47	1169
47	786
47	533
47	537
47	26
47	27
47	412
47	925
47	30
47	32
47	602
47	38
47	924
47	42
47	813
47	72
47	50
47	158
47	55
47	61
47	1086
47	78
47	81
47	156
47	1493
47	1238
47	218
47	1295
47	348
47	1374
47	1375
47	865
47	354
47	101
47	230
47	977
47	621
47	496
47	499
47	1278
48	32
48	37
48	7
48	200
48	9
48	74
48	109
48	1102
48	19
48	725
48	502
48	23
48	56
48	133
49	1542
49	1031
49	8
49	16
49	530
49	531
49	21
49	1047
49	549
49	550
49	1583
49	563
49	1801
49	1080
49	570
49	571
49	1094
49	1101
49	594
49	1124
49	616
49	1132
49	625
49	119
49	1148
49	652
49	1171
49	1182
49	678
49	1712
49	1207
49	189
49	1214
49	201
49	719
49	1232
49	721
49	222
49	295
49	1263
49	1270
49	1788
49	258
49	259
49	777
49	1802
49	267
49	1292
49	1298
49	787
49	793
49	798
49	1824
49	1826
49	1316
49	1831
49	1320
49	1833
49	1847
49	826
49	835
49	311
49	333
49	1870
49	1850
49	863
49	355
49	359
49	1386
49	881
49	643
49	903
49	396
49	1432
49	928
49	941
49	431
49	944
49	1460
49	438
49	485
49	488
49	1517
49	498
49	1523
49	501
49	1532
49	511
50	1024
50	1025
50	514
50	1029
50	1111
50	526
50	601
50	25
50	539
50	1564
50	30
50	1570
50	43
50	1068
50	47
50	51
50	1078
50	1595
50	1087
50	1088
50	1096
50	1804
50	586
50	1720
50	595
50	599
50	1113
50	1125
50	106
50	627
50	1141
50	630
50	121
50	1147
50	637
50	638
50	1665
50	1985
50	1160
50	1169
50	1170
50	1683
50	149
50	1561
50	664
50	1761
50	1183
50	675
50	676
50	1990
50	1191
50	540
50	692
50	1054
50	696
50	1209
50	1727
50	1217
50	1995
50	708
50	441
50	1233
50	214
50	1999
50	1245
50	225
50	1251
50	1254
50	1257
50	792
50	753
50	1778
50	467
50	1268
50	249
50	764
50	298
50	1278
50	779
50	1292
50	435
50	270
50	1301
50	1304
50	281
50	285
50	286
50	807
50	296
50	297
50	1322
50	300
50	1837
50	815
50	824
50	1858
50	838
50	839
50	1864
50	1866
50	1355
50	1360
50	1763
50	1877
50	1368
50	1371
50	1374
50	865
50	874
50	1387
50	365
50	879
50	890
50	575
50	386
50	900
50	910
50	399
50	925
50	415
50	1442
50	419
50	422
50	1964
50	432
50	434
50	1459
50	244
50	995
50	448
50	961
50	1986
50	1987
50	1988
50	1989
50	1478
50	1992
50	969
50	1994
50	971
50	1996
50	1997
50	974
50	463
50	977
50	163
50	981
50	985
50	1018
50	677
50	1465
50	483
50	997
50	1277
50	506
50	1533
50	1023
51	253
51	225
51	4
51	32
51	72
51	298
51	270
51	463
51	209
51	50
51	435
51	149
51	56
51	285
51	286
52	615
52	840
52	809
52	679
52	430
52	79
52	368
52	82
52	53
52	698
52	431
52	222
52	255
53	52
54	9
54	28
54	79
55	219
55	101
55	38
55	657
55	348
55	42
55	786
55	78
55	47
55	144
55	81
55	26
55	628
55	412
55	218
55	27
55	156
55	61
55	394
56	388
56	1797
56	390
56	264
56	780
56	783
56	1816
56	922
56	286
56	1567
56	646
56	1063
56	1066
56	48
56	945
56	51
56	310
56	1079
56	57
56	1210
56	702
56	1089
56	694
56	839
56	974
56	975
56	760
56	1108
56	726
56	1751
56	1807
56	862
56	352
56	1787
56	742
56	365
56	1010
56	628
56	1656
56	635
56	639
57	74
57	76
57	77
57	622
57	593
57	1390
57	118
57	56
57	1276
57	158
58	15
59	880
59	194
59	60
59	702
60	59
61	128
61	1665
61	32
61	200
61	202
61	174
61	47
61	30
61	150
61	55
61	504
61	26
61	94
62	641
62	203
62	45
62	909
62	152
62	602
62	572
62	63
63	2
63	91
63	200
63	266
63	77
63	72
63	62
63	311
63	89
63	283
63	572
63	94
64	65
64	782
64	646
64	767
65	64
65	128
65	34
65	261
65	7
65	72
65	167
65	354
65	468
65	766
65	219
65	158
66	490
66	514
66	961
66	1033
66	1418
66	1239
66	1177
66	792
66	708
66	540
66	1310
66	683
66	558
66	315
66	193
66	67
66	1092
66	198
66	839
66	2124
66	2125
66	2126
66	2127
66	2128
66	2129
66	981
66	121
66	992
66	993
66	106
66	747
66	2130
66	1144
66	1145
66	509
66	510
67	1968
67	121
67	66
67	1331
67	23
68	69
68	1928
68	141
68	2099
68	696
68	1467
69	377
69	147
69	68
69	753
70	1024
70	514
70	1412
70	961
70	399
70	2067
70	22
70	792
70	539
70	540
70	1572
70	1322
70	683
70	1266
70	432
70	692
70	1078
70	315
70	1340
70	959
70	1217
70	708
70	71
70	1616
70	594
70	981
70	982
70	2063
70	993
70	617
70	106
70	623
70	839
70	627
70	628
70	501
70	1144
70	506
70	637
70	894
71	13
71	70
71	37
72	512
72	1
72	2050
72	1539
72	1029
72	1025
72	1032
72	1037
72	527
72	531
72	1557
72	2070
72	2071
72	2072
72	2073
72	2074
72	27
72	2076
72	2077
72	2078
72	5
72	2080
72	2081
72	2082
72	91
72	2084
72	1061
72	2086
72	2087
72	40
72	604
72	2090
72	2055
72	434
72	559
72	8
72	51
72	565
72	1080
72	1595
72	63
72	1088
72	65
72	579
72	1096
72	73
72	1890
72	590
72	1106
72	1108
72	1109
72	599
72	1113
72	1627
72	92
72	1630
72	1894
72	104
72	620
72	84
72	627
72	1141
72	632
72	122
72	123
72	1148
72	126
72	127
72	129
72	1559
72	652
72	145
72	1147
72	1561
72	664
72	1690
72	538
72	1695
72	1697
72	163
72	164
72	1191
72	1198
72	687
72	1713
72	1202
72	30
72	694
72	1209
72	2079
72	1213
72	705
72	198
72	2083
72	2088
72	1245
72	2085
72	1760
72	1762
72	1763
72	1768
72	124
72	1770
72	1776
72	753
72	244
72	1150
72	1833
72	762
72	764
72	1277
72	1790
72	1791
72	1793
72	513
72	1798
72	264
72	266
72	779
72	1804
72	270
72	1297
72	1812
72	1301
72	1814
72	1304
72	282
72	2021
72	285
72	293
72	1830
72	1319
72	1169
72	298
72	1459
72	368
72	563
72	2056
72	824
72	825
72	315
72	1076
72	1346
72	838
72	1355
72	333
72	1360
72	849
72	338
72	1251
72	1368
72	346
72	1883
72	349
72	997
72	865
72	1887
72	1891
72	1893
72	358
72	359
72	1387
72	2089
72	879
72	2075
72	1393
72	1394
72	1395
72	1912
72	1916
72	382
72	1921
72	797
72	47
72	399
72	1427
72	925
72	1439
72	418
72	419
72	421
72	425
72	944
72	946
72	435
72	949
72	438
72	1463
72	1268
72	443
72	448
72	1474
72	1475
72	1478
72	969
72	458
72	1442
72	970
72	977
72	467
72	982
72	676
72	2013
72	1502
72	1465
72	2018
72	678
72	1510
72	167
72	594
72	2032
72	1522
72	2035
72	500
72	254
72	505
72	1018
72	1517
72	1841
72	1023
73	72
73	32
73	253
73	158
73	1295
74	769
74	386
74	1543
74	1305
74	670
74	929
74	292
74	294
74	1066
74	48
74	1073
74	1458
74	1078
74	57
74	574
74	322
74	75
74	2003
74	2004
74	2005
74	2006
74	600
74	1444
74	990
74	1132
74	112
74	1010
74	251
74	638
74	511
75	100
75	37
75	200
75	74
75	77
75	173
75	94
75	502
75	311
75	397
75	89
75	91
75	150
76	833
76	1929
76	1068
76	77
76	1135
76	593
76	1172
76	536
76	57
76	475
76	13
76	638
77	1062
77	396
77	1394
77	621
77	146
77	536
77	1199
77	1450
77	928
77	673
77	1307
77	549
77	294
77	935
77	1320
77	1066
77	1068
77	760
77	431
77	945
77	818
77	947
77	310
77	57
77	700
77	63
77	833
77	246
77	582
77	201
77	75
77	76
77	1103
77	593
77	595
77	1238
77	222
77	485
77	745
77	875
77	620
77	109
77	1135
77	498
77	1012
77	117
77	886
77	1016
77	813
77	1343
77	1148
77	765
77	638
77	511
78	47
78	144
78	55
78	26
78	30
79	260
79	648
79	236
79	10
79	140
79	654
79	912
79	148
79	661
79	407
79	25
79	668
79	965
79	160
79	1058
79	420
79	41
79	1138
79	176
79	52
79	182
79	265
79	312
79	1082
79	1226
79	830
79	450
79	54
79	199
79	972
79	842
79	587
79	588
79	1229
79	590
79	208
79	465
79	850
79	284
79	983
79	1116
79	98
79	1000
79	364
79	594
79	622
79	113
79	114
79	1149
79	1093
79	1045
80	37
81	354
81	47
81	144
81	55
81	26
81	30
82	52
83	641
83	1031
83	1160
83	1161
83	13
83	910
83	365
83	1048
83	1176
83	922
83	925
83	286
83	1183
83	416
83	673
83	162
83	164
83	1061
83	1062
83	1456
83	435
83	700
83	928
83	1861
83	1606
83	839
83	969
83	1314
83	2168
83	210
83	595
83	84
83	654
83	1366
83	2169
83	2084
83	1371
83	95
83	996
83	485
83	1258
83	879
83	1008
83	1010
83	1012
83	886
83	631
83	760
83	1108
83	892
83	765
84	32
84	816
84	99
84	72
84	301
84	1295
84	400
84	83
84	245
84	473
85	643
85	86
85	375
86	85
86	183
87	88
87	525
87	582
88	87
89	1
89	6
89	8
89	1040
89	1044
89	533
89	1047
89	538
89	1055
89	549
89	550
89	1575
89	558
89	2097
89	1593
89	1598
89	63
89	75
89	600
89	95
89	16
89	1122
89	1126
89	107
89	620
89	621
89	117
89	1385
89	1657
89	1148
89	125
89	1150
89	21
89	1168
89	145
89	165
89	370
89	1714
89	181
89	1723
89	188
89	1653
89	1728
89	1217
89	1735
89	1736
89	201
89	1231
89	1756
89	222
89	1248
89	1250
89	743
89	233
89	1773
89	1774
89	754
89	246
89	1271
89	1785
89	251
89	252
89	1279
89	259
89	267
89	1805
89	785
89	1810
89	276
89	1312
89	1825
89	1315
89	1828
89	1832
89	1836
89	813
89	1838
89	1840
89	1846
89	1344
89	834
89	835
89	1351
89	840
89	863
89	355
89	359
89	360
89	873
89	367
89	368
89	1394
89	1400
89	1404
89	396
89	1431
89	1432
89	1435
89	1441
89	1446
89	423
89	1450
89	431
89	947
89	1475
89	1482
89	976
89	991
89	1506
89	490
89	498
89	1526
89	1528
89	1534
90	91
90	237
91	17
91	403
91	538
91	1187
91	1319
91	554
91	174
91	434
91	63
91	1347
91	72
91	75
91	1106
91	1236
91	345
91	90
91	991
91	365
91	1520
91	1140
91	117
91	1148
92	1382
92	72
92	126
92	439
92	760
92	123
92	93
92	862
93	257
93	1382
93	646
93	124
93	242
93	439
93	123
93	92
94	1031
94	8
94	16
94	530
94	531
94	533
94	545
94	1575
94	1583
94	1585
94	1587
94	573
94	63
94	1094
94	585
94	75
94	1101
94	2132
94	602
94	95
94	1124
94	616
94	117
94	119
94	124
94	21
94	641
94	1155
94	1158
94	654
94	145
94	1173
94	1176
94	1201
94	691
94	188
94	1141
94	192
94	1733
94	201
94	203
94	1228
94	1231
94	222
94	230
94	1263
94	1406
94	1270
94	251
94	259
94	267
94	787
94	795
94	1309
94	798
94	1316
94	1317
94	295
94	818
94	1330
94	1715
94	834
94	835
94	1351
94	330
94	333
94	853
94	863
94	355
94	359
94	873
94	1386
94	1387
94	61
94	368
94	881
94	888
94	1405
94	894
94	386
94	903
94	396
94	910
94	1432
94	1433
94	928
94	1441
94	423
94	431
94	1460
94	949
94	438
94	1469
94	976
94	1498
94	1501
94	482
94	485
94	488
94	498
94	1012
94	501
94	507
94	511
95	32
95	770
95	537
95	326
95	200
95	202
95	354
95	238
95	136
95	83
95	212
95	158
95	311
95	89
95	283
95	94
96	32
96	354
96	43
96	856
96	661
96	122
96	895
96	671
97	673
97	483
97	13
97	910
97	144
97	212
97	571
98	9
98	28
98	79
99	84
100	1
100	867
100	868
100	6
100	134
100	75
100	146
100	21
100	165
100	799
101	1665
101	354
101	388
101	1545
101	494
101	47
101	144
101	55
101	26
101	30
102	1024
102	1923
102	5
102	903
102	521
102	266
102	267
102	526
102	533
102	538
102	539
102	672
102	295
102	1322
102	1196
102	303
102	2096
102	692
102	351
102	444
102	1399
102	848
102	594
102	341
102	982
102	868
102	485
102	870
102	359
102	1256
102	617
102	498
102	627
102	2165
102	759
102	1019
102	1148
103	104
103	163
103	419
104	128
104	354
104	103
104	72
104	226
104	494
104	499
104	123
104	253
105	26
106	66
106	261
106	197
106	70
106	167
106	9
106	876
106	1638
106	50
106	499
106	23
106	388
106	860
106	158
106	293
107	89
107	37
108	28
108	133
109	0
109	642
109	901
109	902
109	9
109	1932
109	788
109	666
109	1310
109	162
109	37
109	294
109	938
109	1195
109	48
109	436
109	566
109	440
109	826
109	827
109	829
109	77
109	210
109	1108
109	857
109	353
109	187
109	871
109	1874
109	110
109	751
109	370
109	886
109	639
109	638
109	511
110	109
111	9
112	390
112	1159
112	1310
112	294
112	425
112	1066
112	694
112	315
112	712
112	713
112	74
112	208
112	479
112	2149
112	2150
112	2151
112	2152
112	365
112	238
112	1520
112	1394
112	627
112	1119
112	757
112	886
112	511
113	9
113	28
113	79
114	9
114	28
114	79
115	15
116	129
116	1538
116	900
116	2113
116	1217
116	13
116	149
116	1796
116	1775
116	540
116	1570
116	164
116	1222
116	167
116	1322
116	1451
116	1453
116	559
116	1327
116	1842
116	1210
116	2107
116	2108
116	2109
116	2110
116	117
116	2112
116	705
116	1990
116	727
116	676
116	135
116	2106
116	1246
116	483
116	1126
116	1384
116	1518
116	1661
116	627
116	501
116	886
116	1144
116	2111
116	637
116	661
117	551
117	77
117	116
117	534
117	311
117	89
117	91
117	94
118	1059
118	517
118	839
118	520
118	1103
118	119
118	1452
118	1063
118	1359
118	791
118	375
118	146
118	1950
118	310
118	23
118	57
118	571
118	1500
118	605
118	158
118	703
119	537
119	283
119	94
119	118
119	49
120	9
120	37
121	128
121	1665
121	7
121	138
121	13
121	1166
121	23
121	32
121	551
121	814
121	50
121	179
121	66
121	67
121	855
121	2142
121	2143
121	354
121	167
121	876
121	374
121	1663
122	96
122	128
122	354
122	32
122	72
122	43
123	512
123	1
123	733
123	1542
123	1025
123	10
123	1035
123	526
123	528
123	1043
123	1557
123	30
123	1570
123	1371
123	550
123	1066
123	7
123	946
123	559
123	563
123	1119
123	1034
123	1086
123	2111
123	579
123	1092
123	1862
123	1607
123	72
123	1098
123	1720
123	595
123	1550
123	1111
123	1113
123	1627
123	92
123	93
123	1637
123	1632
123	1125
123	104
123	1640
123	1131
123	1132
123	1137
123	1650
123	628
123	629
123	630
123	1143
123	632
123	1147
123	124
123	637
123	129
123	1666
123	1643
123	1217
123	652
123	1198
123	1681
123	1683
123	1686
123	1691
123	1692
123	1693
123	2208
123	673
123	1186
123	1187
123	1700
123	2213
123	2214
123	1191
123	2216
123	2217
123	2218
123	2219
123	2220
123	1710
123	688
123	177
123	691
123	692
123	1737
123	696
123	1209
123	700
123	1213
123	1214
123	1215
123	193
123	194
123	971
123	1221
123	1224
123	1225
123	210
123	723
123	1748
123	216
123	217
123	1754
123	1245
123	1760
123	1659
123	1574
123	1254
123	1255
123	1257
123	1319
123	1746
123	1776
123	753
123	1778
123	1267
123	1268
123	1747
123	605
123	760
123	1277
123	254
123	1793
123	1797
123	267
123	1292
123	1806
123	759
123	1300
123	1301
123	1815
123	792
123	1818
123	1820
123	1311
123	292
123	163
123	295
123	1169
123	1322
123	1834
123	1837
123	815
123	1841
123	1336
123	315
123	599
123	1857
123	322
123	836
123	1869
123	1355
123	845
123	849
123	338
123	1251
123	1369
123	859
123	349
123	865
123	358
123	359
123	1767
123	879
123	1393
123	1395
123	807
123	889
123	890
123	575
123	892
123	1406
123	235
123	900
123	1803
123	1439
123	1440
123	418
123	421
123	425
123	1454
123	434
123	1462
123	1465
123	448
123	961
123	963
123	1771
123	969
123	1483
123	162
123	463
123	977
123	378
123	675
123	981
123	471
123	2212
123	1499
123	1018
123	992
123	483
123	485
123	486
123	1873
123	1532
123	2215
123	1783
123	1526
123	506
123	1020
123	1533
123	1109
124	162
124	829
124	72
124	875
124	460
124	642
124	253
124	1108
124	94
124	439
124	504
124	212
124	922
124	123
124	93
124	1022
125	89
125	494
125	7
126	781
126	1168
126	1170
126	1171
126	406
126	666
126	282
126	166
126	558
126	1202
126	438
126	500
126	72
126	1234
126	346
126	92
126	480
126	1124
126	2155
126	1132
126	882
126	244
126	127
126	638
126	639
127	72
127	126
128	1025
128	514
128	1539
128	1029
128	7
128	8
128	1111
128	526
128	531
128	601
128	538
128	30
128	1567
128	1571
128	549
128	1574
128	1372
128	42
128	1031
128	44
128	946
128	559
128	1032
128	563
128	565
128	1078
128	1080
128	61
128	1088
128	65
128	1383
128	1092
128	1889
128	1096
128	1920
128	1891
128	1550
128	1113
128	1627
128	1630
128	1119
128	1632
128	1922
128	1124
128	1125
128	1126
128	104
128	1640
128	359
128	620
128	890
128	1214
128	1896
128	627
128	1141
128	631
128	632
128	121
128	122
128	1147
128	129
128	1899
128	1672
128	652
128	294
128	1169
128	1684
128	663
128	664
128	1690
128	676
128	673
128	675
128	164
128	198
128	678
128	169
128	1198
128	175
128	1907
128	692
128	693
128	694
128	1208
128	1211
128	700
128	1726
128	666
128	705
128	1643
128	1222
128	1737
128	349
128	1745
128	1748
128	1239
128	733
128	1246
128	1248
128	1762
128	1318
128	1766
128	1904
128	1768
128	1319
128	1917
128	1776
128	753
128	467
128	1268
128	1918
128	1782
128	1789
128	1791
128	1792
128	1281
128	641
128	1819
128	1292
128	1293
128	1808
128	786
128	643
128	793
128	303
128	285
128	1311
128	1830
128	298
128	300
128	1325
128	1160
128	824
128	1849
128	315
128	1856
128	1760
128	322
128	835
128	836
128	838
128	1355
128	1868
128	333
128	386
128	848
128	1251
128	1876
128	1878
128	1879
128	1880
128	1881
128	1882
128	1883
128	1884
128	1886
128	1887
128	865
128	1890
128	1339
128	1892
128	1893
128	1894
128	1895
128	1384
128	1897
128	1898
128	1387
128	1900
128	1901
128	1902
128	1903
128	368
128	1905
128	1906
128	1395
128	1908
128	1909
128	1910
128	1911
128	1912
128	1914
128	1915
128	1916
128	893
128	1406
128	1919
128	1408
128	1921
128	1923
128	1924
128	1925
128	47
128	1175
128	1858
128	1688
128	985
128	1427
128	1860
128	412
128	1178
128	418
128	419
128	1862
128	241
128	425
128	1054
128	941
128	1454
128	944
128	438
128	439
128	440
128	415
128	1468
128	448
128	1474
128	451
128	969
128	970
128	971
128	466
128	163
128	981
128	982
128	471
128	1700
128	1500
128	1360
128	1806
128	483
128	997
128	486
128	595
128	500
128	501
128	681
128	505
128	1531
128	426
128	511
129	128
129	32
129	354
129	358
129	72
129	876
129	226
129	499
129	116
129	123
129	253
130	0
130	37
131	258
131	132
131	44
131	526
131	1423
131	1300
131	1183
131	545
131	418
131	1448
131	1322
131	1324
131	818
131	444
131	189
131	1086
131	1479
131	585
131	333
131	590
131	1741
131	1104
131	1619
131	910
131	1757
131	1119
131	742
131	445
131	759
131	1532
132	131
133	1282
133	260
133	1928
133	236
133	10
133	140
133	1308
133	148
133	1046
133	407
133	25
133	284
133	160
133	48
133	37
133	540
133	1200
133	433
133	1204
133	1796
133	312
133	1337
133	955
133	965
133	780
133	843
133	589
133	590
133	208
133	871
133	232
133	108
133	749
133	886
133	765
134	770
134	100
134	7
134	202
134	171
134	204
134	354
134	238
134	1039
134	311
134	154
134	283
134	266
135	485
135	870
135	1031
135	13
135	241
135	116
135	2006
136	259
136	644
136	1413
136	8
136	137
136	267
136	13
136	621
136	16
136	431
136	662
136	538
136	303
136	545
136	27
136	933
136	1266
136	46
136	1928
136	1334
136	1466
136	573
136	1218
136	835
136	1094
136	199
136	585
136	1357
136	222
136	95
136	784
136	1124
136	359
136	360
136	873
136	365
136	498
137	136
137	171
138	121
138	13
139	26
140	9
140	28
140	133
140	79
141	68
142	206
142	143
143	9
143	197
143	142
143	311
144	26
144	27
144	156
144	218
144	158
144	32
144	161
144	1192
144	42
144	556
144	47
144	30
144	55
144	354
144	78
144	847
144	81
144	602
144	348
144	97
144	226
144	101
144	764
145	294
145	72
145	266
145	978
145	1936
145	146
145	567
145	89
145	891
145	572
145	94
146	0
146	100
146	37
146	650
146	651
146	268
146	685
146	77
146	145
146	629
146	118
147	643
147	69
147	617
147	399
147	18
147	152
148	9
148	28
148	133
148	79
149	4
149	1295
149	50
149	51
149	116
149	504
150	1285
150	646
150	903
150	8
150	267
150	396
150	654
150	621
150	2221
150	151
150	538
150	27
150	1434
150	928
150	673
150	1416
150	347
150	164
150	1350
150	295
150	169
150	682
150	1341
150	813
150	2222
150	2223
150	305
150	573
150	949
150	61
150	539
150	1346
150	964
150	910
150	1292
150	75
150	1356
150	213
150	1241
150	1242
150	1115
150	604
150	355
150	996
150	1126
150	999
150	1258
150	620
150	1133
150	879
150	368
150	1010
150	1372
150	636
150	554
151	150
151	7
152	45
152	366
152	210
152	147
152	238
152	153
152	62
153	152
154	1377
154	2114
154	1307
154	32
154	1363
154	134
154	519
154	554
154	935
154	588
154	1165
154	558
154	2067
154	1017
154	244
154	279
154	500
154	155
155	154
156	847
156	144
156	158
156	55
156	504
156	26
156	47
156	30
157	17
158	512
158	1
158	733
158	1029
158	6
158	10
158	1037
158	1550
158	1557
158	1559
158	1048
158	540
158	1054
158	5
158	1570
158	1062
158	1066
158	1068
158	559
158	1073
158	1586
158	563
158	1079
158	1081
158	1088
158	65
158	2115
158	2116
158	2117
158	2118
158	2119
158	1096
158	73
158	2122
158	951
158	1100
158	13
158	594
158	595
158	1108
158	1109
158	601
158	606
158	95
158	1126
158	795
158	106
158	620
158	1650
158	1141
158	118
158	632
158	1148
158	638
158	21
158	646
158	1680
158	1169
158	1684
158	1688
158	1690
158	156
158	159
158	163
158	1700
158	1222
158	1191
158	168
158	517
158	1198
158	692
158	693
158	1208
158	1209
158	1211
158	1213
158	1217
158	198
158	1736
158	210
158	1750
158	1751
158	1245
158	1248
158	225
158	1254
158	1257
158	1771
158	753
158	1778
158	249
158	251
158	42
158	44
158	1806
158	2123
158	1815
158	1818
158	1819
158	286
158	1314
158	292
158	807
158	1320
158	298
158	1837
158	815
158	1845
158	824
158	1860
158	1349
158	838
158	839
158	328
158	1360
158	1366
158	57
158	1371
158	144
158	1893
158	359
158	1384
158	365
158	879
158	890
158	865
158	386
158	747
158	47
158	1419
158	910
158	922
158	666
158	1439
158	1442
158	1454
158	431
158	944
158	2120
158	1970
158	1462
158	2121
158	440
158	1465
158	1474
158	1475
158	1478
158	1991
158	969
158	458
158	463
158	970
158	1502
158	2043
158	1514
158	167
158	1010
158	1011
158	1023
158	511
159	318
159	158
160	28
160	133
160	79
161	416
161	2208
161	162
161	1923
161	772
161	37
161	1928
161	875
161	642
161	144
161	627
161	1108
161	887
161	1210
161	829
162	161
162	4
162	1665
162	171
162	109
162	496
162	336
162	83
162	388
162	123
162	124
163	128
163	1665
163	354
163	32
163	103
163	72
163	167
163	876
163	496
163	50
163	504
163	123
163	158
164	128
164	32
164	354
164	72
164	234
164	83
164	876
164	499
164	116
164	150
164	253
165	100
165	37
165	19
165	89
165	283
166	126
167	1025
167	1666
167	1539
167	1029
167	1570
167	7
167	2063
167	1266
167	397
167	158
167	1837
167	912
167	43
167	286
167	1683
167	1814
167	1559
167	1690
167	879
167	1054
167	673
167	1442
167	475
167	1700
167	504
167	678
167	807
167	168
167	297
167	683
167	1069
167	1454
167	815
167	72
167	1459
167	565
167	1078
167	1208
167	116
167	705
167	959
167	65
167	322
167	1858
167	197
167	2064
167	1096
167	1533
167	970
167	435
167	333
167	463
167	1720
167	163
167	121
167	1368
167	676
167	1371
167	476
167	1632
167	1120
167	865
167	500
167	1124
167	485
167	106
167	750
167	1277
167	1520
167	1137
167	1522
167	244
167	1141
167	1845
167	1273
167	764
167	637
167	894
168	158
168	167
169	128
169	347
169	150
170	209
170	4
171	1025
171	5
171	518
171	8
171	137
171	652
171	1555
171	534
171	793
171	687
171	798
171	1439
171	162
171	134
171	678
171	1191
171	1449
171	1322
171	1607
171	172
171	559
171	944
171	1032
171	566
171	6
171	1029
171	1213
171	1088
171	1731
171	1984
171	839
171	969
171	1361
171	355
171	1366
171	599
171	344
171	1113
171	753
171	1507
171	934
171	359
171	44
171	1647
171	726
171	1522
171	297
171	42
172	171
173	395
173	37
173	1041
173	808
173	361
173	75
173	686
173	1085
173	433
173	178
173	707
173	888
173	221
174	61
174	1381
174	422
174	1266
174	872
174	1001
174	267
174	300
174	429
174	434
174	175
174	1928
174	1180
174	724
174	341
174	1941
174	91
174	220
174	533
174	1310
174	831
175	128
175	354
175	174
176	9
176	37
176	79
177	123
177	358
178	173
179	121
179	13
180	683
180	902
180	1163
180	399
180	792
180	539
180	540
180	1951
180	1952
180	674
180	1060
180	1190
180	427
180	686
180	1711
180	692
180	181
180	315
180	1597
180	1217
180	708
180	1606
180	967
180	968
180	974
180	594
180	979
180	852
180	981
180	993
180	1250
180	995
180	745
180	1266
180	628
180	1013
180	1095
180	637
181	89
181	180
181	197
182	9
182	79
183	738
183	537
183	1174
183	838
183	649
183	375
183	244
183	86
183	663
183	696
183	185
183	606
184	499
184	37
184	23
185	183
186	9
186	37
187	1457
187	499
187	109
188	89
188	202
188	94
188	7
189	131
189	7
189	1545
189	202
189	204
189	49
189	212
189	311
189	472
189	283
190	992
190	481
190	1091
190	191
190	1197
190	533
190	699
190	542
190	287
191	204
191	190
192	9
192	28
192	94
193	66
193	966
193	295
193	712
193	204
193	354
193	940
193	642
193	496
193	744
193	986
193	123
193	829
194	123
194	59
195	352
195	737
195	196
195	1189
195	1167
195	760
195	1947
195	1052
195	958
196	576
196	195
196	197
196	1480
196	9
196	460
196	238
196	341
196	343
197	514
197	775
197	1545
197	1290
197	399
197	708
197	750
197	1689
197	792
197	580
197	539
197	540
197	1190
197	1313
197	1702
197	1571
197	1734
197	294
197	167
197	210
197	1193
197	1323
197	1586
197	1327
197	1352
197	306
197	435
197	1076
197	181
197	1078
197	1335
197	692
197	315
197	1340
197	1597
197	575
197	1216
197	1217
197	961
197	424
197	196
197	198
197	968
197	1097
197	1738
197	1739
197	1612
197	1615
197	592
197	1233
197	594
197	341
197	982
197	1752
197	143
197	1759
197	1713
197	352
197	993
197	1717
197	1764
197	934
197	745
197	490
197	1362
197	1006
197	637
197	497
197	627
197	628
197	1525
197	631
197	1144
197	249
197	1658
197	635
197	1079
197	106
197	1237
198	128
198	32
198	66
198	197
198	72
198	354
198	466
198	23
198	504
198	441
198	860
198	158
199	136
199	9
199	79
200	641
200	652
200	390
200	903
200	396
200	533
200	662
200	1199
200	545
200	1316
200	549
200	423
200	1010
200	431
200	48
200	945
200	947
200	1205
200	310
200	585
200	570
200	571
200	61
200	63
200	863
200	75
200	1094
200	201
200	203
200	1484
200	1101
200	1485
200	1238
200	222
200	95
200	251
200	485
200	230
200	359
200	873
200	1511
200	620
200	1133
200	498
200	1012
200	1270
200	760
200	507
200	1148
200	1406
201	200
201	202
201	77
201	49
201	311
201	89
201	94
202	134
202	903
202	1417
202	267
202	533
202	910
202	1041
202	1173
202	1302
202	1944
202	793
202	283
202	1182
202	1312
202	545
202	646
202	1318
202	1447
202	809
202	813
202	430
202	431
202	1331
202	201
202	571
202	188
202	61
202	928
202	585
202	203
202	1231
202	1232
202	654
202	603
202	1597
202	95
202	1124
202	741
202	230
202	873
202	1132
202	189
202	498
202	501
202	361
202	511
203	448
203	347
203	551
203	200
203	202
203	94
203	923
203	62
204	448
204	386
204	900
204	1366
204	134
204	1544
204	10
204	1292
204	13
204	654
204	912
204	1048
204	1304
204	415
204	1568
204	292
204	677
204	38
204	1576
204	1195
204	1581
204	1462
204	951
204	628
204	699
204	1029
204	189
204	191
204	1088
204	193
204	836
204	1096
204	971
204	719
204	210
204	1110
204	727
204	1242
204	890
204	1502
204	225
204	1546
204	355
204	1644
204	1490
204	244
204	629
204	506
204	637
205	43
206	9
206	466
206	142
207	28
207	476
207	268
207	37
208	112
208	9
208	28
208	133
208	79
209	464
209	170
209	51
209	5
209	479
210	354
210	197
210	204
210	109
210	83
210	152
210	123
210	158
211	673
211	1131
211	836
211	1125
211	486
211	865
211	1034
211	1063
211	595
211	692
211	471
211	700
211	733
211	894
212	258
212	259
212	5
212	6
212	8
212	267
212	908
212	1325
212	530
212	531
212	1047
212	1307
212	798
212	928
212	550
212	941
212	945
212	1460
212	1207
212	189
212	1214
212	1601
212	1353
212	333
212	1238
212	222
212	95
212	97
212	1378
212	485
212	877
212	124
212	234
212	1517
212	1263
212	498
212	19
212	885
212	1271
212	813
212	1148
213	32
213	150
214	1574
214	743
214	1516
214	748
214	269
214	558
214	50
214	371
214	215
215	214
216	373
216	217
216	123
216	286
217	33
217	229
217	646
217	32
217	329
217	618
217	461
217	1392
217	373
217	502
217	216
217	123
218	32
218	334
218	47
218	144
218	55
218	504
218	26
218	30
219	65
219	391
219	426
219	15
219	725
219	469
219	55
219	943
220	1942
220	174
221	173
222	448
222	770
222	212
222	7
222	200
222	77
222	238
222	49
222	52
222	89
222	311
222	472
222	537
222	136
222	283
222	572
222	94
223	224
223	261
223	327
223	330
223	271
223	1620
223	503
223	413
224	223
225	32
225	354
225	4
225	1638
225	1545
225	204
225	50
225	51
225	504
225	158
226	512
226	1
226	1029
226	1032
226	9
226	1623
226	1550
226	533
226	541
226	5
226	1570
226	8
226	563
226	565
226	1086
226	1088
226	578
226	1096
226	586
226	1615
226	595
226	526
226	1110
226	1111
226	1113
226	1627
226	1119
226	104
226	1643
226	631
226	129
226	652
226	144
226	1169
226	673
226	1186
226	227
226	1196
226	1198
226	1719
226	1720
226	1209
226	700
226	1748
226	1242
226	733
226	1763
226	1254
226	1767
226	1768
226	1257
226	1770
226	1319
226	1776
226	1778
226	1268
226	764
226	1789
226	1278
226	266
226	1304
226	295
226	303
226	1336
226	1853
226	838
226	1360
226	1251
226	1888
226	865
226	868
226	1893
226	1383
226	1384
226	1387
226	1396
226	893
226	399
226	1427
226	1941
226	419
226	1964
226	1965
226	1966
226	434
226	439
226	1468
226	1697
226	969
226	458
226	977
226	469
226	1502
226	992
226	997
226	486
226	1191
227	226
228	9
228	37
229	217
229	618
229	789
230	200
230	202
230	94
230	47
231	451
231	357
231	486
231	232
231	745
231	268
231	306
231	275
231	707
231	569
231	790
231	508
231	819
231	995
232	9
232	268
232	133
232	231
233	89
234	164
234	871
234	680
234	844
234	235
234	716
234	525
234	527
234	691
234	212
235	234
235	123
236	9
236	28
236	133
236	79
237	90
238	134
238	8
238	1455
238	396
238	1346
238	910
238	16
238	787
238	404
238	405
238	1430
238	152
238	1519
238	925
238	780
238	545
238	795
238	1062
238	1201
238	1452
238	1821
238	1584
238	1585
238	1716
238	565
238	438
238	951
238	1210
238	832
238	833
238	322
238	196
238	1351
238	585
238	333
238	1742
238	1231
238	592
238	469
238	1037
238	1753
238	1743
238	570
238	222
238	95
238	352
238	1168
238	355
238	741
238	359
238	620
238	621
238	239
238	112
238	1650
238	627
238	1044
238	892
238	382
238	341
239	622
239	238
240	9
240	28
241	128
241	7
241	135
242	1063
242	243
242	93
242	439
243	242
244	32
244	1665
244	354
244	1545
244	167
244	72
244	876
244	266
244	204
244	50
244	183
244	154
244	126
245	42
245	1328
245	962
245	677
245	1300
245	841
245	586
245	745
245	526
245	1008
245	1010
245	499
245	84
245	1113
245	905
245	953
245	2170
245	636
245	701
245	511
246	770
246	266
246	77
246	534
246	89
246	283
247	248
248	800
248	247
249	441
249	50
249	197
249	158
249	23
250	9
251	200
251	74
251	720
251	158
251	89
251	572
251	266
251	94
252	89
252	537
253	129
253	264
253	266
253	1164
253	435
253	1169
253	1032
253	687
253	1565
253	292
253	1191
253	925
253	42
253	815
253	8
253	51
253	438
253	696
253	954
253	1211
253	1981
253	1726
253	705
253	322
253	835
253	1096
253	73
253	845
253	1110
253	164
253	1630
253	1126
253	104
253	1319
253	620
253	2158
253	500
253	631
253	890
253	124
253	254
254	32
254	354
254	72
254	1931
254	1932
254	1933
254	558
254	1934
254	123
254	253
255	52
257	714
257	1010
257	466
257	956
257	93
258	49
258	131
258	212
258	7
259	32
259	358
259	7
259	136
259	462
259	49
259	212
259	494
259	311
259	89
259	283
259	94
260	9
260	28
260	133
260	79
261	262
261	774
261	582
261	65
261	588
261	106
261	812
261	994
261	1345
261	525
261	1076
261	1429
261	1078
261	2210
261	223
262	261
263	35
263	540
263	662
263	455
264	32
264	72
264	253
264	56
265	9
265	28
265	79
266	134
266	1665
266	778
266	652
266	145
266	1949
266	928
266	549
266	936
266	431
266	691
266	311
266	701
266	318
266	63
266	32
266	1219
266	1094
266	72
266	226
266	462
266	1102
266	343
266	2136
266	2137
266	354
266	355
266	102
266	488
266	1130
266	749
266	244
266	1470
266	246
266	251
266	253
266	638
267	770
267	283
267	102
267	358
267	136
267	202
267	877
267	174
267	49
267	212
267	150
267	89
267	123
267	572
267	94
268	640
268	1026
268	451
268	357
268	231
268	232
268	642
268	306
268	495
268	744
268	146
268	275
268	819
268	803
268	952
268	569
268	589
268	207
268	478
269	1516
269	214
269	479
270	354
270	358
270	72
270	499
270	50
270	51
270	725
270	1295
271	223
272	712
272	273
273	272
274	37
275	1249
275	268
275	231
276	89
277	525
277	653
277	626
277	691
277	629
277	278
278	277
279	154
280	281
280	868
280	485
280	318
281	32
281	1545
281	504
281	50
281	280
281	441
282	72
282	126
283	1537
283	8
283	1037
283	16
283	531
283	1044
283	21
283	1061
283	1582
283	2100
283	2101
283	2102
283	1080
283	570
283	571
283	573
283	63
283	1602
283	1094
283	1101
283	1614
283	1109
283	1110
283	1624
283	95
283	1633
283	1124
283	1132
283	621
283	119
283	1557
283	1667
283	134
283	1675
283	533
283	1685
283	1182
283	165
283	189
283	202
283	1231
283	721
283	222
283	1252
283	1266
283	246
283	1279
283	259
283	1284
283	267
283	784
283	1306
283	1309
283	1312
283	809
283	813
283	303
283	1353
283	1358
283	1594
283	1376
283	870
283	873
283	1389
283	1394
283	1397
283	893
283	903
283	396
283	909
283	910
283	1428
283	1431
283	928
283	1441
283	935
283	1452
283	1453
283	431
283	947
283	438
283	1464
283	1468
283	1469
283	1486
283	1497
283	361
283	485
283	488
283	490
283	1523
283	1012
283	501
283	1529
283	507
284	9
284	28
284	133
284	79
285	128
285	32
285	4
285	72
285	50
285	51
286	770
286	167
286	7
286	658
286	472
286	50
286	51
286	354
286	56
286	216
286	83
286	634
286	158
287	190
288	289
288	338
289	288
289	802
289	1163
289	557
289	338
290	736
290	291
291	290
292	32
292	358
292	7
292	876
292	74
292	204
292	494
292	123
292	253
292	158
293	1665
293	747
293	775
293	1495
293	399
293	912
293	1298
293	1299
293	788
293	1259
293	826
293	708
293	666
293	540
293	294
293	1065
293	683
293	1068
293	1076
293	1079
293	696
293	1338
293	315
293	702
293	961
293	580
293	839
293	72
293	1226
293	982
293	1239
293	1117
293	106
293	491
293	2066
293	1009
293	370
293	629
293	631
293	1193
293	506
293	637
294	128
294	1665
294	293
294	32
294	74
294	109
294	77
294	112
294	145
294	1176
294	313
294	763
294	197
295	1161
295	525
295	150
295	537
295	1949
295	838
295	49
295	948
295	311
295	440
295	1209
295	193
295	1222
295	712
295	1355
295	589
295	845
295	977
295	338
295	1235
295	987
295	604
295	94
295	1119
295	226
295	102
295	745
295	877
295	1136
295	123
295	636
295	637
296	9
296	50
296	28
297	32
297	1665
297	354
297	167
297	171
297	50
297	472
297	7
298	128
298	4
298	72
298	1545
298	720
298	50
298	51
298	158
299	37
300	128
300	354
300	1545
300	876
300	302
300	50
300	174
301	84
302	352
302	36
302	745
302	300
302	590
302	529
302	1118
302	22
302	734
303	128
303	226
303	283
303	102
303	136
303	15
303	591
303	304
303	1928
303	1955
303	372
303	440
303	511
303	447
304	303
305	150
305	39
306	268
306	197
306	231
307	355
307	308
307	765
308	634
308	307
308	309
308	1261
309	1408
309	1349
309	838
309	745
309	308
309	698
309	315
309	922
309	1119
310	612
310	200
310	77
310	118
310	56
310	316
311	6
311	1548
311	1549
311	2063
311	533
311	1050
311	545
311	1577
311	554
311	49
311	1080
311	63
311	1605
311	1094
311	75
311	1101
311	1104
311	1617
311	1618
311	1110
311	95
311	1634
311	1641
311	621
311	2159
311	2160
311	2161
311	2162
311	627
311	2164
311	117
311	1654
311	1148
311	134
311	1163
311	652
311	143
311	1173
311	1182
311	673
311	1706
311	2163
311	692
311	696
311	189
311	630
311	1736
311	201
311	1740
311	723
311	1749
311	1238
311	222
311	739
311	749
311	758
311	760
311	1275
311	1279
311	259
311	266
311	1292
311	795
311	1314
311	1670
311	295
311	1320
311	1324
311	1341
311	840
311	1676
311	1369
311	862
311	1377
311	355
311	868
311	360
311	1387
311	368
311	892
311	893
311	1413
311	902
311	1415
311	904
311	910
311	1428
311	1437
311	423
311	1453
311	431
311	935
311	841
311	1476
311	1989
311	996
311	485
311	1447
311	1007
311	498
311	1523
311	1012
311	501
311	1530
311	507
311	1534
312	354
312	28
312	133
312	79
313	389
313	294
313	489
313	1266
313	702
313	1078
313	631
313	314
313	639
313	638
313	382
313	421
314	313
315	128
315	336
315	66
315	293
315	70
315	32
315	72
315	876
315	354
315	112
315	466
315	180
315	309
315	441
315	123
315	197
316	1289
316	772
316	317
316	310
316	527
317	408
317	428
317	555
317	316
318	1056
318	391
318	266
318	1075
318	951
318	280
318	319
318	159
319	504
319	1665
319	1545
319	318
319	1295
320	321
320	323
320	460
320	715
320	483
321	320
322	32
322	128
322	354
322	388
322	678
322	167
322	1545
322	74
322	7
322	876
322	494
322	1295
322	238
322	1665
322	123
322	253
323	320
324	550
324	652
324	908
324	749
324	1969
324	863
326	95
327	223
328	26
328	158
329	217
329	618
329	556
330	94
330	223
331	600
331	332
331	669
332	331
333	128
333	131
333	7
333	72
333	361
333	1265
333	238
333	880
333	49
333	212
333	472
333	167
333	94
334	512
334	900
334	1032
334	652
334	664
334	1561
334	1570
334	1478
334	2096
334	824
334	700
334	448
334	838
334	1096
334	1164
334	718
334	335
334	595
334	974
334	218
334	348
334	1018
334	1502
334	1251
334	747
334	753
334	1396
334	890
334	1147
334	524
335	334
336	1025
336	514
336	900
336	5
336	1032
336	1164
336	1304
336	1126
336	30
336	162
336	807
336	681
336	1459
336	435
336	1720
336	315
336	586
336	448
336	705
336	1474
336	838
336	1607
336	458
336	589
336	337
336	467
336	1621
336	982
336	1113
336	1371
336	349
336	1119
336	1632
336	1510
336	998
336	1767
336	489
336	1191
336	368
336	1257
336	1147
336	1278
337	336
338	288
338	289
338	354
338	356
338	295
338	392
338	1161
338	32
338	1390
338	72
338	339
338	1646
338	854
338	123
338	735
339	338
340	1166
341	352
341	196
341	197
341	102
341	394
341	174
341	592
341	2131
341	238
341	342
341	824
341	825
341	635
341	926
342	341
343	352
343	1948
343	266
343	196
343	562
344	171
345	40
345	691
345	91
345	2141
345	414
345	607
346	72
346	126
347	169
347	1603
347	203
347	854
347	150
348	32
348	354
348	334
348	47
348	144
348	55
348	26
348	30
349	32
349	128
349	7
349	72
349	493
349	655
349	336
349	504
349	123
349	350
350	349
351	352
351	1956
351	1957
351	102
351	1928
351	878
351	592
351	17
351	404
351	635
351	1053
352	576
352	195
352	197
352	942
352	1480
352	9
352	460
352	302
352	496
352	238
352	341
352	343
352	56
352	351
353	109
354	512
354	1025
354	733
354	1539
354	5
354	1478
354	8
354	1034
354	524
354	13
354	526
354	1966
354	601
354	1048
354	1561
354	27
354	30
354	1029
354	1568
354	1057
354	1570
354	549
354	38
354	1576
354	1672
354	1068
354	47
354	1032
354	1459
354	1076
354	565
354	1086
354	575
354	65
354	579
354	1096
354	586
354	696
354	594
354	595
354	270
354	1110
354	1113
354	602
354	378
354	95
354	1632
354	101
354	1126
354	104
354	1644
354	96
354	1650
354	1141
354	630
354	631
354	632
354	121
354	122
354	2172
354	129
354	1666
354	2179
354	2180
354	2181
354	134
354	193
354	2184
354	2185
354	2186
354	2187
354	652
354	175
354	2190
354	2191
354	2192
354	1169
354	2195
354	2196
354	2197
354	2198
354	2199
354	1688
354	2201
354	1690
354	1179
354	2204
354	2206
354	1183
354	977
354	163
354	164
354	198
354	678
354	1191
354	1198
354	687
354	2205
354	692
354	693
354	457
354	1208
354	1209
354	6
354	700
354	1726
354	705
354	1222
354	2081
354	1233
354	210
354	1748
354	1239
354	1242
354	1245
354	734
354	620
354	1248
354	225
354	1762
354	1763
354	1542
354	1254
354	1255
354	1768
354	1257
354	144
354	747
354	489
354	40
354	244
354	297
354	760
354	1276
354	1789
354	1304
354	1791
354	772
354	1798
354	1801
354	266
354	779
354	1292
354	1410
354	1294
354	792
354	559
354	286
354	1311
354	1976
354	2182
354	1319
354	1320
354	1851
354	2183
354	300
354	1837
354	815
354	1160
354	818
354	563
354	1844
354	312
354	825
354	315
354	1344
354	322
354	1860
354	539
354	839
354	2193
354	2188
354	1355
354	845
354	2189
354	848
354	1848
354	338
354	1251
354	1366
354	1368
354	1371
354	348
354	1885
354	1887
354	1889
354	355
354	2194
354	359
354	1384
354	1387
354	824
354	365
354	368
354	677
354	370
354	1513
354	1990
354	1684
354	890
354	2026
354	865
354	386
354	900
354	389
354	81
354	1419
354	399
354	2200
354	915
354	739
354	1432
354	2202
354	1439
354	1440
354	418
354	2203
354	421
354	1277
354	753
354	425
354	940
354	1453
354	1454
354	925
354	944
354	435
354	951
354	440
354	1268
354	2207
354	448
354	961
354	1474
354	454
354	1991
354	969
354	970
354	971
354	1998
354	463
354	1272
354	1993
354	467
354	469
354	982
354	1550
354	1502
354	479
354	1360
354	1806
354	1507
354	1509
354	486
354	849
354	764
354	1514
354	44
354	2030
354	2031
354	1522
354	2035
354	500
354	254
354	1018
354	1023
354	1533
354	511
355	354
355	1380
355	7
355	266
355	171
355	204
355	238
355	89
355	49
355	307
355	150
355	311
355	441
355	94
356	338
357	268
357	231
358	512
358	129
358	259
358	8
358	267
358	435
358	270
358	1812
358	1814
358	921
358	1563
358	292
358	47
358	177
358	1459
358	564
358	565
358	824
358	705
358	838
358	72
358	604
358	1373
358	1126
358	368
358	1521
358	500
358	1141
358	1784
358	762
358	123
358	764
358	1023
359	128
359	2
359	171
359	102
359	551
359	136
359	11
359	354
359	238
359	49
359	158
359	441
359	72
359	89
359	123
359	200
359	94
360	136
360	537
360	89
360	311
361	1638
361	550
361	456
361	202
361	333
361	1071
361	173
361	501
361	2054
361	283
361	1597
362	697
362	363
362	567
363	362
364	9
364	79
365	32
365	720
365	354
365	136
365	83
365	112
365	50
365	499
365	725
365	56
365	91
365	158
366	152
366	1104
367	89
368	128
368	354
368	358
368	7
368	72
368	311
368	1295
368	336
368	980
368	150
368	89
368	52
368	572
368	94
368	447
369	9
369	28
370	32
370	354
370	293
370	109
370	504
370	89
371	796
371	805
371	214
372	303
373	579
373	1063
373	1163
373	428
373	974
373	630
373	216
373	217
373	446
373	447
374	121
374	13
375	558
375	85
375	118
375	183
375	504
376	820
377	384
377	69
377	918
378	32
378	1665
378	354
378	379
378	123
379	378
380	1062
380	780
380	381
380	910
380	1061
381	380
382	72
382	523
382	238
382	885
382	886
382	313
382	383
382	765
382	693
383	382
384	377
385	9
385	2
385	28
386	32
386	128
386	354
386	37
386	1638
386	1545
386	74
386	204
386	50
386	158
386	504
386	94
386	1157
387	37
388	512
388	448
388	900
388	162
388	1032
388	779
388	1937
388	985
388	1812
388	1559
388	1561
388	925
388	1311
388	1442
388	419
388	1191
388	1770
388	1454
388	824
388	434
388	56
388	1465
388	1208
388	700
388	1726
388	1088
388	1217
388	322
388	838
388	969
388	845
388	1360
388	977
388	595
388	1209
388	1113
388	1371
388	1374
388	997
388	1823
388	101
388	1255
388	106
388	807
388	1277
388	1776
388	753
388	1650
388	1779
388	1527
388	637
388	1023
389	313
389	354
390	112
390	9
390	200
390	56
390	623
391	1154
391	219
391	934
391	318
391	1253
392	338
393	15
394	341
394	55
395	37
395	173
396	200
396	77
396	238
396	49
396	150
396	89
396	283
396	94
397	902
397	1063
397	1244
397	75
397	398
397	595
397	636
397	167
398	397
399	32
399	1665
399	226
399	293
399	70
399	72
399	499
399	354
399	15
399	50
399	147
399	180
399	504
399	441
399	47
399	197
400	449
400	579
400	1445
400	910
400	1703
400	1800
400	1260
400	1133
400	1422
400	817
400	1651
400	84
400	1134
400	1811
400	1652
400	835
400	892
400	1021
400	654
401	572
401	402
401	732
401	791
402	401
402	1147
403	91
404	238
404	351
405	238
406	126
407	9
407	489
407	28
407	133
407	79
408	409
408	317
409	408
410	728
410	411
411	410
412	128
412	1665
412	32
412	47
412	55
412	26
412	30
413	223
414	345
415	128
415	32
415	1545
415	204
415	45
415	50
415	504
416	0
416	161
416	4
416	496
416	83
418	128
418	1665
418	354
418	131
418	32
418	72
418	441
418	123
419	128
419	32
419	226
419	388
419	1638
419	103
419	72
419	50
419	504
419	4
420	9
420	466
420	79
421	32
421	354
421	72
421	441
421	504
421	313
421	123
422	50
422	174
423	4
423	200
423	311
423	89
423	572
423	94
424	9
424	28
424	37
424	197
425	128
425	1665
425	354
425	32
425	72
425	112
425	504
425	441
425	123
426	128
426	869
426	558
426	617
426	13
426	1166
426	765
426	654
426	886
426	219
426	1141
426	1183
427	180
428	373
428	317
429	174
430	572
430	202
430	52
431	7
431	49
431	136
431	266
431	311
431	77
431	200
431	52
431	158
431	537
431	472
431	89
431	283
431	572
431	202
431	94
432	504
432	50
432	476
432	37
432	70
433	133
433	9
433	37
433	173
434	1665
434	226
434	91
434	388
434	32
434	72
434	174
434	50
434	123
434	828
435	354
435	197
435	358
435	7
435	72
435	167
435	499
435	336
435	50
435	51
435	504
435	83
435	253
436	504
436	1665
436	37
436	109
437	28
438	128
438	32
438	72
438	494
438	49
438	126
438	238
438	283
438	253
438	94
439	128
439	226
439	92
439	619
439	242
439	696
439	794
439	124
439	93
440	32
440	128
440	354
440	4
440	295
440	9
440	876
440	109
440	303
440	499
440	441
440	158
441	1024
441	514
441	2058
441	1547
441	526
441	1557
441	539
441	540
441	541
441	1571
441	559
441	1586
441	563
441	1076
441	2103
441	2104
441	2105
441	1086
441	1087
441	1092
441	594
441	595
441	1109
441	1626
441	1119
441	1632
441	359
441	1645
441	627
441	628
441	630
441	631
441	637
441	1683
441	708
441	1186
441	1708
441	1709
441	1211
441	1217
441	1732
441	198
441	1246
441	1248
441	1254
441	747
441	1778
441	1780
441	759
441	249
441	1799
441	777
441	1300
441	792
441	281
441	804
441	1322
441	1323
441	50
441	1327
441	315
441	1862
441	839
441	1867
441	1868
441	848
441	1366
441	355
441	871
441	879
441	1393
441	575
441	1771
441	903
441	399
441	912
441	418
441	421
441	425
441	1452
441	1462
441	440
441	442
441	961
441	977
441	467
441	981
441	982
441	1872
441	483
441	1013
441	506
441	1533
442	441
442	556
443	72
444	131
444	102
445	131
446	871
446	373
446	846
446	447
447	766
447	1222
447	1132
447	303
447	368
447	373
447	502
447	2153
447	1311
447	446
447	1247
448	960
448	449
448	354
448	388
448	32
448	72
448	128
448	203
448	204
448	334
448	336
448	50
448	766
448	1080
448	123
448	222
449	448
449	776
449	400
449	556
449	1662
450	9
450	28
450	79
451	128
451	268
451	231
452	11
453	454
454	354
454	453
455	263
456	928
456	361
456	651
457	354
458	226
458	72
458	494
458	336
458	158
459	9
460	320
460	352
460	196
460	832
460	844
460	1074
460	562
460	628
460	1028
460	635
460	124
461	217
461	1150
461	673
461	745
462	545
462	259
462	585
462	266
462	941
462	739
462	662
462	919
462	734
463	1665
463	354
463	4
463	167
463	50
463	51
463	123
463	158
464	209
464	4
465	9
465	37
465	79
466	128
466	257
466	514
466	7
466	792
466	1604
466	539
466	541
466	1567
466	1571
466	420
466	1079
466	315
466	708
466	198
466	839
466	206
466	594
466	1108
466	981
466	1367
466	992
466	745
466	747
466	1010
466	1144
466	1148
466	1109
467	128
467	354
467	72
467	876
467	336
467	50
467	441
468	864
468	65
468	898
468	899
468	492
469	354
469	1481
469	522
469	226
469	238
469	470
469	219
469	828
470	469
471	123
471	32
471	128
471	211
472	645
472	1031
472	9
472	1419
472	28
472	286
472	1439
472	928
472	2096
472	931
472	297
472	813
472	431
472	1463
472	189
472	1207
472	333
472	1238
472	222
472	2144
472	881
472	893
472	511
473	84
475	7
475	76
475	167
476	546
476	902
476	167
476	2091
476	2092
476	2093
476	207
476	432
476	665
477	9
477	37
478	268
479	354
479	4
479	269
479	112
479	209
480	126
481	190
482	94
482	7
483	320
483	97
483	32
483	1545
483	128
483	1295
483	50
483	116
483	504
483	441
483	123
484	0
485	1665
485	770
485	123
485	212
485	7
485	102
485	135
485	200
485	167
485	77
485	880
485	49
485	83
485	532
485	311
485	280
485	537
485	283
485	94
486	128
486	226
486	742
486	231
486	487
486	354
486	211
486	729
486	123
487	486
488	2
488	266
488	49
488	283
488	94
489	336
489	313
489	354
489	407
490	66
490	197
490	23
490	89
490	283
490	572
491	293
492	468
493	349
494	259
494	8
494	10
494	1293
494	579
494	24
494	1054
494	1439
494	675
494	292
494	807
494	1628
494	1066
494	563
494	438
494	700
494	586
494	705
494	322
494	835
494	458
494	595
494	1750
494	599
494	985
494	604
494	733
494	1758
494	1761
494	1251
494	101
494	1126
494	1255
494	104
494	1513
494	1514
494	871
494	620
494	125
494	1474
494	1128
494	501
494	631
494	1372
494	1148
494	42
495	268
496	193
496	1554
496	1430
496	47
496	416
496	1569
496	162
496	163
496	1478
496	807
496	1962
496	1963
496	815
496	705
496	1222
496	586
496	717
496	973
496	592
496	352
496	1507
496	744
496	875
496	628
496	632
496	635
496	638
496	511
497	197
498	32
498	770
498	1380
498	102
498	551
498	200
498	202
498	2
498	77
498	49
498	212
498	311
498	7
498	89
498	136
498	572
498	94
499	1539
499	129
499	520
499	47
499	524
499	270
499	399
499	16
499	1169
499	915
499	691
499	1941
499	184
499	687
499	1695
499	815
499	1058
499	1243
499	164
499	1573
499	559
499	435
499	565
499	1208
499	1595
499	501
499	705
499	579
499	652
499	440
499	1364
499	1371
499	1374
499	2145
499	187
499	1765
499	104
499	106
499	365
499	1011
499	245
499	764
499	511
500	32
500	128
500	354
500	358
500	167
500	72
500	504
500	154
500	253
500	126
501	128
501	32
501	70
501	7
501	361
501	202
501	494
501	49
501	499
501	116
501	311
501	283
501	94
502	1220
502	694
502	6
502	1063
502	75
502	48
502	1042
502	659
502	630
502	24
502	217
502	927
502	447
503	223
504	1025
504	386
504	1786
504	1239
504	1164
504	1474
504	1166
504	399
504	912
504	1304
504	483
504	1813
504	1817
504	664
504	281
504	1690
504	539
504	156
504	925
504	30
504	415
504	163
504	421
504	1318
504	1191
504	425
504	436
504	558
504	815
504	432
504	628
504	435
504	1076
504	1763
504	1209
504	1724
504	61
504	319
504	198
504	1346
504	1732
504	838
504	865
504	1096
504	1292
504	970
504	971
504	2001
504	825
504	2000
504	849
504	419
504	1806
504	563
504	599
504	601
504	218
504	1371
504	604
504	349
504	1499
504	225
504	1251
504	997
504	506
504	1465
504	124
504	167
504	1644
504	2002
504	370
504	1875
504	500
504	375
504	505
504	890
504	38
504	149
505	504
505	72
505	128
505	32
505	1295
506	32
506	293
506	70
506	204
506	50
506	504
506	441
506	123
507	200
507	283
507	94
507	311
508	231
509	66
509	550
509	913
509	851
509	662
509	510
510	66
510	509
511	32
511	112
511	354
511	4
511	202
511	499
511	109
511	158
511	77
511	496
511	49
511	128
511	245
511	1622
511	472
511	303
511	74
511	94
512	354
512	388
512	358
512	72
512	1545
512	226
512	334
512	32
512	123
512	158
513	72
513	7
513	30
513	47
514	128
514	32
514	66
514	197
514	70
514	50
514	336
514	466
514	441
515	1027
515	883
515	516
516	515
517	158
517	118
518	171
519	154
520	499
520	118
521	9
521	102
522	32
522	739
522	646
522	1935
522	469
522	795
523	382
524	354
524	1030
524	877
524	1102
524	525
524	499
524	334
524	597
524	1176
524	634
525	802
525	261
525	295
525	234
525	524
525	277
525	87
526	128
526	354
526	131
526	102
526	226
526	906
526	877
526	50
526	916
526	245
526	1176
526	441
526	123
526	1662
527	72
527	234
527	316
528	123
529	28
529	302
530	212
530	4
530	572
530	94
530	49
531	128
531	72
531	49
531	212
531	283
531	94
532	2080
532	833
532	795
532	741
532	945
532	533
532	539
532	485
533	32
533	1665
533	226
533	102
533	200
533	202
533	174
533	47
533	532
533	94
533	311
533	89
533	283
533	190
534	171
534	117
534	246
534	535
535	534
536	76
536	77
537	1281
537	1
537	1175
537	910
537	678
537	1426
537	1303
537	538
537	47
537	673
537	550
537	295
537	941
537	431
537	868
537	991
537	1214
537	835
537	1351
537	183
537	1106
537	1365
537	601
537	222
537	95
537	996
537	485
537	360
537	621
537	1394
537	545
537	119
537	760
537	889
537	252
537	1407
538	128
538	770
538	102
538	136
538	72
538	150
538	89
538	537
538	91
539	32
539	1665
539	354
539	102
539	70
539	13
539	466
539	50
539	180
539	150
539	441
539	504
539	532
539	197
540	133
540	116
540	66
540	32
540	293
540	70
540	263
540	15
540	50
540	180
540	441
540	158
540	197
541	441
541	466
541	226
542	190
543	37
544	545
545	544
545	131
545	551
545	136
545	202
545	462
545	200
545	238
545	311
545	537
545	94
546	476
547	548
548	547
549	128
549	770
549	200
549	266
549	354
549	77
549	49
549	89
550	324
550	7
550	361
550	49
550	212
550	89
550	537
550	123
550	572
550	509
551	545
551	359
551	641
551	809
551	935
551	203
551	749
551	498
551	117
551	121
551	892
552	553
552	611
553	552
554	770
554	150
554	311
554	154
554	91
554	572
555	317
555	1941
556	449
556	329
556	144
556	9
556	442
557	289
558	66
558	426
558	254
558	214
558	375
558	504
558	89
558	154
558	126
559	128
559	32
559	354
559	11
559	72
559	778
559	171
559	499
559	116
559	441
559	123
559	158
560	561
561	560
562	9
562	460
562	343
563	128
563	1665
563	226
563	32
563	72
563	1545
563	354
563	494
563	49
563	504
563	441
563	123
563	158
564	358
565	128
565	354
565	358
565	167
565	72
565	226
565	238
565	1295
565	499
565	725
566	171
566	876
566	109
566	7
567	362
567	755
567	145
568	43
569	268
569	231
570	200
570	49
570	283
570	238
571	97
571	200
571	202
571	49
571	118
571	283
572	1414
572	904
572	267
572	1037
572	1678
572	16
572	401
572	530
572	1173
572	1047
572	1560
572	1307
572	673
572	35
572	550
572	423
572	554
572	430
572	431
572	1328
572	368
572	573
572	62
572	63
572	1185
572	721
572	1238
572	1239
572	222
572	1631
572	1377
572	1190
572	1126
572	145
572	745
572	490
572	935
572	1682
572	1469
572	624
572	498
572	1012
572	1585
572	1271
572	251
572	1148
572	1450
573	2
573	4
573	136
573	150
573	283
573	572
573	94
574	74
575	123
575	441
575	50
575	354
575	197
576	352
576	832
576	635
576	196
577	1063
577	1255
577	1209
577	1355
577	667
577	1214
578	226
579	32
579	400
579	354
579	7
579	72
579	494
579	816
579	499
579	373
579	123
580	860
580	197
580	293
581	2
581	1286
581	613
581	582
582	261
582	77
582	87
582	891
582	581
583	608
583	1123
583	584
583	656
583	1928
583	1266
583	1108
584	583
585	131
585	136
585	202
585	462
585	200
585	238
585	634
585	94
586	336
586	226
586	354
586	494
586	496
586	50
586	245
587	9
587	28
587	79
588	770
588	261
588	154
588	79
589	32
589	133
589	295
589	268
589	336
589	28
590	1954
590	131
590	133
590	902
590	72
590	9
590	1003
590	684
590	302
590	701
590	21
590	886
590	79
590	28
590	989
591	13
591	303
592	496
592	197
592	341
592	238
592	351
593	57
593	76
593	77
594	197
594	70
594	72
594	9
594	354
594	79
594	49
594	466
594	180
594	441
594	102
594	158
595	128
595	1665
595	226
595	388
595	158
595	32
595	83
595	397
595	494
595	77
595	50
595	211
595	334
595	354
595	441
595	123
595	1662
595	725
596	37
597	524
598	9
599	32
599	1638
599	1665
599	72
599	171
599	494
599	50
599	504
599	123
599	1662
600	89
600	74
600	331
601	128
601	354
601	50
601	504
601	537
601	158
602	144
602	354
602	94
602	62
602	47
603	202
603	770
603	45
604	358
604	7
604	72
604	1545
604	295
604	494
604	150
604	504
605	123
605	118
606	1276
606	158
606	183
607	345
607	740
608	583
609	610
610	609
611	552
612	772
612	310
613	581
613	614
614	613
615	52
616	49
616	94
616	7
617	1030
617	426
617	651
617	877
617	622
617	147
617	916
617	70
617	102
618	217
618	229
618	329
619	439
620	128
620	2
620	200
620	354
620	77
620	238
620	72
620	494
620	150
620	89
620	253
620	158
621	770
621	136
621	89
621	77
621	238
621	47
621	150
621	311
621	537
621	283
622	678
622	623
622	617
622	79
622	9
622	57
622	239
623	772
623	390
623	70
623	807
623	1084
623	1291
623	622
623	1237
623	1321
623	1212
624	572
625	49
626	277
627	32
627	161
627	70
627	102
627	72
627	1545
627	778
627	238
627	112
627	50
627	128
627	116
627	311
627	441
627	197
628	32
628	197
628	70
628	460
628	746
628	204
628	496
628	504
628	180
628	55
628	56
628	441
628	123
629	146
629	123
629	204
629	277
629	293
630	502
630	354
630	50
630	373
630	1494
630	311
630	441
630	123
631	128
631	354
631	293
631	7
631	226
631	494
631	83
631	441
631	313
631	253
631	197
632	128
632	32
632	354
632	7
632	72
632	876
632	496
632	123
632	158
633	7
634	739
634	780
634	712
634	585
634	524
634	877
634	308
634	1054
634	24
634	1113
634	1018
634	286
634	1535
635	576
635	197
635	9
635	460
635	496
635	341
635	56
635	351
636	245
636	397
636	150
636	295
637	32
637	116
637	388
637	293
637	70
637	167
637	295
637	204
637	50
637	180
637	441
637	123
637	197
638	0
638	74
638	76
638	109
638	77
638	496
638	50
638	158
638	23
638	313
638	266
638	126
639	1545
639	778
639	109
639	720
639	56
639	313
639	126
640	268
641	128
641	551
641	200
641	83
641	62
641	94
642	0
642	193
642	4
642	161
642	268
642	109
642	124
643	49
643	128
643	147
643	85
644	136
645	472
646	64
646	522
646	56
646	150
646	761
646	202
646	217
646	93
646	158
647	9
647	28
648	28
648	79
649	183
650	760
650	146
650	651
651	456
651	777
651	650
651	2135
651	146
651	2134
651	617
652	128
652	354
652	324
652	7
652	72
652	226
652	266
652	171
652	876
652	770
652	334
652	49
652	499
652	311
652	123
652	200
653	277
653	678
654	706
654	1380
654	9
654	202
654	204
654	1646
654	79
654	720
654	400
654	83
654	916
654	150
654	1176
654	426
654	94
655	349
656	583
657	55
658	659
658	286
659	0
659	658
659	4
659	502
660	37
661	96
661	116
661	79
662	136
662	200
662	509
662	462
662	263
663	128
663	183
664	128
664	72
664	1545
664	334
664	1295
664	50
664	504
665	770
665	476
666	128
666	32
666	293
666	109
666	158
666	763
666	126
667	577
668	79
669	331
670	74
671	96
671	43
672	102
673	128
673	97
673	226
673	32
673	167
673	83
673	461
673	77
673	211
673	150
673	311
673	1665
673	537
673	123
673	572
674	180
675	32
675	128
675	1665
675	494
675	50
675	123
676	32
676	1665
676	4
676	678
676	167
676	72
676	128
676	876
676	50
676	116
677	50
677	354
677	204
677	245
678	128
678	1029
678	902
678	778
678	653
678	537
678	32
678	2211
678	676
678	807
678	1066
678	171
678	815
678	49
678	10
678	705
678	322
678	838
678	72
678	354
678	167
678	622
678	1140
678	765
678	1023
679	52
680	234
681	336
681	128
681	37
681	32
682	150
683	66
683	180
683	293
683	70
683	167
684	590
685	146
686	180
686	173
687	1665
687	354
687	32
687	7
687	72
687	171
687	876
687	499
687	253
688	123
689	28
690	691
690	1068
691	34
691	7
691	234
691	11
691	880
691	690
691	499
691	1588
691	277
691	345
691	123
691	266
691	94
692	32
692	1665
692	354
692	197
692	70
692	128
692	50
692	211
692	180
692	311
692	1176
692	123
692	102
692	158
693	32
693	128
693	354
693	158
693	382
694	128
694	32
694	37
694	72
694	1545
694	112
694	19
694	502
694	56
695	797
695	1070
695	823
696	311
696	354
696	123
696	68
696	293
696	183
696	253
696	50
696	439
696	891
696	861
697	868
697	1129
697	362
697	945
697	1181
698	52
698	309
699	204
699	190
700	128
700	1665
700	226
700	388
700	32
700	83
700	77
700	334
700	211
700	494
700	354
700	123
700	1662
701	266
701	1102
701	1489
701	245
701	590
701	906
701	725
702	313
702	59
702	293
702	56
703	118
704	4
705	128
705	336
705	354
705	358
705	678
705	7
705	72
705	167
705	494
705	1295
705	496
705	499
705	116
705	253
705	766
706	833
706	26
706	654
707	173
707	231
708	1665
708	66
708	293
708	70
708	50
708	466
708	180
708	441
708	197
709	710
710	709
710	1005
711	712
711	765
712	193
712	295
712	112
712	711
712	720
712	1390
712	272
712	725
712	634
712	28
712	1646
713	112
713	37
714	257
715	320
716	234
717	496
718	334
719	49
719	204
720	2098
720	742
720	1073
720	712
720	298
720	365
720	654
720	788
720	721
720	1010
720	1108
720	862
720	1503
720	1079
720	1401
720	251
720	639
721	720
721	49
721	283
721	572
722	43
723	123
723	311
724	174
725	742
725	974
725	745
725	365
725	270
725	815
725	48
725	712
725	595
725	565
725	886
725	24
725	219
725	701
726	56
726	171
727	1380
727	204
727	116
728	410
729	486
729	1031
730	32
731	732
732	401
732	802
732	731
733	128
733	1665
733	226
733	32
733	354
733	494
733	211
733	123
733	158
734	354
734	302
734	462
735	338
736	290
737	1480
737	195
738	183
739	634
739	354
739	522
739	462
739	311
740	607
741	202
741	532
741	238
742	131
742	486
742	720
742	725
742	56
743	89
743	214
744	496
744	193
744	268
744	1390
744	4
745	197
745	295
745	231
745	461
745	302
745	77
745	466
745	180
745	245
745	725
745	572
745	309
746	628
747	66
747	293
747	354
747	334
747	466
747	441
747	158
748	214
749	770
749	324
749	133
749	551
749	266
749	1515
749	311
750	197
750	167
751	1665
751	109
751	23
752	15
753	32
753	128
753	354
753	388
753	69
753	72
753	1161
753	171
753	334
753	50
753	123
753	158
754	89
754	37
755	567
756	13
757	112
758	311
759	123
759	441
759	131
759	102
760	891
760	200
760	1596
760	650
760	83
760	77
760	195
760	854
760	311
760	56
760	537
760	123
760	92
760	354
761	646
762	72
762	358
763	666
763	818
763	294
763	839
764	1665
764	226
764	358
764	806
764	167
764	72
764	354
764	814
764	144
764	50
764	499
764	766
765	133
765	678
765	711
765	307
765	906
765	77
765	83
765	860
765	426
765	382
766	1088
766	705
766	1251
766	997
766	65
766	1191
766	970
766	807
766	1420
766	1556
766	1169
766	1140
766	981
766	2166
766	1113
766	448
766	764
766	447
767	64
769	74
770	134
770	1287
770	8
770	267
770	652
770	621
770	784
770	2068
770	2069
770	1175
770	665
770	538
770	924
770	286
770	928
770	1185
770	1314
770	932
770	549
770	554
770	1288
770	947
770	588
770	845
770	1238
770	603
770	222
770	95
770	485
770	749
770	498
770	1012
770	246
771	37
772	161
772	354
772	612
772	37
772	9
772	623
772	316
773	858
774	261
775	293
775	197
776	449
777	441
777	651
777	1622
777	49
778	266
778	779
778	1169
778	1311
778	678
778	1191
778	559
778	1209
778	1086
778	1088
778	839
778	971
778	2126
778	1110
778	1113
778	2138
778	1514
778	627
778	1147
778	874
778	639
779	354
779	388
779	72
779	778
779	50
780	33
780	133
780	238
780	1102
780	56
780	634
780	380
781	126
782	64
783	56
784	136
784	770
784	283
785	89
785	9
786	128
786	47
786	30
786	55
787	49
787	238
787	94
787	7
788	720
788	109
788	293
789	229
790	231
791	401
791	1646
791	118
792	32
792	66
792	50
792	197
792	70
792	354
792	466
792	180
792	441
792	123
793	128
793	32
793	7
793	202
793	171
793	49
794	439
795	522
795	238
795	532
795	94
795	311
795	158
796	371
797	72
797	30
797	695
798	49
798	171
798	212
798	94
798	7
799	100
800	801
800	945
800	1224
800	1240
800	248
801	800
802	289
802	525
802	818
802	888
802	732
803	268
804	441
804	15
805	371
806	1100
806	890
806	764
806	1014
806	807
807	496
807	388
807	806
807	678
807	167
807	1295
807	1545
807	7
807	494
807	623
807	336
807	50
807	158
807	123
807	766
808	173
809	202
809	283
809	52
809	551
810	45
811	37
812	261
813	77
813	47
813	212
813	150
813	89
813	472
813	1049
813	283
813	202
814	121
814	1023
814	764
814	1054
814	815
815	1665
815	354
815	1638
815	678
815	167
815	1545
815	814
815	496
815	50
815	499
815	725
815	504
815	123
815	253
815	158
816	817
816	579
816	84
816	1445
816	1329
817	816
817	400
818	802
818	131
818	1545
818	354
818	77
818	1176
818	763
818	94
819	268
819	231
820	376
821	1121
821	822
821	1967
822	821
823	695
824	128
824	32
824	354
824	388
824	358
824	72
824	11
824	334
824	50
824	341
824	158
825	72
825	32
825	354
825	504
825	341
826	49
826	109
826	293
827	109
828	1209
828	434
828	1147
828	469
828	1254
829	161
829	124
829	109
829	4
829	193
830	9
830	28
830	79
831	174
832	576
832	9
832	460
832	238
833	706
833	1545
833	76
833	77
833	238
833	1039
833	532
834	89
834	94
835	128
835	7
835	136
835	494
835	400
835	49
835	89
835	537
835	253
835	94
836	123
836	128
836	211
836	204
836	32
837	37
838	128
838	1665
838	226
838	388
838	358
838	678
838	295
838	72
838	1545
838	7
838	876
838	334
838	1295
838	336
838	50
838	309
838	183
838	504
838	158
839	32
839	66
839	293
839	70
839	778
839	171
839	466
839	50
839	83
839	118
839	354
839	56
839	441
839	763
839	158
840	89
840	52
840	311
841	245
841	311
842	79
843	9
843	133
843	37
844	234
844	460
845	1665
845	770
845	388
845	295
845	39
845	354
845	1646
845	123
845	253
846	446
847	144
847	156
848	128
848	441
848	354
848	102
849	1665
849	354
849	72
849	504
849	123
850	79
851	509
852	180
853	94
854	760
854	338
854	347
855	121
856	96
857	109
858	773
859	123
860	1056
860	961
860	580
860	198
860	106
860	765
861	696
861	862
862	720
862	17
862	311
862	56
862	92
862	861
863	200
863	89
863	324
863	94
863	49
864	468
865	128
865	1665
865	226
865	32
865	167
865	72
865	354
865	47
865	50
865	211
865	504
865	123
865	158
866	37
867	100
868	226
868	100
868	102
868	311
868	697
868	280
868	537
868	891
869	426
870	0
870	283
870	1077
870	102
870	135
871	32
871	133
871	7
871	234
871	109
871	494
871	441
871	446
872	174
873	200
873	202
873	136
873	89
873	283
873	94
874	778
874	50
875	496
875	161
875	124
875	77
876	129
876	1794
876	900
876	1542
876	1025
876	10
876	1292
876	1943
876	1688
876	27
876	1439
876	163
876	292
876	42
876	300
876	687
876	944
876	566
876	440
876	1210
876	1211
876	322
876	164
876	1078
876	838
876	652
876	974
876	1360
876	467
876	1567
876	676
876	1248
876	315
876	1126
876	1384
876	106
876	1772
876	244
876	632
876	121
876	890
877	295
877	617
877	267
877	524
877	526
877	212
877	634
877	1210
878	351
879	32
879	83
879	167
879	72
879	7
879	50
879	19
879	150
879	441
879	123
879	158
880	928
880	485
880	333
880	974
880	2095
880	691
880	1176
880	59
880	1182
880	991
881	472
881	49
881	94
882	126
883	515
884	0
885	212
885	382
886	1636
886	133
886	426
886	109
886	590
886	77
886	112
886	83
886	116
886	725
886	1679
886	382
887	161
887	1261
888	802
888	173
888	94
889	537
889	123
889	897
890	32
890	128
890	354
890	806
890	876
890	204
890	45
890	334
890	50
890	1545
890	504
890	123
890	253
890	158
891	868
891	582
891	760
891	145
891	917
891	696
892	551
892	238
892	400
892	83
892	311
892	123
893	472
893	128
893	226
893	283
893	311
894	32
894	211
894	70
894	94
894	167
895	96
897	889
898	468
899	468
900	32
900	354
900	388
900	1157
900	1295
900	876
900	204
900	334
900	47
900	336
900	50
900	116
900	1545
900	123
901	9
901	109
901	37
902	678
902	397
902	590
902	109
902	180
902	311
902	15
902	476
903	34
903	102
903	200
903	202
903	49
903	150
903	441
903	283
903	94
904	572
904	311
905	245
906	1248
906	907
906	526
906	701
906	1461
906	765
907	906
907	34
908	212
908	324
908	7
909	283
909	62
910	97
910	2
910	131
910	7
910	202
910	238
910	400
910	50
910	83
910	158
910	150
910	311
910	537
910	283
910	380
910	94
911	9
912	167
912	9
912	204
912	79
912	504
912	441
912	293
913	509
914	915
915	914
915	499
915	354
916	617
916	526
916	654
917	891
918	377
919	462
920	29
921	358
922	1545
922	83
922	309
922	56
922	124
922	158
923	1265
923	203
924	770
924	47
925	1665
925	354
925	388
925	72
925	238
925	47
925	50
925	83
925	504
925	253
925	30
926	341
927	502
928	770
928	456
928	202
928	77
928	880
928	49
928	83
928	212
928	150
928	472
928	283
928	266
928	94
929	74
929	37
930	931
931	472
931	930
931	7
932	770
933	136
934	171
934	197
934	391
935	551
935	77
935	311
935	154
935	283
935	572
936	266
937	37
938	109
939	7
940	193
940	354
941	128
941	32
941	462
941	49
941	212
941	537
942	352
942	1004
943	219
944	128
944	354
944	7
944	72
944	171
944	876
944	49
944	158
945	800
945	212
945	200
945	77
945	532
945	56
945	697
946	72
946	128
946	123
947	770
947	200
947	2
947	77
947	89
947	283
948	295
949	72
949	150
949	94
949	7
950	37
951	354
951	204
951	238
951	1075
951	158
951	318
952	268
953	245
954	253
955	9
955	28
955	133
956	257
957	23
958	195
959	70
959	167
960	448
961	66
961	293
961	70
961	354
961	50
961	441
961	123
961	860
961	197
962	245
963	123
964	32
964	37
964	150
965	9
965	28
965	133
965	79
966	193
966	37
967	180
968	180
968	197
969	128
969	1665
969	226
969	388
969	1157
969	32
969	72
969	171
969	354
969	50
969	83
969	123
969	158
970	128
970	354
970	167
970	72
970	7
970	766
970	504
970	158
971	128
971	32
971	354
971	1545
971	778
971	204
971	1295
971	50
971	504
971	123
971	1662
972	79
973	496
974	4
974	7
974	876
974	334
974	880
974	50
974	180
974	373
974	56
974	725
975	56
976	89
976	94
977	32
977	226
977	388
977	1638
977	295
977	72
977	354
977	47
977	50
977	1590
977	1665
977	441
977	123
978	145
979	180
980	368
981	128
981	66
981	70
981	50
981	466
981	180
981	441
981	123
981	766
982	128
982	354
982	293
982	70
982	72
982	336
982	441
982	102
982	197
983	9
983	79
984	4
985	128
985	1665
985	388
985	494
985	15
985	50
986	193
987	295
989	590
990	74
990	37
991	880
991	89
991	537
991	91
992	226
992	66
992	466
992	1176
992	123
992	190
993	66
993	180
993	197
993	70
994	261
995	50
995	180
995	231
996	537
996	83
996	150
996	30
996	311
997	128
997	1665
997	226
997	388
997	37
997	32
997	72
997	1295
997	50
997	504
997	766
998	336
999	150
1000	28
1000	79
1001	174
1002	15
1003	590
1004	942
1005	710
1006	197
1007	311
1008	83
1008	245
1009	293
1010	257
1010	1249
1010	200
1010	74
1010	720
1010	466
1010	83
1010	245
1010	150
1010	56
1010	158
1011	499
1011	158
1012	770
1012	200
1012	77
1012	83
1012	311
1012	283
1012	572
1012	94
1013	32
1013	441
1013	180
1014	806
1015	4
1015	37
1016	77
1017	154
1018	0
1018	354
1018	37
1018	72
1018	334
1018	1295
1018	50
1018	634
1018	123
1019	102
1020	123
1021	400
1022	124
1023	1665
1023	354
1023	388
1023	678
1023	358
1023	72
1023	1545
1023	814
1023	50
1023	158
1024	441
1024	50
1024	102
1024	70
1025	128
1025	1665
1025	354
1025	32
1025	167
1025	72
1025	1545
1025	171
1025	876
1025	336
1025	50
1025	504
1025	7
1025	123
1026	268
1027	515
1028	460
1029	128
1029	32
1029	226
1029	678
1029	167
1029	72
1029	1545
1029	171
1029	204
1029	354
1029	1295
1029	50
1029	1665
1029	158
1030	617
1030	524
1030	1103
1031	128
1031	135
1031	49
1031	83
1031	472
1031	729
1031	94
1032	128
1032	1665
1032	226
1032	388
1032	1638
1032	32
1032	72
1032	1545
1032	171
1032	354
1032	334
1032	47
1032	336
1032	253
1032	30
1033	66
1034	32
1034	123
1034	354
1034	211
1035	123
1036	9
1037	72
1037	283
1037	572
1037	158
1037	238
1038	17
1039	833
1039	1062
1039	134
1040	89
1041	202
1041	173
1042	502
1043	123
1044	9
1044	283
1044	238
1044	89
1045	28
1045	79
1046	9
1046	28
1046	133
1047	89
1047	572
1047	212
1047	49
1048	32
1048	354
1048	83
1048	204
1048	158
1049	813
1050	1051
1050	2156
1050	311
1051	1050
1052	195
1053	351
1054	128
1054	32
1054	167
1054	494
1054	50
1054	814
1054	634
1054	158
1055	89
1056	860
1056	1382
1056	318
1057	354
1058	499
1058	79
1059	118
1060	180
1061	7
1061	72
1061	83
1061	283
1061	380
1062	77
1062	238
1062	1039
1062	83
1062	380
1062	158
1063	577
1063	118
1063	397
1063	1390
1063	242
1063	211
1063	373
1063	502
1063	56
1064	37
1065	293
1066	32
1066	678
1066	7
1066	74
1066	77
1066	494
1066	112
1066	56
1066	123
1066	158
1067	0
1067	37
1068	354
1068	37
1068	76
1068	690
1068	77
1068	50
1068	1588
1068	1176
1068	158
1068	293
1069	167
1070	695
1071	361
1072	37
1073	720
1073	74
1073	158
1074	460
1075	318
1075	951
1076	354
1076	261
1076	293
1076	72
1076	504
1076	441
1076	197
1077	2066
1077	870
1078	128
1078	197
1078	70
1078	167
1078	74
1078	876
1078	50
1078	313
1078	261
1079	293
1079	720
1079	466
1079	56
1079	158
1079	197
1080	448
1080	128
1080	32
1080	72
1080	49
1080	311
1080	283
1081	158
1082	79
1083	15
1084	623
1085	173
1086	1665
1086	226
1086	131
1086	778
1086	354
1086	47
1086	441
1086	123
1087	1176
1087	441
1087	50
1088	128
1088	226
1088	388
1088	1638
1088	72
1088	778
1088	171
1088	204
1088	158
1088	50
1088	766
1088	30
1089	56
1090	15
1091	190
1092	128
1092	441
1092	66
1092	123
1093	9
1093	79
1094	7
1094	200
1094	266
1094	49
1094	311
1094	136
1094	283
1094	94
1095	180
1096	128
1096	1665
1096	226
1096	32
1096	167
1096	72
1096	1545
1096	11
1096	204
1096	354
1096	334
1096	50
1096	504
1096	7
1096	253
1096	158
1097	197
1097	23
1098	123
1099	17
1100	158
1100	806
1101	200
1101	49
1101	283
1101	94
1101	311
1102	524
1102	266
1102	780
1102	48
1102	1161
1102	701
1103	118
1103	77
1103	1030
1104	7
1104	1545
1104	131
1104	366
1104	311
1105	9
1106	72
1106	537
1106	91
1106	15
1107	4
1108	161
1108	583
1108	72
1108	109
1108	720
1108	466
1108	83
1108	23
1108	56
1108	124
1108	158
1109	32
1109	283
1109	72
1109	1545
1109	466
1109	23
1109	441
1109	123
1109	158
1110	226
1110	778
1110	204
1110	354
1110	311
1110	283
1110	253
1111	128
1111	32
1111	226
1111	50
1111	1590
1111	123
1112	9
1112	28
1113	32
1113	128
1113	226
1113	388
1113	72
1113	1545
1113	778
1113	171
1113	354
1113	336
1113	50
1113	245
1113	634
1113	123
1113	766
1115	150
1116	79
1117	293
1118	9
1118	28
1118	302
1119	128
1119	336
1119	226
1119	131
1119	295
1119	112
1119	309
1119	1665
1119	441
1119	123
1120	167
1121	821
1122	89
1123	583
1124	128
1124	1665
1124	167
1124	136
1124	202
1124	49
1124	126
1124	283
1124	94
1125	123
1125	128
1125	50
1125	211
1125	32
1126	128
1126	32
1126	354
1126	358
1126	7
1126	876
1126	494
1126	1295
1126	336
1126	116
1126	150
1126	89
1126	572
1126	253
1126	158
1127	4
1128	32
1128	494
1129	697
1130	266
1131	123
1131	32
1131	211
1132	123
1132	7
1132	9
1132	202
1132	49
1132	283
1132	74
1132	126
1132	447
1133	200
1133	400
1133	1590
1133	150
1134	400
1135	76
1135	77
1136	295
1137	123
1137	167
1138	9
1138	79
1139	0
1140	91
1140	678
1140	766
1141	128
1141	354
1141	358
1141	167
1141	72
1141	426
1141	7
1141	50
1141	158
1141	1660
1141	94
1142	30
1143	123
1144	466
1144	66
1144	116
1144	197
1144	70
1145	66
1146	37
1147	128
1147	32
1147	7
1147	72
1147	1673
1147	778
1147	402
1147	334
1147	336
1147	1649
1147	50
1147	1545
1147	123
1147	828
1147	1949
1148	2
1148	102
1148	49
1148	200
1148	1545
1148	77
1148	494
1148	72
1148	466
1148	212
1148	311
1148	89
1148	91
1148	572
1148	158
1149	28
1149	79
1150	72
1150	89
1150	461
1151	45
1152	37
1154	1665
1154	1662
1154	391
1155	2154
1155	1156
1155	94
1156	1155
1157	969
1157	386
1157	900
1157	2010
1157	2009
1158	94
1159	112
1160	128
1160	50
1160	83
1160	354
1160	7
1161	295
1161	1261
1161	1646
1161	753
1161	338
1161	83
1161	1102
1162	4
1163	0
1163	289
1163	180
1163	373
1163	311
1163	30
1164	334
1164	1295
1164	336
1164	504
1164	253
1165	154
1166	504
1166	121
1166	426
1166	340
1166	1382
1167	195
1168	238
1168	126
1168	89
1169	1665
1169	354
1169	128
1169	32
1169	72
1169	778
1169	226
1169	158
1169	47
1169	1295
1169	50
1169	499
1169	30
1169	123
1169	253
1169	766
1170	50
1170	126
1171	49
1171	126
1172	76
1172	9
1172	28
1173	202
1173	572
1173	94
1173	311
1174	183
1175	128
1175	537
1175	770
1176	992
1176	1472
1176	294
1176	1068
1176	524
1176	654
1176	15
1176	880
1176	818
1176	83
1176	692
1176	1237
1176	526
1176	1087
1176	94
1176	1183
1177	66
1178	128
1178	32
1178	37
1179	354
1179	23
1180	174
1181	1928
1181	697
1182	880
1182	49
1182	202
1182	283
1182	311
1183	1665
1183	354
1183	131
1183	1545
1183	426
1183	1295
1183	50
1183	83
1183	1176
1184	4
1185	770
1185	572
1186	441
1186	226
1186	123
1187	32
1187	91
1187	123
1188	28
1189	195
1190	572
1190	180
1190	197
1191	1665
1191	226
1191	388
1191	32
1191	72
1191	1545
1191	778
1191	171
1191	354
1191	336
1191	50
1191	158
1191	504
1191	123
1191	253
1191	766
1192	144
1193	197
1193	293
1194	37
1195	204
1195	109
1196	226
1196	102
1197	190
1198	128
1198	32
1198	226
1198	7
1198	72
1198	1545
1198	354
1198	45
1198	123
1198	158
1199	200
1199	77
1200	9
1200	133
1201	238
1201	94
1202	72
1202	126
1203	28
1204	133
1205	200
1206	45
1207	472
1207	49
1207	212
1207	32
1207	7
1208	128
1208	32
1208	354
1208	388
1208	167
1208	499
1208	158
1209	32
1209	577
1209	226
1209	388
1209	295
1209	72
1209	778
1209	354
1209	50
1209	1590
1209	504
1209	123
1209	828
1209	158
1210	161
1210	32
1210	7
1210	876
1210	877
1210	238
1210	116
1210	56
1211	128
1211	876
1211	441
1211	253
1211	158
1212	623
1213	72
1213	171
1213	123
1213	158
1214	128
1214	577
1214	1380
1214	7
1214	49
1214	212
1214	32
1214	23
1214	537
1214	123
1215	123
1216	197
1217	116
1217	388
1217	197
1217	70
1217	7
1217	50
1217	180
1217	32
1217	89
1217	441
1217	123
1217	158
1218	136
1219	266
1220	502
1221	123
1222	128
1222	32
1222	354
1222	295
1222	1295
1222	496
1222	116
1222	158
1222	447
1223	7
1224	800
1224	123
1225	123
1226	9
1226	293
1226	79
1227	15
1228	94
1229	79
1230	23
1231	7
1231	202
1231	238
1231	89
1231	283
1231	94
1232	202
1232	49
1233	50
1233	354
1233	197
1234	126
1235	295
1236	91
1237	1176
1237	197
1237	623
1238	770
1238	200
1238	77
1238	47
1238	212
1238	311
1238	472
1238	572
1239	128
1239	66
1239	293
1239	354
1239	504
1239	572
1239	37
1240	800
1241	150
1242	32
1242	226
1242	204
1242	354
1242	150
1243	499
1244	397
1245	32
1245	354
1245	72
1245	1545
1245	50
1245	123
1245	158
1246	128
1246	441
1246	116
1247	447
1248	128
1248	32
1248	354
1248	9
1248	906
1248	876
1248	1295
1248	89
1248	441
1248	28
1248	158
1249	2209
1249	1010
1249	275
1250	89
1250	180
1251	128
1251	1665
1251	226
1251	32
1251	72
1251	1545
1251	354
1251	494
1251	50
1251	334
1251	1590
1251	504
1251	123
1251	766
1252	283
1253	391
1254	226
1254	354
1254	50
1254	441
1254	123
1254	828
1254	158
1255	577
1255	354
1255	388
1255	1665
1255	494
1255	1295
1255	123
1256	102
1257	1665
1257	226
1257	354
1257	1295
1257	336
1257	50
1257	123
1257	158
1258	83
1258	150
1259	293
1260	400
1261	1488
1261	1504
1261	887
1261	308
1261	1161
1262	30
1263	49
1263	212
1263	94
1263	7
1264	37
1265	923
1265	333
1266	70
1266	167
1266	136
1266	583
1266	174
1266	180
1266	313
1266	283
1267	123
1267	15
1268	128
1268	32
1268	226
1268	72
1268	354
1268	50
1268	123
1269	9
1269	28
1270	200
1270	49
1270	94
1271	212
1271	572
1271	89
1272	354
1272	11
1273	167
1274	23
1275	311
1276	1320
1276	57
1276	354
1276	606
1276	46
1277	32
1277	354
1277	388
1277	167
1277	72
1277	1545
1277	50
1277	123
1278	336
1278	226
1278	50
1278	47
1279	89
1279	283
1279	311
1280	28
1281	128
1281	537
1282	9
1282	133
1283	4
1284	283
1285	150
1286	581
1287	770
1288	770
1289	316
1290	197
1291	623
1292	128
1292	32
1292	354
1292	1545
1292	1638
1292	876
1292	204
1292	1295
1292	49
1292	50
1292	150
1292	311
1292	504
1292	123
1293	32
1293	128
1293	494
1293	7
1294	354
1295	900
1295	1029
1295	1292
1295	270
1295	1296
1295	1169
1295	1164
1295	149
1295	664
1295	1819
1295	1822
1295	1183
1295	1568
1295	1222
1295	807
1295	47
1295	565
1295	319
1295	705
1295	322
1295	1355
1295	838
1295	73
1295	971
1295	1871
1295	1763
1295	84
1295	2007
1295	2008
1295	1248
1295	483
1295	997
1295	1126
1295	1255
1295	1257
1295	1387
1295	1391
1295	368
1295	505
1295	1018
1296	1295
1297	72
1297	9
1298	293
1298	49
1299	293
1300	123
1300	441
1300	131
1300	245
1300	1455
1301	32
1301	72
1301	1545
1301	50
1301	123
1302	202
1303	537
1304	32
1304	226
1304	1638
1304	72
1304	204
1304	354
1304	336
1304	50
1304	504
1305	74
1306	283
1307	572
1307	154
1307	212
1307	77
1308	9
1308	133
1309	283
1309	94
1310	112
1310	66
1310	109
1310	174
1311	128
1311	354
1311	388
1311	778
1311	123
1311	1662
1311	447
1312	89
1312	202
1312	283
1313	197
1314	770
1314	83
1314	158
1314	311
1315	89
1316	200
1316	49
1316	94
1317	94
1318	128
1318	202
1318	504
1319	128
1319	354
1319	123
1319	72
1319	226
1319	91
1319	253
1320	354
1320	77
1320	49
1320	311
1320	1276
1320	158
1321	623
1322	32
1322	131
1322	70
1322	102
1322	171
1322	50
1322	116
1322	441
1322	123
1323	441
1323	197
1323	23
1324	131
1324	311
1325	128
1325	32
1325	212
1326	37
1327	441
1327	116
1327	197
1327	23
1328	572
1328	245
1328	1390
1329	816
1330	94
1331	202
1331	67
1332	1611
1332	1333
1333	1332
1334	136
1335	197
1336	226
1336	123
1337	133
1338	293
1339	128
1339	32
1340	197
1340	70
1341	150
1341	311
1342	11
1343	77
1344	89
1344	354
1344	37
1345	261
1346	238
1346	72
1346	150
1346	504
1347	91
1348	4
1349	32
1349	309
1349	158
1350	150
1351	1665
1351	537
1351	238
1351	94
1351	89
1352	197
1353	283
1353	212
1353	7
1354	37
1355	128
1355	577
1355	354
1355	32
1355	295
1355	72
1355	1545
1355	1295
1355	50
1355	123
1356	150
1357	136
1358	283
1359	1646
1359	118
1360	128
1360	32
1360	226
1360	388
1360	72
1360	876
1360	354
1360	50
1360	158
1361	171
1362	197
1363	154
1364	499
1365	537
1366	32
1366	354
1366	171
1366	204
1366	83
1366	441
1366	158
1367	466
1368	32
1368	354
1368	7
1368	72
1368	167
1368	50
1369	123
1369	311
1370	23
1371	354
1371	388
1371	1638
1371	167
1371	7
1371	336
1371	50
1371	499
1371	504
1371	83
1371	123
1371	158
1372	32
1372	128
1372	494
1372	150
1372	7
1373	358
1374	499
1374	388
1374	50
1374	47
1375	47
1376	283
1377	154
1377	572
1377	311
1378	212
1378	7
1379	9
1379	28
1380	355
1380	654
1380	498
1380	727
1380	1214
1381	174
1382	1056
1382	92
1382	93
1382	1166
1383	128
1383	226
1384	32
1384	128
1384	354
1384	876
1384	226
1384	116
1384	158
1385	89
1386	49
1386	94
1387	128
1387	1665
1387	354
1387	32
1387	72
1387	226
1387	1295
1387	50
1387	311
1387	94
1388	9
1389	283
1390	1063
1390	712
1390	1328
1390	744
1390	338
1390	57
1391	1295
1392	217
1393	72
1393	441
1393	123
1394	72
1394	77
1394	112
1394	89
1394	537
1394	283
1395	72
1395	128
1395	123
1396	226
1396	334
1397	283
1398	9
1399	102
1400	89
1401	720
1402	23
1403	9
1403	28
1404	89
1405	94
1406	200
1406	128
1406	123
1406	94
1406	32
1407	537
1408	128
1408	1545
1408	309
1409	37
1410	354
1410	32
1412	70
1413	136
1413	311
1414	572
1415	311
1416	150
1417	202
1418	66
1419	32
1419	354
1419	1638
1419	7
1419	472
1419	158
1420	1545
1420	766
1421	9
1422	400
1423	131
1424	9
1424	37
1425	37
1426	537
1427	32
1427	72
1427	226
1427	128
1427	7
1428	283
1428	311
1429	261
1430	496
1430	9
1430	238
1431	89
1431	283
1432	89
1432	354
1432	94
1432	49
1433	94
1434	150
1435	89
1436	37
1437	311
1438	9
1439	32
1439	354
1439	7
1439	72
1439	171
1439	876
1439	494
1439	472
1439	123
1439	158
1440	354
1440	123
1441	89
1441	283
1441	94
1442	388
1442	167
1442	72
1442	1545
1442	50
1442	158
1443	11
1444	74
1445	816
1445	400
1446	89
1447	202
1447	311
1448	131
1449	171
1450	89
1450	572
1450	77
1451	116
1452	1665
1452	238
1452	118
1452	23
1452	441
1452	283
1453	354
1453	283
1453	116
1453	311
1454	128
1454	1665
1454	354
1454	388
1454	167
1454	1545
1454	7
1454	123
1454	158
1455	1300
1455	238
1456	83
1456	7
1457	187
1458	74
1459	354
1459	358
1459	167
1459	72
1459	7
1459	336
1459	50
1460	49
1460	212
1460	94
1461	906
1462	32
1462	441
1462	123
1462	204
1462	158
1463	7
1463	72
1463	1545
1463	1590
1463	472
1464	32
1464	283
1465	32
1465	388
1465	72
1465	1545
1465	11
1465	50
1465	504
1465	123
1465	158
1466	136
1466	9
1466	28
1467	68
1467	23
1468	128
1468	226
1468	283
1469	283
1469	572
1469	94
1470	266
1471	15
1472	1176
1473	37
1474	128
1474	354
1474	72
1474	494
1474	336
1474	504
1474	158
1475	72
1475	89
1475	158
1476	311
1477	4
1478	32
1478	1665
1478	354
1478	72
1478	334
1478	496
1478	50
1478	158
1479	131
1480	352
1480	737
1480	196
1481	469
1482	89
1483	123
1484	200
1485	200
1486	283
1487	28
1488	1261
1489	701
1489	2094
1490	204
1491	4
1492	9
1492	37
1493	47
1494	630
1495	1930
1495	293
1496	11
1497	283
1498	94
1499	504
1499	32
1499	123
1500	128
1500	118
1501	94
1502	226
1502	72
1502	204
1502	354
1502	334
1502	158
1503	720
1504	1261
1505	4
1506	89
1507	496
1507	32
1507	354
1507	171
1508	1509
1509	354
1509	1508
1510	336
1510	72
1511	200
1512	37
1513	354
1513	494
1514	32
1514	354
1514	778
1514	494
1514	1590
1514	158
1515	749
1516	269
1516	214
1517	72
1517	49
1517	212
1518	116
1519	238
1520	112
1520	91
1520	167
1521	358
1522	72
1522	354
1522	171
1522	167
1523	49
1523	283
1523	311
1524	37
1525	197
1526	32
1526	89
1526	123
1526	7
1527	388
1528	89
1529	283
1530	311
1531	128
1532	123
1532	49
1532	131
1533	441
1533	50
1533	123
1533	354
1533	167
1534	89
1534	311
1535	634
1537	283
1538	116
1539	128
1539	354
1539	7
1539	72
1539	167
1539	499
1540	28
1541	7
1542	49
1542	354
1542	123
1542	876
1542	1665
1543	74
1544	204
1545	1664
1545	1025
1545	386
1545	900
1545	1029
1545	2055
1545	1032
1545	2058
1545	2177
1545	1420
1545	13
1545	1198
1545	1688
1545	627
1545	1301
1545	512
1545	1559
1545	664
1545	281
1545	922
1545	47
1545	30
1545	415
1545	1147
1545	807
1545	604
1545	298
1545	2175
1545	300
1545	1837
1545	1454
1545	815
1545	1841
1545	818
1545	563
1545	694
1545	1463
1545	1720
1545	1465
1545	1183
1545	189
1545	319
1545	1856
1545	833
1545	322
1545	1355
1545	197
1545	838
1545	1096
1545	1292
1545	2176
1545	971
1545	1442
1545	1104
1545	2002
1545	483
1545	1109
1545	1113
1545	1884
1545	1245
1545	1557
1545	225
1545	1251
1545	101
1545	1894
1545	639
1545	2172
1545	1191
1545	1408
1545	2173
1545	42
1545	244
1545	890
1545	2171
1545	1148
1545	1277
1545	2174
1545	1023
1546	32
1546	204
1547	441
1548	311
1549	311
1550	128
1550	226
1550	123
1550	354
1550	158
1551	9
1553	37
1554	496
1555	171
1556	766
1557	283
1557	72
1557	1545
1557	441
1557	123
1557	158
1558	28
1559	1665
1559	388
1559	32
1559	72
1559	1545
1559	167
1559	158
1560	32
1560	572
1561	72
1561	50
1561	388
1561	354
1561	334
1562	28
1563	358
1564	50
1565	253
1566	9
1567	56
1567	128
1567	466
1567	876
1568	32
1568	354
1568	204
1568	1295
1569	496
1570	32
1570	226
1570	167
1570	354
1570	334
1570	50
1570	116
1570	123
1570	158
1571	128
1571	441
1571	466
1571	197
1572	70
1573	499
1574	128
1574	123
1574	214
1574	1639
1575	89
1575	94
1576	32
1576	354
1576	204
1577	311
1578	28
1579	9
1580	9
1581	204
1582	283
1583	32
1583	49
1583	94
1584	238
1585	572
1585	94
1585	238
1586	441
1586	197
1586	158
1587	94
1588	691
1588	1068
1588	1589
1589	1588
1590	1251
1590	1777
1590	1514
1590	1111
1590	1133
1590	977
1590	1463
1590	1209
1591	37
1592	9
1592	28
1593	89
1594	283
1595	72
1595	50
1595	499
1596	760
1597	361
1597	202
1597	180
1597	197
1598	89
1599	37
1600	9
1601	212
1602	283
1603	347
1604	466
1605	311
1606	83
1606	180
1607	336
1607	1665
1607	123
1607	171
1608	9
1608	37
1609	1610
1610	1609
1611	1332
1612	197
1613	9
1614	283
1615	226
1615	197
1616	70
1617	311
1618	311
1619	131
1620	1928
1620	223
1621	336
1622	777
1622	2133
1622	511
1623	226
1624	283
1625	37
1626	441
1627	72
1627	128
1627	226
1627	123
1628	494
1629	9
1629	28
1630	128
1630	32
1630	253
1630	72
1631	572
1632	128
1632	32
1632	354
1632	7
1632	167
1632	336
1632	441
1632	123
1633	283
1634	311
1635	9
1636	886
1637	123
1638	1088
1638	225
1638	386
1638	419
1638	1032
1638	361
1638	106
1638	1419
1638	1292
1638	815
1638	977
1638	599
1638	1304
1638	1371
1639	1574
1640	128
1640	123
1641	311
1642	9
1642	28
1643	128
1643	226
1643	123
1644	504
1644	354
1644	204
1645	32
1645	441
1646	712
1646	1161
1646	845
1646	654
1646	1359
1646	338
1646	791
1646	1725
1647	171
1648	9
1649	1147
1650	1665
1650	354
1650	388
1650	238
1650	123
1650	158
1651	400
1652	400
1653	89
1654	311
1655	28
1656	56
1657	89
1658	197
1659	123
1660	1141
1661	116
1662	449
1662	1154
1662	971
1662	526
1662	595
1662	599
1662	700
1662	1311
1663	121
1663	28
1664	1545
1665	1025
1665	1029
1665	1542
1665	1032
1665	533
1665	1559
1665	539
1665	38
1665	1970
1665	50
1665	563
1665	436
1665	61
1665	1086
1665	1607
1665	1096
1665	595
1665	599
1665	1119
1665	1124
1665	101
1665	1650
1665	121
1665	1154
1665	1169
1665	1690
1665	1183
1665	673
1665	162
1665	675
1665	676
1665	1191
1665	687
1665	692
1665	700
1665	1726
1665	708
1665	733
1665	1251
1665	294
1665	1255
1665	1257
1665	751
1665	244
1665	764
1665	1789
1665	266
1665	1812
1665	293
1665	1830
1665	297
1665	815
1665	319
1665	322
1665	838
1665	1351
1665	845
1665	849
1665	485
1665	865
1665	1890
1665	1387
1665	1907
1665	378
1665	1915
1665	399
1665	412
1665	925
1665	418
1665	425
1665	1452
1665	1454
1665	434
1665	1971
1665	1972
1665	1973
1665	1974
1665	1975
1665	1976
1665	1977
1665	1978
1665	1979
1665	1980
1665	1981
1665	1982
1665	1983
1665	1478
1665	969
1665	463
1665	977
1665	163
1665	985
1665	997
1665	1023
1666	354
1666	123
1666	167
1667	283
1668	37
1669	37
1670	311
1671	28
1672	128
1672	354
1673	1147
1674	9
1675	283
1676	311
1677	9
1677	28
1678	572
1679	886
1680	158
1681	32
1681	123
1682	572
1683	32
1683	167
1683	50
1683	441
1683	123
1684	128
1684	354
1684	158
1685	283
1686	123
1687	28
1688	128
1688	1545
1688	354
1688	876
1688	158
1689	197
1690	128
1690	1665
1690	354
1690	32
1690	72
1690	167
1690	504
1690	158
1691	123
1692	123
1693	123
1694	28
1695	72
1695	499
1696	9
1697	72
1697	226
1698	37
1699	9
1700	128
1700	123
1700	158
1700	167
1701	9
1702	197
1703	400
1704	37
1705	37
1706	311
1707	9
1707	28
1708	441
1709	441
1710	32
1710	123
1711	180
1711	28
1712	49
1713	72
1713	197
1714	89
1715	94
1716	238
1717	197
1718	9
1719	226
1720	32
1720	226
1720	167
1720	1545
1720	336
1720	50
1720	123
1721	37
1722	37
1723	89
1724	504
1725	1646
1726	128
1726	1665
1726	354
1726	388
1726	32
1726	253
1727	50
1727	7
1728	89
1729	37
1730	37
1731	171
1732	504
1732	441
1733	94
1734	197
1735	89
1736	89
1736	158
1736	311
1737	128
1737	123
1738	197
1739	197
1740	311
1741	131
1742	238
1743	238
1744	9
1745	128
1745	32
1746	123
1747	123
1748	128
1748	226
1748	123
1748	354
1749	311
1750	158
1750	494
1751	56
1751	158
1752	197
1753	238
1754	123
1755	9
1756	89
1757	131
1758	494
1759	197
1760	128
1760	72
1760	123
1761	50
1761	494
1762	128
1762	72
1762	354
1763	32
1763	226
1763	72
1763	354
1763	1295
1763	50
1763	504
1764	197
1765	499
1766	128
1766	32
1767	336
1767	32
1767	226
1767	123
1768	128
1768	32
1768	354
1768	226
1768	72
1769	9
1770	72
1770	226
1770	388
1771	32
1771	441
1771	123
1771	158
1772	876
1773	89
1774	89
1775	32
1775	116
1776	128
1776	32
1776	226
1776	388
1776	72
1776	123
1777	1590
1778	32
1778	226
1778	50
1778	441
1778	123
1778	158
1779	388
1780	441
1781	9
1782	128
1783	123
1784	32
1784	358
1785	89
1786	504
1787	56
1788	49
1789	128
1789	1665
1789	226
1789	354
1790	72
1791	72
1791	128
1791	354
1792	128
1792	7
1793	72
1793	123
1794	876
1795	9
1796	116
1796	133
1797	56
1797	123
1798	72
1798	354
1799	441
1799	23
1800	400
1801	49
1801	354
1802	49
1803	123
1804	32
1804	72
1804	50
1805	89
1806	128
1806	354
1806	7
1806	504
1806	123
1806	158
1807	56
1808	128
1808	32
1809	9
1810	89
1811	400
1812	72
1812	1665
1812	388
1812	358
1813	504
1813	32
1814	72
1814	7
1814	358
1814	167
1815	32
1815	123
1815	158
1816	56
1817	504
1818	32
1818	123
1818	158
1819	128
1819	158
1819	1295
1820	123
1821	238
1822	1295
1823	388
1824	49
1825	89
1826	49
1827	7
1828	89
1829	9
1830	128
1830	1665
1830	32
1830	72
1830	7
1831	49
1832	89
1833	72
1833	49
1834	32
1834	123
1835	9
1836	89
1837	32
1837	354
1837	7
1837	1545
1837	167
1837	50
1837	123
1837	158
1838	89
1839	32
1840	89
1841	32
1841	72
1841	123
1841	1545
1842	116
1843	9
1844	354
1845	32
1845	158
1845	167
1846	89
1847	49
1848	354
1849	128
1850	49
1851	354
1852	9
1853	226
1854	9
1855	9
1856	128
1856	1545
1856	32
1857	32
1857	123
1858	128
1858	32
1858	50
1858	167
1859	32
1860	128
1860	32
1860	354
1860	158
1860	7
1861	83
1862	128
1862	441
1862	123
1863	9
1864	50
1865	9
1866	50
1867	441
1868	128
1868	441
1869	123
1870	49
1871	1295
1872	441
1873	123
1874	109
1875	504
1876	128
1877	50
1878	128
1879	128
1879	32
1880	128
1881	128
1882	128
1883	128
1883	72
1884	128
1884	32
1884	1545
1885	354
1886	128
1887	128
1887	72
1887	354
1888	226
1889	128
1889	354
1890	128
1890	1665
1890	72
1891	128
1891	72
1892	128
1893	128
1893	32
1893	226
1893	158
1893	72
1894	128
1894	72
1894	1545
1895	128
1896	128
1897	128
1898	128
1899	128
1900	128
1901	128
1902	128
1903	128
1904	128
1905	128
1906	128
1907	128
1907	1665
1908	128
1909	128
1910	128
1911	128
1911	32
1912	128
1912	32
1912	72
1913	32
1914	128
1915	128
1915	1665
1915	32
1916	128
1916	32
1916	72
1917	128
1918	128
1919	128
1920	128
1921	128
1921	72
1922	128
1923	128
1923	161
1923	102
1924	128
1925	128
1926	1928
1926	1927
1927	1926
1928	0
1928	161
1928	68
1928	133
1928	1926
1928	583
1928	136
1928	174
1928	303
1928	1620
1928	1181
1928	351
1929	76
1930	1495
1931	254
1932	37
1932	254
1932	109
1933	254
1934	254
1935	522
1936	145
1937	388
1938	7
1939	7
1940	7
1941	226
1941	555
1941	174
1941	499
1942	220
1943	876
1944	202
1945	0
1946	0
1947	195
1948	343
1949	266
1949	1147
1949	295
1950	118
1951	180
1952	180
1954	590
1955	303
1956	351
1957	351
1958	4
1959	4
1960	4
1961	4
1962	496
1963	496
1964	226
1964	50
1965	226
1966	226
1966	354
1967	821
1968	67
1969	324
1970	1665
1970	158
1971	1665
1972	1665
1973	1665
1974	1665
1975	1665
1976	1665
1976	354
1977	1665
1978	1665
1979	1665
1980	1665
1981	1665
1981	253
1982	1665
1983	1665
1984	171
1985	50
1986	50
1987	50
1988	50
1989	50
1989	311
1990	50
1990	116
1990	354
1991	354
1991	158
1992	50
1993	354
1994	50
1995	50
1996	50
1997	50
1998	354
1999	50
2000	504
2001	504
2002	504
2002	1545
2003	74
2004	74
2005	74
2006	74
2006	135
2007	1295
2008	1295
2009	1157
2010	1157
2011	32
2012	32
2013	32
2013	72
2014	32
2015	32
2016	32
2017	32
2018	32
2018	72
2019	32
2020	32
2021	32
2021	72
2022	32
2023	32
2024	32
2025	32
2026	32
2026	354
2027	32
2028	32
2029	32
2030	32
2030	354
2031	32
2031	354
2032	72
2033	32
2034	32
2035	32
2035	72
2035	354
2036	32
2037	32
2038	32
2039	32
2040	32
2041	32
2042	32
2043	32
2043	158
2044	32
2045	32
2046	32
2047	32
2048	32
2049	32
2050	32
2050	72
2051	32
2052	32
2053	32
2054	32
2054	361
2055	32
2055	72
2055	1545
2056	32
2056	72
2057	32
2058	32
2058	441
2058	1545
2059	32
2060	32
2061	32
2062	32
2063	311
2063	70
2063	167
2064	167
2065	2066
2066	2065
2066	1077
2066	293
2067	154
2067	70
2068	770
2069	770
2070	72
2071	72
2072	72
2073	72
2074	72
2075	72
2076	72
2077	72
2078	72
2079	72
2080	72
2080	532
2081	72
2081	354
2082	72
2083	72
2084	72
2084	83
2085	72
2086	72
2087	72
2088	72
2089	72
2090	72
2091	476
2092	476
2093	476
2094	1489
2095	880
2096	472
2096	102
2096	334
2097	89
2098	720
2099	68
2100	283
2101	283
2102	283
2103	441
2104	441
2105	441
2106	116
2107	116
2108	116
2109	116
2110	116
2111	123
2111	116
2112	116
2113	116
2114	154
2115	158
2116	158
2117	158
2118	158
2119	158
2120	158
2121	158
2122	158
2123	158
2124	66
2125	66
2126	66
2126	778
2127	66
2128	66
2129	66
2130	66
2131	341
2132	94
2133	1622
2134	651
2135	651
2136	266
2137	266
2138	778
2139	37
2140	37
2141	345
2142	121
2143	121
2144	472
2145	499
2146	23
2147	23
2148	23
2149	112
2150	112
2151	112
2152	112
2153	447
2154	1155
2155	126
2156	1050
2157	34
2158	253
2159	311
2160	311
2161	311
2162	311
2163	311
2164	311
2165	102
2166	766
2168	83
2169	83
2170	245
2171	1545
2172	1545
2172	354
2173	1545
2174	1545
2175	1545
2176	1545
2177	1545
2179	354
2180	354
2181	354
2182	354
2183	354
2184	354
2185	354
2186	354
2187	354
2188	354
2189	354
2190	354
2191	354
2192	354
2193	354
2194	354
2195	354
2196	354
2197	354
2198	354
2199	354
2200	354
2201	354
2202	354
2203	354
2204	354
2205	354
2206	354
2207	354
2208	161
2208	123
2209	1249
2210	261
2211	678
2212	123
2213	123
2214	123
2215	123
2216	123
2217	123
2218	123
2219	123
2220	123
2221	150
2222	150
2223	150
2224	9
2225	9
2226	9
2227	9
2228	9
2229	9
2230	9
2231	9
2232	9
2233	9
2234	9
2235	9
2236	9
2237	9
2238	9
