0	1
0	2
0	3
0	4
1	0
1	6
1	7
1	8
1	9
1	10
2	0
2	11
2	12
2	13
2	14
2	15
2	16
2	17
2	18
2	20
2	21
2	22
2	23
2	24
2	25
2	26
2	27
2	28
2	29
3	0
3	30
4	0
4	32
4	34
4	33
4	31
5	35
6	1
6	130
6	110
7	424
7	1
7	426
7	425
7	423
8	1
8	235
9	1
10	1
11	2
12	2
12	50
13	689
13	2
13	206
14	2
15	792
15	2
15	627
15	790
15	791
16	1017
16	2
16	53
17	496
17	2
18	2
18	1132
18	1130
18	1133
19	811
19	810
19	822
20	2
21	2
21	643
21	444
21	1285
21	1463
22	2
22	339
22	493
23	2
23	110
24	777
24	2
24	236
24	778
25	2
26	2
26	886
26	300
26	206
26	1685
26	1686
27	2
28	2
28	791
28	1270
28	1687
28	1688
29	2
30	3
30	1348
30	1693
30	1694
30	1695
31	1164
31	1163
31	4
31	751
32	4
32	1311
33	34
33	4
33	40
33	1522
33	1523
33	1524
33	1525
34	1329
34	4
34	33
35	5
36	37
36	38
36	39
37	40
37	36
37	39
38	41
38	42
38	36
39	36
39	37
40	33
40	37
40	1158
41	226
41	98
41	229
41	38
41	1159
42	1329
42	1330
42	38
43	45
44	45
44	46
45	48
45	43
45	44
45	46
45	47
46	192
46	427
46	44
46	45
46	435
46	437
46	342
47	323
47	45
48	1217
48	45
48	1175
49	50
49	51
50	12
50	49
50	52
50	53
50	54
50	55
50	56
50	57
50	58
50	59
50	60
50	61
50	62
50	63
50	65
50	66
50	67
50	68
50	69
50	70
50	71
50	72
50	73
50	74
51	75
51	76
51	77
51	78
51	79
51	80
51	49
52	50
52	235
52	469
53	16
53	50
54	50
54	470
55	472
55	50
55	471
56	50
57	473
57	50
57	475
57	474
58	102
58	271
58	50
58	150
58	476
58	477
58	478
59	50
59	479
60	480
60	50
60	244
61	481
61	50
61	117
61	482
62	50
62	483
63	337
63	50
63	484
64	485
65	50
66	50
67	50
68	50
69	50
70	50
70	482
71	50
72	50
73	50
74	50
75	51
75	580
75	463
76	513
76	233
76	238
76	51
76	949
76	119
77	51
78	1696
78	51
79	672
79	51
80	51
81	82
82	96
82	97
82	98
82	99
82	100
82	81
82	83
82	84
82	85
82	86
82	87
82	88
82	89
82	90
82	91
82	92
82	93
82	94
82	95
83	171
83	205
83	82
83	84
83	217
83	88
83	212
83	218
83	219
83	220
83	221
83	222
84	260
84	263
84	360
84	400
84	401
84	82
84	83
84	87
84	92
84	95
85	585
85	82
85	587
86	608
86	82
86	607
87	232
87	663
87	399
87	337
87	82
87	659
87	84
87	661
87	662
87	249
87	660
87	90
88	82
88	83
89	82
89	910
89	911
90	82
90	91
90	364
90	518
90	87
91	97
91	82
91	99
91	90
91	1006
92	82
92	84
93	82
93	236
94	82
95	97
95	82
95	84
96	1504
96	82
96	98
97	1505
97	82
97	91
97	95
98	96
98	1506
98	99
98	516
98	41
98	210
98	82
98	1082
99	98
99	1159
99	82
99	309
99	313
99	91
100	82
101	104
101	102
101	103
102	58
102	101
103	104
103	105
103	106
103	107
103	101
104	101
104	103
105	641
105	1307
105	1308
105	103
106	103
107	103
108	109
108	110
108	111
109	112
109	113
109	114
109	108
110	128
110	129
110	130
110	131
110	132
110	133
110	6
110	135
110	136
110	137
110	139
110	140
110	141
110	142
110	143
110	144
110	145
110	146
110	147
110	148
110	149
110	23
110	134
110	108
110	115
110	116
110	117
110	118
110	119
110	120
110	121
110	122
110	123
110	124
110	125
110	126
110	127
111	108
111	150
112	439
112	427
112	109
112	431
113	109
114	109
114	1666
115	129
115	138
115	110
115	151
115	155
115	156
115	157
115	158
115	159
116	260
116	261
116	262
116	263
116	264
116	265
116	234
116	267
116	268
116	269
116	110
116	271
116	272
116	270
116	266
117	145
117	277
117	61
117	338
117	339
117	340
117	341
117	342
117	343
117	344
117	345
117	346
117	347
117	348
117	349
117	350
117	351
117	352
117	353
117	354
117	355
117	356
117	357
117	358
117	273
117	359
117	110
117	251
118	385
118	386
118	387
118	388
118	110
118	121
118	381
118	383
119	226
119	420
119	421
119	422
119	76
119	110
120	423
120	589
120	110
120	600
120	599
120	152
120	154
121	118
121	110
122	739
122	110
122	881
122	597
122	599
123	110
124	921
124	922
124	235
124	498
124	110
125	594
125	235
125	110
126	959
126	957
126	110
126	958
127	110
128	110
129	160
129	1123
129	422
129	526
129	115
129	110
129	153
130	6
130	110
131	792
131	1256
131	110
131	1255
132	110
133	385
133	930
133	929
133	811
133	1356
133	1357
133	110
133	431
134	110
135	251
135	110
136	1422
136	634
136	110
136	938
137	110
137	1471
138	115
138	1559
138	1560
138	249
139	110
140	110
141	651
141	110
142	110
142	305
142	1332
142	862
143	110
144	110
145	739
145	117
145	110
146	1675
146	1674
146	110
147	1720
147	110
148	110
149	110
150	481
150	837
150	262
150	235
150	111
150	58
151	152
151	153
151	115
152	120
152	154
152	151
153	160
153	129
153	151
154	152
154	120
154	156
154	1516
155	115
156	154
156	115
156	1111
157	805
157	1416
157	1546
157	1547
157	1548
157	1297
157	115
157	1402
158	115
159	160
159	115
159	1598
160	129
160	1283
160	1284
160	1035
160	153
160	159
161	162
162	161
163	629
164	165
165	164
166	167
166	168
166	169
166	170
166	171
166	172
166	173
166	174
166	175
167	166
167	174
167	176
167	177
167	178
167	179
167	180
167	181
167	182
167	183
167	184
167	185
167	186
167	187
167	188
167	189
167	190
167	191
168	193
168	194
168	195
168	196
168	197
168	166
168	199
168	200
168	186
168	189
168	198
169	166
170	201
170	202
170	203
170	204
170	166
171	83
171	205
171	166
172	206
172	166
173	166
174	166
174	167
175	166
175	207
176	416
176	409
176	412
176	167
177	167
177	178
177	179
177	731
177	732
177	733
178	177
178	167
179	177
179	167
180	760
180	761
180	759
180	167
181	762
181	167
182	759
182	167
183	167
184	167
185	167
186	168
186	167
187	282
187	763
187	167
188	764
188	167
189	168
189	765
189	167
190	167
191	763
191	766
191	167
192	962
192	963
192	964
192	965
192	966
192	519
192	969
192	967
192	46
192	968
193	168
193	203
194	739
194	199
194	168
194	195
194	308
194	1143
194	1144
194	1145
194	1146
194	1147
194	1148
194	1149
194	1150
194	1151
195	168
195	194
196	168
197	168
198	168
199	1152
199	1153
199	194
199	1155
199	1156
199	1157
199	168
199	1154
199	605
200	168
201	802
201	803
201	804
201	805
201	806
201	807
201	170
201	634
202	324
202	518
202	170
202	825
202	634
202	1194
203	1248
203	193
203	1251
203	1249
203	170
203	1250
203	788
203	791
203	634
204	170
205	211
205	171
205	208
205	209
205	210
205	83
205	212
205	213
205	214
205	215
205	216
206	172
206	13
206	691
206	692
206	693
206	694
206	695
206	696
206	697
206	26
206	698
207	175
208	224
208	225
208	205
208	211
208	217
208	223
209	226
209	205
210	226
210	227
210	228
210	229
210	205
210	98
211	224
211	230
211	231
211	205
211	208
211	217
212	232
212	83
212	205
213	205
214	205
215	205
216	205
217	211
217	239
217	208
217	83
217	409
217	410
217	412
218	83
218	516
219	83
219	493
220	83
220	235
221	832
221	83
222	83
223	208
224	208
224	1368
224	211
225	208
226	1089
226	227
226	228
226	625
226	41
226	209
226	210
226	691
226	521
226	246
226	119
226	1082
226	1083
226	1084
226	1085
226	1086
226	1087
227	226
227	299
227	228
227	518
227	522
227	235
227	402
227	210
227	691
227	516
227	923
227	924
228	226
228	235
228	516
228	518
228	522
228	299
228	210
228	227
228	691
228	923
228	925
229	41
229	210
229	1082
230	211
231	211
232	311
232	303
232	305
232	306
232	212
232	309
232	310
232	87
232	308
233	1561
233	1562
233	1563
233	76
234	236
234	235
234	116
234	237
234	238
235	256
235	257
235	258
235	259
235	8
235	150
235	253
235	52
235	220
235	227
235	228
235	252
235	234
235	239
235	240
235	241
235	242
235	243
235	244
235	245
235	246
235	247
235	248
235	249
235	250
235	251
235	124
235	125
235	254
235	255
236	273
236	274
236	275
236	276
236	277
236	278
236	279
236	280
236	281
236	282
236	283
236	284
236	285
236	286
236	287
236	288
236	289
236	290
236	291
236	292
236	293
236	294
236	295
236	296
236	297
236	298
236	24
236	93
236	234
237	234
238	300
238	234
238	299
238	76
238	301
238	302
238	273
239	409
239	235
239	412
239	413
239	217
240	235
240	622
240	623
241	235
241	699
242	473
242	794
242	235
242	793
243	920
243	235
244	480
244	235
244	60
244	773
245	235
245	732
245	495
246	515
246	337
246	226
246	235
246	513
247	235
247	926
247	839
248	672
248	249
248	235
248	927
249	248
249	928
249	138
249	235
249	87
250	929
250	930
250	235
250	591
251	931
251	932
251	135
251	235
251	433
251	117
252	337
252	235
253	235
254	235
255	235
256	235
257	235
258	235
259	235
259	933
260	360
260	84
260	116
261	116
261	837
261	838
261	839
262	838
262	1260
262	1261
262	116
262	150
262	377
263	84
263	116
263	837
263	838
264	116
265	116
266	116
267	282
267	116
268	116
269	377
269	116
269	838
270	116
271	1568
271	1569
271	58
271	116
272	116
273	337
273	236
273	117
273	238
273	305
274	236
275	656
275	236
276	236
277	513
277	236
277	117
277	699
277	702
277	703
278	699
278	236
279	236
280	496
280	627
280	236
280	1039
281	236
281	495
282	1035
282	267
282	187
282	236
282	1340
283	826
283	1435
283	236
284	236
284	881
284	342
284	1111
284	634
284	763
285	656
285	236
286	339
286	236
287	1500
287	1499
287	236
288	236
289	236
290	236
291	236
292	236
293	236
294	236
295	236
296	1034
296	236
297	236
298	236
299	672
299	992
299	994
299	227
299	228
299	993
299	238
299	996
299	995
299	516
299	989
299	990
299	991
300	26
300	1341
300	238
301	1187
301	1476
301	1477
301	1478
301	583
301	1479
301	238
301	438
302	238
303	304
303	232
304	303
305	232
305	142
305	273
305	375
305	377
305	378
305	379
305	380
306	232
306	722
306	723
307	1090
307	351
308	232
308	1257
308	194
309	232
309	99
309	364
309	518
309	367
310	232
310	1746
310	1747
310	422
311	232
312	313
313	312
313	99
314	315
314	316
315	314
316	314
316	317
317	316
317	486
318	320
318	321
318	319
319	321
319	318
320	321
320	318
321	320
321	318
321	319
322	323
323	322
323	324
323	325
323	326
323	328
323	329
323	330
323	331
323	332
323	333
323	334
323	47
323	336
323	335
324	202
324	323
324	491
325	323
325	326
325	327
325	328
325	619
325	620
326	323
326	325
327	325
327	621
328	323
328	325
329	960
329	323
330	323
331	323
331	763
332	323
332	1285
333	323
333	732
334	323
335	337
335	323
335	1492
336	323
337	374
337	369
337	360
337	361
337	362
337	363
337	364
337	365
337	366
337	335
337	368
337	273
337	370
337	371
337	372
337	373
337	246
337	87
337	367
337	252
337	63
338	412
338	117
338	415
339	640
339	641
339	642
339	643
339	644
339	645
339	646
339	647
339	117
339	22
339	511
339	286
339	639
340	772
340	117
341	117
342	739
342	46
342	431
342	117
342	284
342	446
343	344
343	423
343	117
343	759
344	672
344	423
344	759
344	117
344	343
344	859
345	1315
345	117
345	814
346	117
347	1511
347	1512
347	1513
347	1514
347	1515
347	117
348	859
348	117
349	117
350	117
351	307
351	739
351	117
352	117
353	117
354	1744
354	1743
354	117
354	423
355	1745
355	117
356	672
356	117
356	422
357	672
357	117
357	423
358	117
359	117
360	260
360	361
360	362
360	397
360	398
360	337
360	84
361	360
361	337
361	399
362	360
362	337
362	402
363	337
363	739
364	1008
364	337
364	90
364	309
364	521
365	337
365	1347
365	423
366	337
366	1534
366	881
367	337
367	1637
367	598
367	309
368	337
368	1641
369	337
369	516
370	337
370	1470
371	337
372	337
373	337
374	337
375	305
375	481
376	1434
376	1470
377	1552
377	305
377	269
377	262
377	1553
378	305
378	1662
378	1663
379	305
380	305
381	118
383	384
383	118
383	503
383	504
383	505
384	383
384	503
385	406
385	118
385	133
386	422
386	118
387	118
388	118
389	390
390	389
391	392
392	393
392	394
392	396
392	391
393	392
393	672
393	394
393	395
394	392
394	393
394	395
394	526
395	393
395	394
396	392
397	360
398	360
399	361
399	1403
399	87
400	1552
400	402
400	84
401	84
402	400
402	362
402	227
403	404
404	403
405	406
406	385
406	405
407	408
408	407
409	239
409	176
409	217
409	410
409	411
410	409
410	412
410	413
410	217
411	409
411	412
411	414
411	415
412	1189
412	239
412	176
412	338
412	217
412	410
412	411
412	415
413	1192
413	410
413	1191
413	1190
413	239
414	411
415	338
415	411
415	412
416	176
417	418
417	419
418	417
418	419
419	417
419	418
420	119
421	833
421	834
421	835
421	119
422	129
422	386
422	356
422	1387
422	1388
422	310
422	119
422	760
423	354
423	357
423	7
423	1227
423	1228
423	365
423	1040
423	344
423	343
423	120
423	605
424	1289
424	1290
424	1291
424	1292
424	7
425	7
426	7
427	432
427	429
427	46
427	431
427	112
427	433
427	434
427	435
427	436
427	430
428	438
428	431
429	434
429	427
429	431
430	440
430	427
430	438
431	133
431	427
431	428
431	429
431	432
431	434
431	435
431	436
431	438
431	441
431	442
431	443
431	444
431	445
431	446
431	447
431	448
431	449
431	450
431	451
431	452
431	453
431	454
431	455
431	456
431	342
431	112
432	458
432	427
432	431
432	435
432	438
433	427
433	251
434	427
434	429
434	438
434	431
435	459
435	427
435	46
435	431
435	432
435	438
435	446
436	427
436	438
436	431
437	1193
437	46
438	428
438	301
438	430
438	431
438	432
438	434
438	435
438	436
438	447
439	112
440	430
441	431
442	654
442	431
442	656
442	657
442	658
443	610
443	431
444	493
444	495
444	496
444	692
444	21
444	431
445	431
446	435
446	342
446	431
447	438
447	431
448	431
449	431
450	431
451	431
452	431
453	431
454	431
455	431
456	431
458	432
458	1136
458	1390
458	1391
459	635
459	633
459	634
459	435
459	630
460	461
461	460
462	464
462	463
463	465
463	466
463	75
463	462
464	462
465	463
466	463
469	496
469	52
470	54
471	1039
471	1480
471	1481
471	859
471	55
472	55
473	57
473	242
474	57
475	57
476	837
476	1324
476	1326
476	1327
476	1328
476	58
477	58
478	58
479	59
480	984
480	244
480	1379
480	60
481	913
481	1459
481	1460
481	1461
481	150
481	375
481	61
482	61
482	70
483	1809
483	1458
483	1274
483	62
484	1443
484	1393
484	1452
484	1453
484	1454
484	881
484	882
484	63
485	64
485	1731
485	1732
485	1734
486	317
486	487
487	486
489	490
490	489
491	324
492	493
493	502
493	492
493	494
493	495
493	496
493	497
493	498
493	499
493	500
493	501
493	22
493	219
493	444
494	493
495	688
495	675
495	676
495	677
495	678
495	679
495	680
495	681
495	682
495	683
495	684
495	493
495	686
495	685
495	496
495	245
495	281
495	687
495	444
496	17
496	956
496	493
496	495
496	952
496	469
496	950
496	951
496	280
496	953
496	954
496	955
496	444
497	493
498	124
498	493
499	493
500	493
501	493
502	493
503	384
503	383
504	383
505	383
506	512
506	507
506	508
506	509
506	510
506	511
507	512
507	506
507	508
507	509
507	510
507	511
508	512
508	506
508	507
508	509
508	510
509	512
509	513
509	506
509	507
509	508
509	510
509	511
510	512
510	514
510	506
510	507
510	508
510	509
510	511
511	515
511	339
511	506
511	507
511	509
511	510
512	506
512	507
512	508
512	509
512	510
513	76
513	509
513	246
513	277
514	510
515	246
515	625
515	1076
515	1077
515	1078
515	1079
515	1080
515	1081
515	511
516	523
516	98
516	227
516	228
516	517
516	518
516	519
516	520
516	521
516	522
516	299
516	524
516	369
516	218
517	584
517	516
518	832
518	227
518	228
518	520
518	202
518	1007
518	592
518	691
518	309
518	516
518	90
518	924
519	192
519	1024
519	516
520	516
520	518
520	526
521	364
521	226
521	691
521	516
521	1083
522	228
522	227
522	516
523	938
523	516
524	516
525	526
526	129
526	520
526	394
526	525
526	527
526	528
526	529
526	530
526	531
526	532
526	533
526	534
526	535
526	536
526	537
526	538
526	539
526	540
526	541
526	542
526	543
526	544
526	545
526	546
526	547
526	548
526	549
526	550
526	551
526	552
526	553
526	554
526	555
526	556
526	557
526	558
526	559
526	560
526	561
526	562
526	563
526	564
526	565
526	566
526	567
526	568
526	569
526	570
526	571
526	572
526	573
526	574
526	575
526	576
526	577
526	578
527	526
528	526
529	752
529	754
529	526
530	758
530	526
531	526
532	526
533	526
534	526
535	526
536	526
537	526
538	526
539	526
540	526
541	526
542	526
543	1124
543	526
544	526
545	526
546	526
547	1125
547	526
548	526
549	526
550	526
551	526
552	1125
552	526
553	526
554	1126
554	526
555	526
556	526
557	526
558	526
559	526
560	526
561	526
562	526
563	526
564	526
565	526
566	526
567	526
568	526
569	526
570	526
571	526
572	526
573	526
574	526
575	526
576	526
577	526
578	526
580	75
581	582
582	581
582	583
583	1476
583	582
583	1478
583	301
583	1458
583	766
583	1477
584	517
585	586
585	85
586	585
586	588
587	85
588	586
589	590
589	591
589	592
589	593
589	594
589	595
589	120
590	589
591	250
591	589
591	598
591	597
592	589
592	518
593	589
594	601
594	589
594	125
595	589
596	1534
597	813
597	591
597	889
597	122
597	891
597	890
598	367
598	892
598	591
599	810
599	812
599	820
599	120
599	122
600	120
600	1066
601	594
602	603
603	602
604	606
605	423
605	199
606	604
607	86
608	86
609	610
610	609
610	611
610	612
610	613
610	614
610	615
610	616
610	617
610	618
610	443
611	1169
611	610
611	1171
611	1170
612	610
612	1082
613	610
614	610
615	610
615	1588
616	610
617	610
617	1589
617	1367
618	610
619	325
620	325
621	327
621	1320
621	1321
621	1322
621	1323
621	1175
622	240
623	240
624	625
624	626
625	624
625	515
625	226
625	627
625	628
626	624
626	629
627	280
627	625
627	15
628	625
629	1612
629	163
629	1604
629	1605
629	1606
629	1607
629	1608
629	1609
629	1610
629	1611
629	1452
629	1234
629	1614
629	1613
629	912
629	626
629	1603
629	1598
630	632
630	459
630	631
631	630
632	630
633	938
633	459
633	935
634	203
634	136
634	201
634	202
634	459
634	1335
634	1336
634	1337
634	284
635	459
635	1036
635	1038
636	637
637	636
637	638
638	637
639	339
640	865
640	339
640	885
640	886
640	887
641	105
641	339
641	1004
641	1005
642	339
643	1188
643	722
643	339
643	21
643	1176
644	339
645	339
646	339
647	339
648	649
648	650
649	648
649	651
650	648
651	649
651	141
652	653
653	652
654	442
654	655
655	654
656	673
656	674
656	275
656	442
656	285
657	442
657	1582
658	442
659	87
660	87
661	87
662	87
663	87
664	666
664	667
664	668
664	669
665	670
665	671
666	664
667	664
667	672
668	664
669	664
670	1400
670	665
670	671
671	665
671	670
672	393
672	667
672	299
672	707
672	708
672	709
672	710
672	711
672	712
672	713
672	714
672	715
672	716
672	717
672	718
672	79
672	720
672	721
672	344
672	719
672	356
672	357
672	248
673	656
673	777
673	1536
674	656
675	495
676	495
677	495
678	495
679	495
680	495
681	926
681	495
682	1056
682	1057
682	926
682	495
683	495
684	495
685	495
686	1058
686	1059
686	1060
686	495
687	495
688	865
688	726
688	495
689	690
689	13
690	689
690	1442
690	1437
691	226
691	227
691	228
691	518
691	521
691	1262
691	1263
691	1264
691	206
692	937
692	444
692	206
692	1409
693	206
694	206
695	206
696	206
697	206
698	206
699	241
699	700
699	277
699	278
699	701
700	699
701	699
702	277
703	1273
703	1274
703	1275
703	1036
703	277
704	705
705	704
705	706
706	705
707	672
707	1268
707	862
708	672
708	1066
708	1293
708	1294
709	672
709	1066
709	909
710	672
710	832
711	672
711	1512
711	1514
711	1515
712	672
712	1706
713	672
714	672
715	672
716	672
717	672
718	672
719	672
720	672
721	672
722	306
722	643
722	724
722	725
722	726
723	306
724	928
724	722
725	722
726	688
726	722
727	728
728	729
728	730
728	727
729	728
729	986
730	728
731	177
731	734
732	736
732	737
732	333
732	177
732	245
732	735
733	177
733	738
734	1093
734	1098
734	1099
734	1100
734	1101
734	1102
734	731
735	732
735	1413
735	1414
735	1415
736	1474
736	732
737	732
738	733
739	194
739	740
739	741
739	742
739	743
739	744
739	745
739	363
739	145
739	342
739	122
739	351
740	739
741	1664
741	1273
741	739
742	739
743	739
744	739
745	739
746	747
746	748
747	746
748	746
749	750
750	749
751	755
751	756
751	31
752	529
752	757
753	756
754	529
755	809
755	1165
755	1166
755	1167
755	1168
755	751
756	753
756	751
757	752
757	1330
757	1503
758	530
759	1142
759	1036
759	1004
759	1138
759	1139
759	180
759	1141
759	182
759	343
759	344
759	1140
760	180
760	422
760	975
761	180
762	181
763	1283
763	996
763	1285
763	1286
763	1287
763	1288
763	842
763	331
763	1155
763	187
763	284
763	191
764	928
764	188
765	1722
765	1723
765	189
766	583
766	191
767	768
768	769
768	771
768	767
769	768
769	770
770	769
770	1285
771	768
772	340
772	773
772	774
772	775
773	772
773	808
773	810
773	811
773	244
773	820
773	828
773	829
773	830
773	831
774	880
774	772
774	879
775	772
776	777
776	778
777	673
777	776
777	778
777	779
777	780
777	781
777	24
778	776
778	777
778	780
778	781
778	782
778	783
778	784
778	785
778	786
778	787
778	788
778	789
778	24
779	777
780	777
780	778
781	777
781	778
782	778
783	778
784	778
785	778
786	778
787	778
788	778
788	203
789	778
790	15
791	1025
791	1035
791	1034
791	203
791	1036
791	1037
791	1038
791	15
791	944
791	1019
791	28
792	131
792	1254
792	15
793	242
794	242
795	796
796	795
797	798
798	797
799	800
799	801
800	799
801	799
802	201
803	201
804	201
805	201
805	157
805	1193
806	201
807	201
808	809
808	810
808	811
808	812
808	773
809	808
809	813
809	815
809	816
809	755
810	19
810	773
810	808
810	811
810	823
810	817
810	818
810	819
810	821
810	822
810	599
810	824
811	773
811	808
811	810
811	818
811	19
811	821
811	825
811	826
811	827
811	133
812	808
812	818
812	820
812	599
813	809
813	597
813	1214
813	1215
814	345
815	809
816	809
817	810
817	1316
818	1317
818	1318
818	1319
818	810
818	811
818	812
818	827
819	810
820	812
820	773
820	599
821	824
821	810
821	811
821	826
822	810
822	19
823	810
824	810
824	821
825	202
825	811
826	283
826	811
826	821
827	818
827	811
827	1404
828	773
828	1119
829	773
830	773
831	773
832	518
832	710
832	1676
832	1785
832	1786
832	221
833	421
834	835
834	421
835	834
835	421
836	840
836	841
836	842
837	843
837	476
837	261
837	150
837	263
838	844
838	269
838	261
838	262
838	263
839	261
839	247
840	836
841	946
841	836
841	1127
842	763
842	836
843	837
844	838
845	846
846	849
846	845
846	847
847	846
849	1406
849	1404
849	1405
849	846
850	851
851	850
852	853
853	852
853	854
854	853
855	856
856	857
856	855
857	856
858	859
859	864
859	865
859	866
859	867
859	868
859	869
859	870
859	871
859	872
859	348
859	874
859	875
859	876
859	873
859	471
859	344
859	858
859	860
859	861
859	862
859	863
860	859
861	859
862	859
862	142
862	707
863	859
863	1204
863	1205
864	1066
864	859
865	640
865	1155
865	688
865	1430
865	1431
865	1432
865	859
866	859
867	859
868	859
868	1374
869	859
870	859
871	859
872	859
873	859
874	859
875	859
876	859
877	878
878	877
879	880
879	774
880	774
880	879
881	484
881	366
881	882
881	883
881	884
881	122
881	284
882	881
882	484
882	1437
882	1441
883	1240
883	881
883	916
883	1455
884	881
885	640
885	1392
886	640
886	888
886	26
886	1003
886	1008
887	640
888	886
889	597
890	944
890	597
891	597
892	598
894	896
894	895
895	896
895	894
896	897
896	898
896	894
896	895
897	896
897	898
897	1352
897	1353
897	907
898	896
898	897
898	1351
898	1352
898	1354
898	1355
899	900
900	899
901	902
902	901
902	903
903	902
905	906
905	908
905	909
906	905
906	1231
907	897
908	905
909	905
909	709
910	89
911	89
912	914
912	629
912	913
913	912
913	481
914	912
915	916
916	883
916	915
916	917
916	918
916	919
917	916
918	916
919	916
920	961
920	243
921	124
921	1103
922	1226
922	124
923	227
923	228
923	1381
923	1382
924	1384
924	1082
924	227
924	518
924	1383
925	228
926	929
926	1285
926	681
926	682
926	1462
926	247
927	248
928	249
928	724
928	764
928	1535
929	250
929	133
929	926
929	930
930	929
930	250
930	133
931	251
932	251
933	259
934	935
935	934
935	936
935	937
935	938
935	939
935	940
935	941
935	942
935	633
936	935
937	938
937	692
937	935
938	939
938	935
938	136
938	937
938	523
938	633
938	1407
939	938
939	935
940	935
941	935
942	935
943	944
944	943
944	945
944	946
944	947
944	948
944	791
944	890
945	944
946	944
946	841
947	944
948	944
949	76
950	496
951	496
952	496
953	496
954	496
955	496
956	496
957	126
958	126
959	126
960	329
961	920
962	192
963	192
964	192
965	192
966	192
967	192
968	192
969	192
970	971
971	970
972	973
973	972
974	975
975	760
975	976
975	974
975	977
976	975
977	975
978	979
979	978
980	981
980	982
981	980
982	980
983	984
984	480
984	985
984	983
985	984
986	729
986	987
986	988
987	986
988	986
989	299
990	299
991	299
992	299
993	299
994	1000
994	299
994	997
994	998
994	999
995	1001
995	1002
995	299
996	299
996	763
996	1003
997	994
998	994
999	994
1000	994
1001	995
1002	995
1003	1201
1003	1202
1003	996
1003	886
1003	1199
1004	641
1004	759
1005	641
1006	91
1007	518
1008	1393
1008	364
1008	886
1009	1011
1009	1012
1009	1013
1010	1014
1011	1009
1011	1012
1011	1013
1012	1009
1012	1011
1012	1013
1013	1009
1013	1011
1013	1012
1014	1010
1015	1016
1016	1015
1017	16
1019	791
1020	1021
1021	1020
1022	1023
1023	1022
1024	519
1025	1026
1025	1027
1025	1028
1025	1029
1025	1030
1025	1031
1025	791
1026	1025
1027	1032
1027	1025
1028	1025
1029	1025
1030	1025
1031	1025
1031	1033
1032	1027
1033	1700
1033	1031
1034	296
1034	1216
1034	1214
1034	791
1035	160
1035	1338
1035	282
1035	791
1036	1510
1036	791
1036	759
1036	635
1036	703
1037	791
1038	635
1038	791
1039	280
1039	471
1040	1309
1040	1310
1040	423
1041	1042
1041	1043
1042	1041
1043	1041
1044	1045
1045	1048
1045	1044
1045	1046
1045	1047
1046	1634
1046	1475
1046	1045
1047	1045
1048	1045
1049	1050
1050	1049
1051	1053
1051	1054
1051	1055
1052	1252
1052	1053
1053	1051
1053	1052
1054	1051
1055	1051
1056	1057
1056	682
1056	1423
1057	1056
1057	682
1058	1456
1058	686
1059	686
1060	686
1061	1064
1061	1062
1061	1063
1062	1061
1063	1061
1064	1061
1065	1066
1066	864
1066	708
1066	709
1066	1065
1066	1067
1066	1068
1066	1069
1066	1070
1066	1071
1066	1072
1066	600
1067	1066
1068	1066
1069	1066
1070	1066
1071	1066
1072	1066
1073	1074
1073	1075
1074	1073
1075	1073
1076	515
1077	515
1078	515
1079	515
1079	1469
1079	1470
1080	515
1081	515
1082	226
1082	612
1082	229
1082	1160
1082	98
1082	924
1083	521
1083	226
1083	1350
1084	226
1085	226
1086	226
1087	226
1089	226
1090	307
1090	1091
1090	1092
1091	1090
1092	1090
1093	1097
1093	734
1093	1094
1093	1095
1094	1093
1095	1093
1097	1093
1098	734
1099	1410
1099	1411
1099	734
1100	734
1101	734
1102	1502
1102	734
1102	1431
1103	921
1104	1105
1105	1104
1105	1106
1106	1105
1106	1258
1106	1259
1106	1257
1107	1108
1108	1107
1109	1110
1110	1109
1110	1111
1111	156
1111	284
1111	1110
1111	1473
1112	1113
1112	1114
1113	1112
1114	1112
1114	1115
1115	1114
1117	1118
1118	1117
1119	828
1120	1121
1121	1120
1122	1358
1123	129
1123	1386
1124	1527
1124	1526
1124	543
1125	552
1125	547
1125	1179
1125	1645
1126	1265
1126	554
1126	1267
1127	841
1128	1129
1129	1128
1130	18
1130	1131
1131	1130
1132	18
1133	18
1134	1136
1134	1135
1135	1137
1135	1134
1136	458
1136	1134
1137	1135
1138	759
1139	759
1140	759
1141	759
1142	759
1143	194
1144	194
1145	194
1146	194
1147	194
1148	1393
1148	194
1148	1395
1148	1396
1148	1394
1149	194
1150	194
1150	1307
1150	1397
1151	194
1152	199
1153	199
1154	199
1155	865
1155	763
1155	199
1156	199
1157	199
1158	40
1159	41
1159	99
1160	1082
1161	1162
1162	1161
1163	1554
1163	1555
1163	1556
1163	1557
1163	1558
1163	31
1164	31
1165	1529
1165	755
1166	755
1167	755
1168	755
1169	611
1170	611
1171	611
1172	1173
1173	1172
1174	1176
1174	1175
1175	48
1175	1177
1175	621
1175	1174
1176	1180
1176	1178
1176	643
1176	1179
1176	1174
1177	1175
1178	1176
1178	1333
1179	1176
1179	1240
1179	1125
1180	1176
1180	1334
1181	1182
1182	1181
1183	1184
1183	1185
1184	1183
1185	1183
1186	1319
1187	301
1187	1550
1187	1549
1188	643
1189	412
1189	1438
1190	1640
1190	1644
1190	413
1191	1676
1191	1677
1191	1678
1191	1679
1191	1680
1191	1681
1191	1682
1191	1683
1191	1684
1191	413
1192	1644
1192	413
1193	437
1193	805
1194	202
1195	1196
1196	1195
1196	1197
1196	1198
1197	1196
1198	1740
1198	1196
1199	1200
1199	1003
1200	1199
1201	1434
1201	1003
1202	1003
1202	1551
1203	1204
1203	1205
1204	1203
1204	863
1205	1203
1205	863
1206	1207
1207	1208
1207	1209
1207	1206
1208	1207
1209	1207
1210	1211
1211	1210
1212	1213
1213	1212
1214	1034
1214	813
1215	1416
1215	1417
1215	813
1216	1034
1217	48
1218	1219
1219	1218
1219	1220
1220	1219
1221	1222
1222	1221
1223	1224
1223	1225
1224	1223
1225	1223
1226	922
1227	1389
1227	423
1228	423
1229	1230
1230	1229
1231	1232
1231	1233
1231	906
1231	1234
1232	1541
1232	1231
1233	1231
1234	629
1234	1231
1235	1236
1236	1235
1236	1237
1236	1238
1237	1236
1238	1236
1239	1240
1240	1243
1240	883
1240	1239
1240	1241
1240	1242
1240	1179
1241	1240
1242	1240
1243	1240
1244	1245
1245	1244
1246	1247
1247	1246
1248	203
1249	203
1250	203
1251	203
1252	1052
1252	1253
1253	1252
1254	792
1255	131
1256	131
1256	1631
1257	1106
1257	308
1258	1106
1259	1106
1260	1261
1260	262
1261	1260
1261	262
1262	691
1263	691
1264	691
1265	1266
1265	1126
1266	1265
1267	1126
1268	707
1268	1269
1268	1270
1269	1268
1270	28
1270	1268
1271	1272
1272	1271
1273	1664
1273	741
1273	703
1274	1799
1274	483
1274	703
1275	1800
1275	1801
1275	1802
1275	703
1276	1277
1277	1280
1277	1281
1277	1282
1277	1276
1277	1278
1277	1279
1278	1277
1279	1277
1280	1277
1281	1277
1282	1277
1283	160
1283	763
1284	160
1285	770
1285	763
1285	332
1285	21
1285	926
1286	763
1287	763
1288	1810
1288	763
1289	424
1290	424
1291	424
1292	424
1293	708
1294	708
1295	1296
1295	1297
1295	1298
1295	1299
1295	1300
1295	1301
1296	1303
1296	1302
1296	1295
1297	1295
1297	1302
1297	1303
1297	1304
1297	157
1298	1295
1299	1295
1300	1295
1301	1295
1302	1296
1302	1297
1302	1303
1303	1296
1303	1297
1303	1302
1304	1297
1305	1306
1306	1305
1307	105
1307	1150
1308	105
1309	1040
1310	1040
1311	32
1312	1710
1313	1314
1314	1313
1315	345
1316	817
1317	818
1317	1493
1317	1494
1318	818
1319	818
1319	1186
1320	621
1321	621
1322	621
1323	621
1324	476
1324	1325
1325	1324
1326	476
1327	476
1328	476
1329	42
1329	34
1330	42
1330	1331
1330	1332
1330	757
1331	1330
1332	1330
1332	142
1333	1178
1334	1180
1335	634
1336	1337
1336	634
1337	1336
1337	634
1338	1339
1338	1035
1339	1338
1340	282
1341	300
1341	1342
1342	1341
1343	1344
1343	1345
1344	1343
1345	1343
1346	1347
1347	1346
1347	1348
1347	365
1347	1349
1348	1602
1348	1347
1348	30
1349	1347
1350	1083
1351	898
1352	897
1352	898
1353	897
1354	898
1355	898
1356	133
1357	133
1358	1122
1359	1360
1360	1359
1361	1362
1361	1363
1361	1364
1362	1361
1362	1363
1362	1365
1363	1361
1363	1362
1363	1364
1363	1365
1364	1361
1364	1363
1365	1362
1365	1363
1365	1436
1366	1367
1367	617
1367	1366
1368	224
1369	1370
1370	1369
1371	1372
1372	1371
1373	1374
1374	868
1374	1373
1375	1376
1376	1375
1377	1378
1378	1377
1379	480
1381	923
1382	923
1383	924
1384	924
1385	1539
1385	1540
1386	1123
1387	422
1388	422
1389	1227
1390	458
1391	458
1392	885
1393	484
1393	1008
1393	1148
1393	1759
1394	1148
1395	1148
1396	1148
1397	1150
1398	1399
1399	1398
1400	670
1401	1402
1402	1401
1402	157
1403	1451
1403	399
1404	849
1404	827
1404	1437
1405	849
1406	849
1406	1562
1407	938
1409	692
1410	1099
1410	1411
1411	1410
1411	1099
1411	1412
1412	1411
1413	735
1414	735
1415	735
1416	1418
1416	1419
1416	1420
1416	1421
1416	157
1416	1215
1417	1215
1418	1416
1419	1416
1420	1416
1420	1646
1421	1416
1422	136
1423	1424
1423	1056
1424	1423
1425	1426
1425	1427
1425	1428
1426	1425
1426	1429
1427	1425
1428	1425
1429	1426
1429	1659
1429	1658
1430	865
1431	865
1431	1102
1432	865
1433	1434
1434	376
1434	1433
1434	1201
1435	283
1436	1365
1437	1440
1437	690
1437	882
1437	1404
1437	1438
1437	1439
1438	1437
1438	1189
1439	1443
1439	1437
1440	1437
1441	882
1442	690
1443	1584
1443	484
1443	1439
1444	1445
1444	1446
1445	1448
1445	1444
1445	1447
1446	1444
1447	1584
1447	1445
1448	1445
1449	1450
1450	1449
1451	1403
1452	484
1452	629
1453	484
1453	1759
1454	484
1455	883
1456	1457
1456	1058
1457	1456
1458	483
1458	583
1459	481
1460	481
1461	481
1462	926
1463	21
1464	1465
1465	1464
1466	1467
1467	1466
1467	1468
1468	1467
1468	1667
1469	1777
1469	1079
1470	376
1470	370
1470	1778
1470	1079
1471	1472
1471	137
1472	1471
1473	1699
1473	1111
1474	736
1474	1475
1475	1474
1475	1046
1476	301
1476	1478
1476	583
1477	301
1477	1478
1477	583
1478	1477
1478	1476
1478	301
1478	583
1479	301
1480	471
1481	471
1482	1483
1483	1482
1484	1485
1485	1484
1485	1486
1486	1485
1487	1488
1487	1489
1488	1490
1488	1487
1489	1490
1489	1491
1489	1487
1490	1488
1490	1489
1491	1489
1492	335
1493	1317
1494	1317
1495	1496
1496	1495
1497	1498
1498	1497
1499	1500
1499	1501
1499	287
1500	1499
1500	1501
1500	287
1501	1499
1501	1500
1502	1102
1503	757
1504	96
1505	97
1506	98
1507	1508
1508	1507
1510	1036
1511	1513
1511	347
1512	347
1512	711
1513	347
1513	1511
1514	347
1514	711
1515	347
1515	711
1516	154
1517	1519
1519	1517
1520	1521
1521	1520
1522	33
1523	33
1524	33
1524	1626
1525	33
1526	1124
1527	1124
1529	1530
1529	1531
1529	1165
1530	1529
1531	1529
1532	1533
1533	1532
1534	596
1534	1813
1534	366
1535	928
1536	673
1537	1538
1538	1537
1539	1385
1540	1385
1541	1232
1541	1542
1542	1541
1543	1544
1544	1545
1544	1543
1545	1602
1545	1544
1545	1771
1545	1772
1545	1773
1545	1774
1546	157
1547	157
1548	157
1549	1187
1550	1187
1551	1202
1552	400
1552	377
1553	377
1554	1163
1555	1163
1556	1163
1557	1163
1558	1163
1559	138
1560	138
1561	233
1562	233
1562	1406
1563	233
1564	1565
1564	1566
1565	1564
1565	1566
1566	1564
1566	1565
1566	1567
1567	1566
1568	271
1569	271
1570	1571
1571	1570
1572	1574
1573	1574
1574	1572
1574	1573
1574	1575
1575	1574
1576	1577
1576	1578
1577	1576
1578	1576
1578	1579
1579	1578
1580	1581
1581	1580
1582	657
1583	1584
1584	1447
1584	1443
1584	1583
1585	1586
1586	1585
1586	1587
1587	1586
1588	615
1589	617
1590	1591
1591	1592
1591	1593
1591	1594
1591	1590
1592	1591
1593	1591
1594	1591
1595	1596
1596	1595
1596	1597
1597	1596
1598	629
1598	159
1599	1600
1600	1599
1602	1545
1602	1348
1603	629
1604	629
1605	629
1606	629
1607	629
1608	629
1609	629
1610	629
1611	629
1612	629
1613	629
1614	629
1615	1616
1616	1615
1618	1619
1619	1618
1620	1621
1621	1620
1622	1623
1623	1622
1624	1625
1625	1624
1626	1524
1627	1629
1628	1630
1629	1627
1630	1628
1630	1639
1631	1256
1632	1633
1633	1632
1634	1046
1635	1636
1636	1635
1637	1638
1637	367
1638	1712
1638	1637
1638	1711
1639	1630
1640	1642
1640	1190
1641	368
1642	1640
1642	1643
1643	1642
1644	1192
1644	1190
1645	1125
1646	1828
1646	1827
1646	1420
1647	1648
1648	1647
1650	1651
1651	1650
1652	1653
1653	1652
1654	1655
1655	1654
1656	1657
1657	1656
1658	1429
1659	1429
1660	1661
1661	1660
1662	378
1663	378
1664	1273
1664	741
1666	114
1666	1748
1666	1749
1666	1750
1666	1751
1666	1752
1666	1753
1666	1754
1666	1755
1666	1756
1666	1757
1666	1758
1666	1727
1667	1468
1668	1672
1668	1673
1668	1669
1668	1670
1668	1671
1669	1668
1670	1668
1671	1668
1672	1668
1673	1668
1674	146
1675	146
1676	832
1676	1191
1677	1191
1678	1191
1679	1191
1680	1191
1681	1191
1682	1191
1683	1191
1684	1191
1685	26
1686	26
1687	28
1688	28
1689	1690
1690	1689
1691	1692
1692	1691
1693	30
1694	30
1695	30
1696	78
1697	1698
1698	1697
1699	1473
1700	1033
1700	1701
1701	1700
1701	1702
1702	1707
1702	1701
1703	1704
1704	1705
1704	1703
1705	1704
1706	712
1707	1702
1708	1709
1709	1708
1710	1312
1711	1638
1712	1638
1714	1715
1715	1714
1716	1717
1717	1716
1718	1719
1719	1718
1720	147
1722	765
1723	765
1724	1725
1725	1724
1726	1727
1727	1666
1727	1726
1728	1729
1729	1728
1729	1730
1730	1729
1731	1732
1731	485
1731	1733
1732	1731
1732	485
1732	1733
1733	1731
1733	1732
1733	1735
1734	485
1735	1733
1736	1737
1737	1736
1738	1739
1739	1738
1740	1198
1741	1742
1742	1741
1743	354
1744	354
1745	355
1746	310
1747	310
1748	1666
1749	1666
1750	1666
1751	1666
1752	1666
1753	1666
1754	1666
1755	1666
1756	1666
1757	1666
1758	1666
1759	1784
1759	1393
1759	1453
1761	1762
1762	1761
1763	1764
1764	1763
1765	1766
1766	1765
1767	1768
1768	1767
1769	1770
1770	1769
1771	1545
1772	1545
1773	1545
1774	1545
1775	1776
1776	1775
1777	1469
1778	1470
1779	1780
1779	1781
1780	1779
1780	1782
1781	1779
1781	1783
1782	1780
1783	1781
1784	1759
1785	832
1786	832
1787	1788
1788	1787
1789	1790
1790	1789
1791	1792
1792	1791
1793	1794
1794	1793
1795	1796
1796	1795
1797	1798
1798	1797
1799	1274
1800	1275
1801	1275
1802	1275
1803	1804
1804	1803
1805	1808
1805	1806
1805	1807
1806	1805
1807	1805
1808	1805
1809	483
1810	1288
1811	1812
1812	1811
1813	1534
1814	1815
1815	1814
1816	1817
1816	1818
1817	1816
1818	1816
1819	1820
1820	1819
1821	1822
1822	1821
1823	1824
1824	1823
1825	1826
1826	1825
1827	1646
1828	1646
1829	1830
1830	1829
1830	1831
1831	1830
1832	1833
1833	1832
1834	1835
1835	1834
1836	1837
1837	1836
1838	1839
1839	1838
1840	1841
1841	1840
1842	1843
1843	1842
1844	1845
1845	1844
