1 169 1
1 459 1
2 381 1
2 881 1
3 77 1
3 102 1
3 177 1
3 205 1
3 436 1
3 599 1
3 763 1
3 946 1
3 1062 1
3 1427 1
3 1599 1
4 35 1
4 74 1
4 99 1
4 140 1
4 163 1
4 168 1
4 352 1
4 392 1
4 443 1
4 458 1
4 753 1
4 778 1
4 1536 1
4 1571 1
5 352 1
5 514 1
5 1316 1
6 51 1
6 64 1
6 81 1
6 83 1
6 88 1
6 91 1
6 95 1
6 106 1
6 125 1
6 127 1
6 135 1
6 145 1
6 146 1
6 160 1
6 216 1
6 231 1
6 243 1
6 252 1
6 278 1
6 279 1
6 287 1
6 304 1
6 345 1
6 346 1
6 361 1
6 363 1
6 381 1
6 384 1
6 389 1
6 449 1
6 464 1
6 485 1
6 519 1
6 523 1
6 565 1
6 568 1
6 605 1
6 609 1
6 610 1
6 638 1
6 693 1
6 750 1
6 755 1
6 817 1
6 842 1
6 867 1
6 914 1
6 980 1
6 999 1
6 1117 1
6 1195 1
6 1537 1
6 1583 1
7 25 1
7 35 1
7 76 1
7 81 1
7 108 1
7 135 1
7 151 1
7 153 1
7 157 1
7 170 1
7 180 1
7 195 1
7 196 1
7 202 1
7 205 1
7 210 1
7 223 1
7 232 1
7 249 1
7 250 1
7 271 1
7 314 1
7 318 1
7 366 1
7 367 1
7 369 1
7 389 1
7 451 1
7 452 1
7 470 1
7 471 1
7 524 1
7 532 1
7 549 1
7 559 1
7 561 1
7 572 1
7 601 1
7 624 1
7 640 1
7 675 1
7 683 1
7 727 1
7 755 1
7 756 1
7 800 1
7 817 1
7 850 1
7 852 1
7 867 1
7 901 1
7 905 1
7 917 1
7 958 1
7 1019 1
7 1070 1
7 1080 1
7 1138 1
7 1180 1
7 1185 1
7 1234 1
7 1257 1
7 1342 1
7 1387 1
7 1479 1
7 1506 1
7 1547 1
7 1581 1
7 1598 1
7 1626 1
7 1656 1
7 1673 1
8 124 1
8 395 1
9 28 1
9 66 1
9 128 1
9 284 1
9 301 1
9 342 1
9 414 1
9 669 1
9 734 1
9 1216 1
10 241 1
10 296 1
10 592 1
10 1141 1
11 457 1
11 492 1
11 892 1
11 1083 1
11 1096 1
11 1132 1
11 1281 1
11 1299 1
11 1451 1
11 1505 1
12 381 1
12 924 1
13 210 1
13 213 1
13 318 1
13 686 1
13 803 1
13 876 1
13 1373 1
14 42 1
14 281 1
14 592 1
14 700 1
14 848 1
14 915 1
14 1049 1
15 40 1
15 65 1
15 86 1
15 104 1
15 142 1
15 187 1
15 209 1
15 219 1
15 240 1
15 696 1
15 1107 1
16 25 1
16 28 1
16 40 1
16 85 1
16 87 1
16 110 1
16 121 1
16 560 1
16 1083 1
17 79 1
17 685 1
18 78 1
18 87 1
18 113 1
18 302 1
18 398 1
18 560 1
18 690 1
18 774 1
18 979 1
18 1101 1
18 1353 1
18 1403 1
18 1477 1
18 1635 1
19 72 1
19 599 1
20 28 1
20 397 1
20 444 1
20 977 1
21 138 1
22 27 1
22 65 1
22 104 1
22 109 1
22 296 1
22 458 1
23 601 1
24 34 1
24 117 1
24 162 1
24 201 1
24 266 1
24 448 1
24 672 1
24 838 1
24 1006 1
24 1132 1
24 1291 1
24 1546 1
24 1606 1
25 7 1
25 16 1
25 35 1
25 41 1
25 42 1
25 81 1
25 82 1
25 84 1
25 103 1
25 150 1
25 156 1
25 181 1
25 201 1
25 214 1
25 239 1
25 245 1
25 252 1
25 318 1
25 326 1
25 336 1
25 367 1
25 412 1
25 417 1
25 431 1
25 466 1
25 555 1
25 594 1
25 640 1
25 676 1
25 690 1
25 695 1
25 721 1
25 751 1
25 763 1
25 799 1
25 819 1
25 820 1
25 852 1
25 882 1
25 1170 1
25 1205 1
25 1232 1
25 1238 1
25 1289 1
25 1370 1
25 1371 1
25 1393 1
25 1416 1
25 1464 1
25 1489 1
25 1516 1
25 1634 1
25 1657 1
25 1680 1
26 310 1
26 399 1
26 443 1
26 512 1
26 571 1
26 717 1
26 913 1
26 923 1
26 1051 1
26 1350 1
26 1485 1
26 1668 1
27 22 1
27 33 1
27 64 1
27 71 1
27 74 1
27 108 1
27 116 1
27 128 1
27 135 1
27 136 1
27 153 1
27 157 1
27 176 1
27 180 1
27 186 1
27 199 1
27 201 1
27 202 1
27 206 1
27 231 1
27 243 1
27 250 1
27 269 1
27 272 1
27 291 1
27 294 1
27 299 1
27 322 1
27 360 1
27 361 1
27 363 1
27 365 1
27 375 1
27 398 1
27 400 1
27 426 1
27 452 1
27 471 1
27 485 1
27 519 1
27 542 1
27 546 1
27 548 1
27 568 1
27 572 1
27 585 1
27 621 1
27 629 1
27 631 1
27 644 1
27 697 1
27 747 1
27 752 1
27 817 1
27 834 1
27 852 1
27 911 1
27 992 1
27 1031 1
27 1032 1
27 1038 1
27 1128 1
27 1129 1
27 1367 1
27 1691 1
28 9 1
28 16 1
28 20 1
28 81 1
28 97 1
28 106 1
28 108 1
28 206 1
28 231 1
28 240 1
28 242 1
28 269 1
28 282 1
28 299 1
28 341 1
28 361 1
28 365 1
28 367 1
28 415 1
28 471 1
28 478 1
28 507 1
28 519 1
28 572 1
28 598 1
28 605 1
28 644 1
28 752 1
28 1174 1
28 1676 1
29 781 1
30 182 1
30 284 1
30 297 1
30 331 1
30 398 1
30 1167 1
30 1580 1
31 113 1
31 188 1
32 62 1
32 264 1
32 732 1
32 1363 1
32 1409 1
32 1600 1
32 1659 1
33 27 1
33 40 1
33 99 1
33 185 1
34 24 1
34 97 1
34 177 1
34 203 1
34 246 1
34 247 1
34 296 1
34 358 1
34 382 1
34 462 1
34 521 1
34 595 1
34 710 1
34 937 1
34 1265 1
34 1438 1
34 1441 1
34 1450 1
34 1483 1
34 1524 1
34 1585 1
34 1601 1
34 1684 1
35 4 1
35 7 1
35 25 1
35 81 1
35 104 1
35 113 1
35 125 1
35 160 1
35 176 1
35 182 1
35 287 1
35 307 1
35 359 1
35 362 1
35 364 1
35 366 1
35 369 1
35 389 1
35 468 1
35 524 1
35 584 1
35 594 1
35 619 1
35 664 1
35 704 1
35 783 1
35 974 1
35 980 1
35 1084 1
35 1215 1
35 1625 1
35 1628 1
36 70 1
36 833 1
36 938 1
37 57 1
37 220 1
37 553 1
37 679 1
37 726 1
37 729 1
37 797 1
37 821 1
37 1034 1
37 1072 1
37 1142 1
37 1224 1
37 1250 1
37 1263 1
37 1365 1
37 1396 1
37 1437 1
37 1592 1
37 1664 1
38 162 1
38 190 1
38 349 1
38 804 1
39 55 1
39 173 1
39 204 1
39 278 1
39 386 1
39 395 1
39 516 1
39 525 1
39 618 1
39 632 1
39 694 1
39 714 1
39 773 1
39 866 1
40 15 1
40 16 1
40 33 1
40 75 1
40 80 1
40 81 1
40 135 1
40 136 1
40 137 1
40 146 1
40 157 1
40 160 1
40 170 1
40 177 1
40 178 1
40 180 1
40 186 1
40 188 1
40 194 1
40 199 1
40 206 1
40 208 1
40 216 1
40 231 1
40 238 1
40 243 1
40 250 1
40 265 1
40 272 1
40 282 1
40 287 1
40 291 1
40 294 1
40 321 1
40 322 1
40 341 1
40 360 1
40 363 1
40 365 1
40 371 1
40 375 1
40 377 1
40 381 1
40 387 1
40 396 1
40 405 1
40 416 1
40 425 1
40 426 1
40 429 1
40 452 1
40 469 1
40 470 1
40 485 1
40 498 1
40 519 1
40 523 1
40 533 1
40 548 1
40 559 1
40 565 1
40 568 1
40 577 1
40 600 1
40 605 1
40 621 1
40 623 1
40 644 1
40 666 1
40 696 1
40 702 1
40 707 1
40 737 1
40 742 1
40 747 1
40 750 1
40 792 1
40 801 1
40 823 1
40 852 1
40 882 1
40 895 1
40 925 1
40 930 1
40 931 1
40 949 1
40 992 1
40 1090 1
40 1188 1
40 1295 1
40 1446 1
40 1517 1
40 1541 1
40 1570 1
40 1655 1
41 25 1
41 99 1
41 188 1
41 207 1
41 391 1
41 1253 1
42 14 1
42 25 1
42 46 1
42 188 1
42 744 1
42 850 1
43 489 1
44 236 1
44 1259 1
45 131 1
45 1006 1
46 42 1
46 169 1
46 612 1
46 734 1
46 902 1
47 187 1
48 65 1
48 104 1
48 109 1
48 377 1
48 1496 1
49 70 1
49 229 1
49 720 1
50 533 1
50 862 1
50 1557 1
51 6 1
51 87 1
51 99 1
51 633 1
51 1011 1
52 166 1
52 209 1
52 319 1
52 358 1
52 420 1
52 490 1
52 552 1
52 735 1
52 791 1
52 808 1
52 967 1
52 1033 1
52 1124 1
52 1134 1
52 1182 1
52 1357 1
52 1423 1
52 1439 1
52 1491 1
53 88 1
53 121 1
53 1149 1
54 55 1
54 173 1
54 236 1
54 278 1
54 443 1
54 516 1
54 630 1
54 714 1
54 933 1
55 39 1
55 54 1
55 492 1
55 651 1
55 1015 1
55 1514 1
56 141 1
56 183 1
57 37 1
57 353 1
57 570 1
58 489 1
59 79 1
59 369 1
60 65 1
60 197 1
60 239 1
60 401 1
61 99 1
62 32 1
62 413 1
63 175 1
64 6 1
64 27 1
64 65 1
64 99 1
64 104 1
64 187 1
65 15 1
65 22 1
65 48 1
65 60 1
65 64 1
65 75 1
65 80 1
65 81 1
65 135 1
65 136 1
65 146 1
65 157 1
65 176 1
65 177 1
65 178 1
65 208 1
65 231 1
65 238 1
65 242 1
65 243 1
65 272 1
65 294 1
65 299 1
65 321 1
65 322 1
65 346 1
65 363 1
65 377 1
65 402 1
65 452 1
65 455 1
65 471 1
65 550 1
65 605 1
65 619 1
65 666 1
65 687 1
65 742 1
65 817 1
65 995 1
65 1037 1
65 1225 1
65 1277 1
66 9 1
66 127 1
66 130 1
66 135 1
66 170 1
66 208 1
66 231 1
66 242 1
66 243 1
66 289 1
66 291 1
66 320 1
66 346 1
66 392 1
66 456 1
66 497 1
66 530 1
66 644 1
66 649 1
66 684 1
66 794 1
66 796 1
66 868 1
66 900 1
66 902 1
66 963 1
66 970 1
66 1026 1
66 1031 1
66 1105 1
66 1176 1
66 1248 1
66 1282 1
66 1284 1
66 1397 1
66 1562 1
67 228 1
67 412 1
68 283 1
68 388 1
68 643 1
69 174 1
69 298 1
69 391 1
69 1062 1
70 36 1
70 49 1
70 243 1
70 250 1
70 317 1
70 360 1
70 363 1
70 427 1
70 538 1
70 540 1
70 565 1
70 586 1
70 696 1
70 787 1
70 816 1
70 831 1
70 959 1
70 960 1
70 1173 1
70 1184 1
70 1270 1
70 1290 1
70 1304 1
70 1361 1
70 1366 1
70 1390 1
70 1618 1
70 1620 1
71 27 1
71 142 1
71 197 1
71 239 1
72 19 1
72 151 1
72 354 1
72 529 1
73 671 1
74 4 1
74 27 1
74 99 1
74 174 1
74 597 1
74 734 1
74 1037 1
75 40 1
75 65 1
75 86 1
75 124 1
75 220 1
75 239 1
75 240 1
76 7 1
76 86 1
76 109 1
76 112 1
76 121 1
76 140 1
76 149 1
76 209 1
76 458 1
76 469 1
77 3 1
77 259 1
77 281 1
77 455 1
77 1006 1
77 1181 1
77 1499 1
78 18 1
78 296 1
78 323 1
78 380 1
78 446 1
78 471 1
78 755 1
78 878 1
78 1093 1
79 17 1
79 59 1
79 140 1
79 149 1
79 197 1
79 220 1
79 239 1
79 331 1
79 445 1
79 483 1
79 1675 1
80 40 1
80 65 1
80 99 1
80 104 1
80 140 1
80 149 1
80 163 1
80 406 1
80 994 1
81 6 1
81 7 1
81 25 1
81 28 1
81 35 1
81 40 1
81 65 1
81 86 1
81 87 1
81 90 1
81 99 1
81 104 1
81 109 1
81 113 1
81 140 1
81 142 1
81 143 1
81 149 1
81 187 1
81 198 1
81 203 1
81 209 1
81 219 1
81 222 1
81 240 1
81 250 1
81 331 1
81 449 1
81 485 1
81 579 1
81 734 1
81 831 1
81 907 1
81 977 1
81 978 1
81 1080 1
81 1121 1
81 1402 1
81 1448 1
81 1536 1
82 25 1
82 1229 1
83 6 1
83 678 1
83 1258 1
83 1375 1
84 25 1
84 188 1
84 227 1
84 244 1
85 16 1
85 120 1
85 1188 1
86 15 1
86 75 1
86 76 1
86 81 1
86 97 1
86 135 1
86 146 1
86 157 1
86 182 1
86 195 1
86 206 1
86 231 1
86 237 1
86 243 1
86 265 1
86 288 1
86 291 1
86 294 1
86 299 1
86 312 1
86 322 1
86 345 1
86 360 1
86 363 1
86 387 1
86 392 1
86 398 1
86 402 1
86 403 1
86 420 1
86 426 1
86 517 1
86 519 1
86 565 1
86 596 1
86 600 1
86 605 1
86 689 1
86 728 1
86 746 1
86 747 1
86 763 1
86 800 1
86 817 1
86 857 1
86 867 1
86 874 1
86 936 1
86 982 1
86 985 1
86 988 1
86 1160 1
86 1174 1
86 1204 1
86 1318 1
86 1510 1
86 1649 1
86 1674 1
86 1690 1
87 16 1
87 18 1
87 51 1
87 81 1
87 95 1
87 120 1
87 135 1
87 137 1
87 149 1
87 157 1
87 205 1
87 208 1
87 243 1
87 279 1
87 299 1
87 363 1
87 371 1
87 377 1
87 381 1
87 387 1
87 402 1
87 403 1
87 421 1
87 464 1
87 478 1
87 519 1
87 532 1
87 548 1
87 565 1
87 604 1
87 621 1
87 695 1
87 736 1
87 747 1
87 801 1
87 867 1
87 1188 1
87 1195 1
87 1197 1
87 1209 1
87 1337 1
87 1342 1
87 1348 1
88 6 1
88 53 1
88 506 1
89 240 1
90 81 1
90 125 1
91 6 1
91 104 1
91 140 1
91 142 1
91 149 1
91 331 1
92 381 1
93 105 1
94 161 1
94 201 1
94 256 1
94 271 1
94 312 1
94 367 1
94 431 1
94 501 1
94 583 1
94 640 1
94 675 1
94 684 1
94 723 1
94 826 1
94 904 1
94 1046 1
94 1137 1
94 1185 1
94 1208 1
94 1526 1
94 1581 1
95 6 1
95 87 1
95 140 1
95 149 1
95 210 1
96 354 1
96 529 1
96 734 1
97 28 1
97 34 1
97 86 1
97 258 1
97 1027 1
98 1008 1
99 4 1
99 33 1
99 41 1
99 51 1
99 61 1
99 64 1
99 74 1
99 80 1
99 81 1
99 106 1
99 127 1
99 136 1
99 146 1
99 160 1
99 177 1
99 178 1
99 216 1
99 230 1
99 231 1
99 243 1
99 261 1
99 287 1
99 291 1
99 294 1
99 304 1
99 322 1
99 345 1
99 363 1
99 375 1
99 384 1
99 389 1
99 398 1
99 419 1
99 425 1
99 431 1
99 439 1
99 449 1
99 485 1
99 523 1
99 568 1
99 584 1
99 605 1
99 610 1
99 621 1
99 697 1
99 750 1
99 817 1
99 939 1
99 980 1
99 1323 1
99 1336 1
100 300 1
100 745 1
100 880 1
100 1602 1
101 185 1
101 188 1
101 206 1
101 830 1
102 3 1
103 25 1
103 188 1
103 823 1
104 15 1
104 22 1
104 35 1
104 48 1
104 64 1
104 80 1
104 81 1
104 91 1
104 108 1
104 135 1
104 136 1
104 146 1
104 157 1
104 170 1
104 177 1
104 178 1
104 199 1
104 202 1
104 206 1
104 208 1
104 216 1
104 217 1
104 230 1
104 231 1
104 238 1
104 243 1
104 251 1
104 265 1
104 272 1
104 294 1
104 322 1
104 346 1
104 350 1
104 363 1
104 367 1
104 371 1
104 392 1
104 396 1
104 402 1
104 403 1
104 449 1
104 455 1
104 485 1
104 491 1
104 503 1
104 507 1
104 519 1
104 523 1
104 550 1
104 557 1
104 610 1
104 623 1
104 631 1
104 647 1
104 668 1
104 747 1
104 750 1
104 755 1
104 817 1
104 891 1
104 895 1
104 949 1
104 958 1
104 995 1
104 1016 1
104 1038 1
104 1128 1
104 1195 1
104 1303 1
104 1312 1
104 1569 1
104 1642 1
105 93 1
105 258 1
106 6 1
106 28 1
106 99 1
106 140 1
106 149 1
106 201 1
106 306 1
106 479 1
106 1305 1
106 1335 1
107 176 1
107 287 1
107 297 1
107 447 1
107 745 1
107 766 1
107 991 1
107 1109 1
107 1501 1
108 7 1
108 27 1
108 28 1
108 104 1
108 373 1
108 757 1
108 1143 1
109 22 1
109 48 1
109 76 1
109 81 1
109 121 1
109 124 1
109 135 1
109 136 1
109 146 1
109 150 1
109 201 1
109 206 1
109 217 1
109 230 1
109 231 1
109 243 1
109 288 1
109 294 1
109 299 1
109 320 1
109 363 1
109 365 1
109 367 1
109 371 1
109 381 1
109 384 1
109 387 1
109 392 1
109 402 1
109 403 1
109 407 1
109 429 1
109 434 1
109 444 1
109 452 1
109 490 1
109 503 1
109 507 1
109 565 1
109 596 1
109 605 1
109 640 1
109 641 1
109 642 1
109 647 1
109 656 1
109 664 1
109 738 1
109 776 1
109 799 1
109 817 1
109 857 1
109 903 1
109 932 1
109 958 1
109 982 1
109 1026 1
109 1037 1
109 1045 1
109 1059 1
109 1074 1
109 1088 1
109 1090 1
109 1137 1
109 1414 1
109 1529 1
110 16 1
110 120 1
110 162 1
110 205 1
110 532 1
110 598 1
110 1188 1
111 177 1
111 878 1
112 76 1
112 138 1
112 220 1
112 250 1
112 334 1
112 339 1
112 414 1
112 503 1
112 554 1
112 822 1
112 1224 1
112 1317 1
112 1476 1
113 18 1
113 31 1
113 35 1
113 81 1
113 129 1
113 137 1
113 156 1
113 160 1
113 182 1
113 205 1
113 231 1
113 271 1
113 279 1
113 287 1
113 291 1
113 296 1
113 298 1
113 299 1
113 304 1
113 326 1
113 341 1
113 345 1
113 346 1
113 362 1
113 366 1
113 367 1
113 387 1
113 407 1
113 421 1
113 431 1
113 441 1
113 452 1
113 469 1
113 471 1
113 489 1
113 519 1
113 521 1
113 524 1
113 559 1
113 576 1
113 584 1
113 598 1
113 638 1
113 640 1
113 644 1
113 663 1
113 676 1
113 706 1
113 727 1
113 816 1
113 847 1
113 852 1
113 867 1
113 889 1
113 931 1
113 980 1
113 1158 1
113 1160 1
113 1296 1
113 1410 1
113 1455 1
113 1544 1
114 401 1
114 597 1
115 135 1
115 136 1
115 177 1
115 194 1
115 208 1
115 243 1
115 272 1
115 294 1
115 360 1
115 363 1
115 377 1
115 402 1
115 429 1
115 449 1
115 452 1
115 482 1
115 550 1
115 610 1
115 707 1
115 742 1
115 769 1
115 801 1
115 817 1
115 852 1
115 925 1
115 958 1
115 995 1
115 1595 1
115 1604 1
116 27 1
116 140 1
116 149 1
116 182 1
116 366 1
116 1269 1
117 24 1
117 421 1
117 878 1
118 549 1
118 738 1
118 855 1
118 1297 1
118 1342 1
119 367 1
119 476 1
119 487 1
119 893 1
119 1197 1
119 1313 1
120 85 1
120 87 1
120 110 1
120 121 1
120 182 1
120 239 1
120 241 1
120 250 1
120 278 1
120 283 1
120 401 1
120 419 1
120 424 1
120 486 1
120 488 1
120 503 1
120 554 1
120 560 1
120 632 1
120 739 1
120 744 1
120 758 1
120 806 1
120 855 1
120 977 1
120 1435 1
120 1436 1
120 1475 1
120 1492 1
120 1500 1
120 1702 1
121 16 1
121 53 1
121 76 1
121 109 1
121 120 1
121 148 1
121 205 1
121 210 1
121 215 1
121 296 1
121 297 1
121 459 1
121 469 1
121 517 1
121 532 1
121 539 1
121 562 1
121 598 1
121 626 1
121 664 1
121 696 1
121 712 1
122 939 1
123 808 1
124 8 1
124 75 1
124 109 1
124 197 1
124 226 1
124 239 1
124 265 1
124 268 1
124 271 1
124 292 1
124 431 1
124 494 1
124 600 1
124 619 1
124 651 1
124 668 1
124 903 1
124 904 1
124 920 1
124 936 1
124 940 1
124 1019 1
124 1066 1
124 1073 1
124 1266 1
124 1303 1
124 1317 1
124 1372 1
124 1420 1
124 1423 1
124 1509 1
124 1591 1
124 1612 1
124 1648 1
124 1687 1
124 1696 1
125 6 1
125 35 1
125 90 1
125 154 1
125 313 1
125 442 1
125 888 1
125 1028 1
125 1469 1
125 1561 1
125 1610 1
126 277 1
126 442 1
126 903 1
126 1078 1
126 1142 1
126 1261 1
126 1432 1
127 6 1
127 66 1
127 99 1
127 143 1
127 269 1
127 752 1
128 9 1
128 27 1
128 130 1
128 189 1
128 196 1
128 242 1
128 275 1
128 367 1
128 410 1
128 412 1
128 441 1
128 453 1
128 502 1
128 542 1
128 619 1
128 673 1
128 690 1
128 1198 1
128 1309 1
128 1502 1
129 113 1
129 142 1
129 197 1
129 268 1
129 903 1
130 66 1
130 128 1
130 203 1
130 301 1
130 422 1
130 471 1
130 620 1
130 734 1
130 869 1
130 928 1
130 1001 1
130 1075 1
130 1533 1
131 45 1
132 183 1
133 553 1
133 953 1
133 1122 1
133 1283 1
133 1331 1
133 1356 1
134 297 1
134 493 1
134 745 1
134 758 1
135 6 1
135 7 1
135 27 1
135 40 1
135 65 1
135 66 1
135 86 1
135 87 1
135 104 1
135 109 1
135 115 1
135 142 1
135 149 1
135 185 1
135 187 1
135 203 1
135 209 1
135 219 1
135 220 1
135 270 1
135 370 1
135 458 1
135 528 1
135 734 1
136 27 1
136 40 1
136 65 1
136 99 1
136 104 1
136 109 1
136 115 1
136 142 1
136 187 1
136 209 1
136 219 1
136 240 1
136 370 1
137 40 1
137 87 1
137 113 1
137 220 1
137 239 1
137 245 1
137 250 1
137 284 1
137 328 1
137 483 1
137 916 1
137 1292 1
138 21 1
138 112 1
138 264 1
138 1603 1
139 236 1
139 1157 1
140 4 1
140 76 1
140 79 1
140 80 1
140 81 1
140 91 1
140 95 1
140 106 1
140 116 1
140 183 1
140 231 1
140 298 1
140 299 1
140 300 1
140 341 1
140 367 1
140 389 1
140 407 1
140 425 1
140 431 1
140 452 1
140 471 1
140 524 1
140 559 1
140 596 1
140 605 1
140 619 1
140 647 1
140 690 1
140 693 1
140 697 1
140 740 1
140 785 1
140 902 1
140 918 1
140 985 1
140 1090 1
140 1314 1
140 1391 1
140 1556 1
140 1563 1
141 56 1
141 208 1
141 348 1
141 555 1
141 587 1
141 646 1
141 845 1
141 908 1
141 1009 1
141 1166 1
142 15 1
142 71 1
142 81 1
142 91 1
142 129 1
142 135 1
142 136 1
142 146 1
142 194 1
142 243 1
142 299 1
142 321 1
142 346 1
142 363 1
142 365 1
142 444 1
142 455 1
142 464 1
142 503 1
142 546 1
142 675 1
142 755 1
142 817 1
142 1677 1
143 81 1
143 127 1
143 160 1
143 243 1
143 287 1
143 304 1
143 363 1
143 384 1
143 449 1
143 485 1
143 817 1
143 983 1
144 707 1
144 771 1
145 6 1
145 432 1
145 845 1
146 6 1
146 40 1
146 65 1
146 86 1
146 99 1
146 104 1
146 109 1
146 142 1
146 187 1
146 203 1
146 209 1
146 219 1
146 240 1
146 370 1
146 528 1
146 1107 1
147 207 1
147 298 1
147 348 1
147 850 1
147 952 1
147 1110 1
147 1121 1
147 1424 1
148 121 1
148 560 1
149 76 1
149 79 1
149 80 1
149 81 1
149 87 1
149 91 1
149 95 1
149 106 1
149 116 1
149 135 1
149 155 1
149 231 1
149 236 1
149 242 1
149 251 1
149 278 1
149 298 1
149 299 1
149 300 1
149 337 1
149 341 1
149 367 1
149 387 1
149 389 1
149 391 1
149 407 1
149 431 1
149 440 1
149 458 1
149 471 1
149 496 1
149 541 1
149 569 1
149 596 1
149 605 1
149 628 1
149 645 1
149 647 1
149 660 1
149 740 1
149 781 1
149 812 1
149 815 1
149 844 1
149 948 1
149 985 1
149 1090 1
149 1274 1
149 1298 1
149 1314 1
149 1319 1
149 1511 1
149 1586 1
149 1607 1
149 1615 1
150 25 1
150 109 1
150 706 1
150 827 1
150 1158 1
151 7 1
151 72 1
151 375 1
151 384 1
151 425 1
151 642 1
151 653 1
151 665 1
151 784 1
151 1047 1
151 1242 1
152 726 1
153 7 1
153 27 1
153 948 1
153 1551 1
154 125 1
155 149 1
155 309 1
155 709 1
155 877 1
155 1360 1
156 25 1
156 113 1
156 188 1
156 254 1
157 7 1
157 27 1
157 40 1
157 65 1
157 86 1
157 87 1
157 104 1
157 163 1
157 203 1
157 270 1
157 370 1
157 458 1
157 734 1
158 299 1
158 380 1
159 165 1
159 175 1
159 254 1
159 492 1
159 1062 1
160 6 1
160 35 1
160 40 1
160 99 1
160 113 1
160 143 1
160 293 1
161 94 1
161 197 1
161 209 1
161 220 1
161 239 1
161 342 1
162 24 1
162 38 1
162 110 1
162 174 1
162 185 1
162 274 1
162 709 1
162 873 1
162 921 1
162 962 1
162 1434 1
162 1614 1
163 4 1
163 80 1
163 157 1
163 238 1
163 251 1
163 299 1
163 350 1
163 363 1
163 367 1
163 550 1
163 609 1
163 675 1
163 755 1
163 817 1
163 1019 1
163 1195 1
164 234 1
165 159 1
165 192 1
165 193 1
165 567 1
165 934 1
165 1078 1
165 1247 1
166 52 1
166 606 1
166 1320 1
166 1463 1
166 1467 1
166 1498 1
166 1670 1
167 359 1
168 4 1
168 557 1
169 1 1
169 46 1
169 343 1
169 382 1
169 520 1
169 856 1
169 906 1
169 927 1
169 1068 1
169 1140 1
169 1566 1
169 1689 1
170 7 1
170 40 1
170 66 1
170 104 1
171 611 1
172 323 1
172 471 1
173 39 1
173 54 1
173 203 1
173 309 1
173 1012 1
173 1301 1
174 69 1
174 74 1
174 162 1
174 418 1
174 749 1
174 1194 1
174 1398 1
175 63 1
175 159 1
175 283 1
175 519 1
175 534 1
175 608 1
175 609 1
175 656 1
175 733 1
175 762 1
175 786 1
175 850 1
175 856 1
175 863 1
175 918 1
175 964 1
175 971 1
175 985 1
175 1047 1
175 1150 1
175 1223 1
175 1255 1
175 1328 1
175 1558 1
175 1653 1
176 27 1
176 35 1
176 65 1
176 107 1
177 3 1
177 34 1
177 40 1
177 65 1
177 99 1
177 104 1
177 111 1
177 115 1
177 209 1
177 681 1
177 801 1
177 1106 1
177 1403 1
178 40 1
178 65 1
178 99 1
178 104 1
178 187 1
178 209 1
178 219 1
178 240 1
178 734 1
179 458 1
180 7 1
180 27 1
180 40 1
180 219 1
181 25 1
181 188 1
181 239 1
181 284 1
181 458 1
182 30 1
182 35 1
182 86 1
182 113 1
182 116 1
182 120 1
182 558 1
182 615 1
183 56 1
183 132 1
183 140 1
183 236 1
183 367 1
183 394 1
183 713 1
183 1629 1
183 1647 1
183 1667 1
184 213 1
184 299 1
184 308 1
184 428 1
184 487 1
184 526 1
184 546 1
184 726 1
184 976 1
184 1051 1
184 1256 1
185 33 1
185 101 1
185 135 1
185 162 1
185 235 1
185 362 1
185 366 1
186 27 1
186 40 1
186 441 1
187 15 1
187 47 1
187 64 1
187 81 1
187 135 1
187 136 1
187 146 1
187 178 1
187 191 1
187 208 1
187 216 1
187 230 1
187 238 1
187 243 1
187 252 1
187 272 1
187 299 1
187 345 1
187 346 1
187 350 1
187 357 1
187 363 1
187 365 1
187 402 1
187 439 1
187 455 1
187 485 1
187 519 1
187 623 1
187 697 1
187 817 1
187 852 1
187 1336 1
188 31 1
188 40 1
188 41 1
188 42 1
188 84 1
188 101 1
188 103 1
188 156 1
188 181 1
188 191 1
188 201 1
188 245 1
188 252 1
188 312 1
188 326 1
188 331 1
188 336 1
188 358 1
188 412 1
188 466 1
188 594 1
188 641 1
188 682 1
188 695 1
188 721 1
188 736 1
188 751 1
188 785 1
188 788 1
188 799 1
188 819 1
188 820 1
188 851 1
188 852 1
188 951 1
188 981 1
188 1141 1
188 1170 1
188 1371 1
188 1416 1
188 1459 1
188 1471 1
189 128 1
189 220 1
189 239 1
189 284 1
190 38 1
190 401 1
190 1271 1
191 187 1
191 188 1
191 331 1
191 458 1
192 165 1
192 209 1
193 165 1
193 402 1
193 436 1
193 554 1
193 577 1
193 597 1
193 726 1
193 862 1
193 1082 1
193 1193 1
193 1210 1
193 1522 1
194 40 1
194 115 1
194 142 1
194 240 1
194 734 1
194 977 1
195 7 1
195 86 1
195 209 1
195 616 1
195 784 1
195 1262 1
195 1468 1
196 7 1
196 128 1
197 60 1
197 71 1
197 79 1
197 124 1
197 129 1
197 161 1
197 201 1
197 431 1
197 505 1
197 594 1
197 640 1
197 656 1
197 675 1
197 911 1
198 81 1
198 325 1
198 1127 1
198 1173 1
198 1202 1
198 1552 1
199 27 1
199 40 1
199 104 1
200 282 1
200 881 1
200 926 1
201 24 1
201 25 1
201 27 1
201 94 1
201 106 1
201 109 1
201 188 1
201 197 1
201 298 1
201 323 1
201 398 1
201 445 1
202 7 1
202 27 1
202 104 1
202 1228 1
202 1280 1
202 1429 1
202 1473 1
202 1627 1
203 34 1
203 81 1
203 130 1
203 135 1
203 146 1
203 157 1
203 173 1
203 243 1
203 245 1
203 250 1
203 299 1
203 363 1
203 367 1
203 519 1
203 669 1
203 682 1
203 755 1
204 39 1
204 1012 1
204 1030 1
204 1341 1
205 3 1
205 7 1
205 87 1
205 110 1
205 113 1
205 121 1
205 560 1
206 27 1
206 28 1
206 40 1
206 86 1
206 101 1
206 104 1
206 109 1
206 219 1
206 297 1
207 41 1
207 147 1
207 401 1
207 414 1
207 418 1
207 749 1
207 814 1
207 966 1
207 997 1
207 1091 1
207 1194 1
207 1443 1
207 1481 1
208 40 1
208 65 1
208 66 1
208 87 1
208 104 1
208 115 1
208 141 1
208 187 1
208 240 1
209 15 1
209 52 1
209 76 1
209 81 1
209 135 1
209 136 1
209 146 1
209 161 1
209 177 1
209 178 1
209 192 1
209 195 1
209 243 1
209 265 1
209 269 1
209 288 1
209 291 1
209 299 1
209 345 1
209 363 1
209 369 1
209 381 1
209 403 1
209 455 1
209 503 1
209 565 1
209 575 1
209 596 1
209 600 1
209 645 1
209 752 1
209 817 1
209 867 1
209 1630 1
210 7 1
210 13 1
210 95 1
210 121 1
210 241 1
210 267 1
210 302 1
210 630 1
210 824 1
210 833 1
210 865 1
210 1010 1
210 1035 1
210 1167 1
210 1172 1
210 1193 1
210 1440 1
210 1660 1
210 1661 1
211 908 1
212 381 1
213 13 1
213 184 1
213 240 1
213 316 1
213 342 1
213 409 1
213 701 1
213 828 1
213 829 1
213 1394 1
213 1514 1
213 1619 1
214 25 1
214 408 1
215 121 1
216 6 1
216 40 1
216 99 1
216 104 1
216 187 1
216 301 1
217 104 1
217 109 1
217 280 1
217 1359 1
218 581 1
219 15 1
219 81 1
219 135 1
219 136 1
219 146 1
219 178 1
219 180 1
219 206 1
219 231 1
219 242 1
219 243 1
219 291 1
219 294 1
219 321 1
219 322 1
219 363 1
219 371 1
219 377 1
219 380 1
219 384 1
219 389 1
219 396 1
219 402 1
219 407 1
219 426 1
219 455 1
219 519 1
219 544 1
219 565 1
219 596 1
219 605 1
219 663 1
219 695 1
219 747 1
219 817 1
219 874 1
219 905 1
219 960 1
219 1032 1
219 1238 1
220 37 1
220 75 1
220 79 1
220 112 1
220 135 1
220 137 1
220 161 1
220 189 1
220 231 1
220 232 1
220 260 1
220 271 1
220 387 1
220 389 1
220 430 1
220 453 1
220 465 1
220 501 1
220 524 1
220 619 1
220 647 1
220 655 1
220 656 1
220 670 1
220 680 1
220 685 1
220 699 1
220 756 1
220 912 1
220 1023 1
220 1060 1
220 1076 1
220 1116 1
220 1147 1
220 1208 1
220 1230 1
220 1249 1
220 1373 1
220 1386 1
220 1447 1
221 375 1
221 737 1
222 81 1
222 755 1
222 986 1
223 7 1
224 636 1
225 252 1
225 395 1
225 808 1
226 124 1
226 395 1
226 458 1
227 84 1
227 342 1
227 457 1
227 1451 1
228 67 1
229 49 1
229 474 1
229 509 1
229 1326 1
230 99 1
230 104 1
230 109 1
230 187 1
231 6 1
231 27 1
231 28 1
231 40 1
231 65 1
231 66 1
231 86 1
231 99 1
231 104 1
231 109 1
231 113 1
231 140 1
231 149 1
231 219 1
231 220 1
231 240 1
232 7 1
232 220 1
233 350 1
233 398 1
234 164 1
234 245 1
234 253 1
234 422 1
235 185 1
236 44 1
236 54 1
236 139 1
236 149 1
236 183 1
236 394 1
236 516 1
236 611 1
236 791 1
236 919 1
236 922 1
236 955 1
236 1063 1
236 1146 1
236 1263 1
236 1460 1
236 1512 1
236 1605 1
236 1646 1
237 86 1
237 1244 1
237 1441 1
237 1701 1
238 40 1
238 65 1
238 104 1
238 163 1
238 187 1
238 406 1
239 25 1
239 60 1
239 71 1
239 75 1
239 79 1
239 120 1
239 124 1
239 137 1
239 161 1
239 181 1
239 189 1
239 431 1
239 490 1
239 503 1
239 559 1
239 575 1
239 598 1
239 619 1
239 640 1
239 641 1
239 656 1
239 677 1
239 718 1
239 1023 1
239 1156 1
239 1157 1
239 1386 1
239 1658 1
240 15 1
240 28 1
240 75 1
240 81 1
240 89 1
240 136 1
240 146 1
240 178 1
240 194 1
240 208 1
240 213 1
240 231 1
240 272 1
240 321 1
240 346 1
240 444 1
240 485 1
240 507 1
240 623 1
240 852 1
241 10 1
241 120 1
241 210 1
241 325 1
241 575 1
241 770 1
241 1069 1
242 28 1
242 65 1
242 66 1
242 128 1
242 149 1
242 219 1
242 284 1
242 331 1
242 342 1
242 734 1
242 801 1
243 6 1
243 27 1
243 40 1
243 65 1
243 66 1
243 70 1
243 86 1
243 87 1
243 99 1
243 104 1
243 109 1
243 115 1
243 142 1
243 143 1
243 187 1
243 203 1
243 209 1
243 219 1
243 270 1
243 285 1
243 297 1
243 370 1
243 458 1
243 734 1
243 812 1
244 84 1
244 472 1
244 631 1
244 741 1
244 886 1
244 902 1
244 1134 1
244 1183 1
244 1187 1
244 1560 1
244 1617 1
244 1666 1
244 1699 1
245 25 1
245 137 1
245 188 1
245 203 1
245 234 1
245 469 1
245 841 1
245 1333 1
246 34 1
247 34 1
248 459 1
249 7 1
249 298 1
249 495 1
249 604 1
249 1376 1
250 7 1
250 27 1
250 40 1
250 70 1
250 81 1
250 112 1
250 120 1
250 137 1
250 203 1
250 270 1
250 510 1
250 519 1
250 547 1
250 584 1
250 663 1
250 878 1
250 910 1
251 104 1
251 149 1
251 163 1
251 977 1
252 6 1
252 25 1
252 187 1
252 188 1
252 225 1
253 234 1
254 156 1
254 159 1
254 711 1
254 1125 1
255 486 1
255 971 1
255 1191 1
255 1452 1
256 94 1
257 1219 1
258 97 1
258 105 1
258 661 1
258 1075 1
259 77 1
260 220 1
260 297 1
260 584 1
260 766 1
261 99 1
262 350 1
262 669 1
263 945 1
264 32 1
264 138 1
264 413 1
265 40 1
265 86 1
265 104 1
265 124 1
265 209 1
266 24 1
267 210 1
267 318 1
267 481 1
268 124 1
268 129 1
268 317 1
268 700 1
268 796 1
268 801 1
268 938 1
268 1171 1
268 1203 1
268 1328 1
269 27 1
269 28 1
269 127 1
269 209 1
270 135 1
270 157 1
270 243 1
270 250 1
270 363 1
270 464 1
270 609 1
270 799 1
270 817 1
271 7 1
271 94 1
271 113 1
271 124 1
271 220 1
271 612 1
271 881 1
271 1654 1
272 27 1
272 40 1
272 65 1
272 104 1
272 115 1
272 187 1
272 240 1
273 450 1
274 162 1
274 402 1
274 623 1
274 673 1
274 761 1
274 868 1
274 1204 1
275 128 1
275 331 1
276 529 1
277 126 1
277 841 1
277 1623 1
278 6 1
278 39 1
278 54 1
278 120 1
278 149 1
278 280 1
278 1012 1
279 6 1
279 87 1
279 113 1
280 217 1
280 278 1
281 14 1
281 77 1
281 297 1
281 730 1
281 1064 1
281 1211 1
282 28 1
282 40 1
282 200 1
283 68 1
283 120 1
283 175 1
283 803 1
284 9 1
284 30 1
284 137 1
284 181 1
284 189 1
284 242 1
284 297 1
284 387 1
284 466 1
284 469 1
284 594 1
284 596 1
284 597 1
284 640 1
284 644 1
284 655 1
284 867 1
285 243 1
285 346 1
285 363 1
285 381 1
285 565 1
286 762 1
286 1305 1
287 6 1
287 35 1
287 40 1
287 99 1
287 107 1
287 113 1
287 143 1
288 86 1
288 109 1
288 209 1
289 66 1
289 1354 1
290 597 1
291 27 1
291 40 1
291 66 1
291 86 1
291 99 1
291 113 1
291 209 1
291 219 1
292 124 1
292 302 1
293 160 1
293 335 1
293 344 1
293 358 1
293 576 1
293 628 1
293 673 1
293 764 1
293 811 1
293 872 1
293 950 1
293 1098 1
293 1120 1
293 1140 1
293 1186 1
293 1251 1
293 1266 1
293 1332 1
293 1403 1
293 1474 1
293 1482 1
293 1504 1
293 1515 1
293 1637 1
294 27 1
294 40 1
294 65 1
294 86 1
294 99 1
294 104 1
294 109 1
294 115 1
294 219 1
295 704 1
295 974 1
296 10 1
296 22 1
296 34 1
296 78 1
296 113 1
296 121 1
296 317 1
296 353 1
296 358 1
296 486 1
296 560 1
296 742 1
296 926 1
296 1046 1
296 1054 1
296 1389 1
296 1650 1
296 1681 1
296 1685 1
297 30 1
297 107 1
297 121 1
297 134 1
297 206 1
297 243 1
297 260 1
297 281 1
297 284 1
297 434 1
297 719 1
297 886 1
297 973 1
297 1007 1
297 1218 1
297 1239 1
297 1378 1
297 1383 1
297 1433 1
297 1528 1
297 1534 1
297 1535 1
297 1550 1
297 1641 1
297 1665 1
298 69 1
298 113 1
298 140 1
298 147 1
298 149 1
298 201 1
298 249 1
298 414 1
298 442 1
298 716 1
298 840 1
298 1162 1
298 1199 1
298 1286 1
298 1532 1
299 27 1
299 28 1
299 65 1
299 86 1
299 87 1
299 109 1
299 113 1
299 140 1
299 142 1
299 149 1
299 158 1
299 163 1
299 184 1
299 187 1
299 203 1
299 209 1
299 339 1
299 344 1
299 1173 1
300 100 1
300 140 1
300 149 1
301 9 1
301 130 1
301 216 1
301 1176 1
301 1189 1
302 18 1
302 210 1
302 292 1
302 314 1
302 318 1
302 382 1
302 539 1
303 371 1
303 698 1
304 6 1
304 99 1
304 113 1
304 143 1
304 483 1
304 755 1
305 922 1
306 106 1
307 35 1
308 184 1
309 155 1
309 173 1
309 1382 1
310 26 1
310 475 1
310 599 1
310 1040 1
310 1076 1
310 1461 1
311 634 1
312 86 1
312 94 1
312 188 1
313 125 1
313 1003 1
314 7 1
314 302 1
315 1126 1
316 213 1
316 704 1
316 974 1
317 70 1
317 268 1
317 296 1
317 471 1
318 7 1
318 13 1
318 25 1
318 267 1
318 302 1
318 430 1
318 630 1
318 824 1
318 1058 1
318 1104 1
318 1187 1
318 1672 1
318 1682 1
318 1695 1
319 52 1
320 66 1
320 109 1
320 734 1
321 40 1
321 65 1
321 142 1
321 219 1
321 240 1
321 734 1
322 27 1
322 40 1
322 65 1
322 86 1
322 99 1
322 104 1
322 219 1
322 458 1
322 808 1
323 78 1
323 172 1
323 201 1
323 673 1
323 944 1
324 587 1
324 807 1
325 198 1
325 241 1
325 615 1
326 25 1
326 113 1
326 188 1
326 1596 1
327 1156 1
327 1413 1
327 1632 1
328 137 1
328 453 1
328 469 1
329 337 1
329 342 1
329 692 1
329 1240 1
329 1254 1
329 1355 1
329 1611 1
330 350 1
330 471 1
331 30 1
331 79 1
331 81 1
331 91 1
331 188 1
331 191 1
331 242 1
331 275 1
331 357 1
331 453 1
331 647 1
331 683 1
331 1147 1
331 1198 1
331 1235 1
331 1373 1
332 398 1
333 469 1
334 112 1
335 293 1
336 25 1
336 188 1
336 599 1
336 801 1
336 1012 1
337 149 1
337 329 1
338 1061 1
338 1111 1
339 112 1
339 299 1
340 615 1
341 28 1
341 40 1
341 113 1
341 140 1
341 149 1
341 794 1
342 9 1
342 161 1
342 213 1
342 227 1
342 242 1
342 329 1
342 392 1
342 435 1
342 604 1
342 619 1
342 666 1
342 699 1
342 761 1
342 763 1
342 818 1
342 835 1
342 853 1
342 951 1
342 1204 1
342 1374 1
342 1386 1
342 1426 1
342 1588 1
342 1663 1
343 169 1
343 455 1
343 651 1
344 293 1
344 299 1
344 965 1
345 6 1
345 86 1
345 99 1
345 113 1
345 187 1
345 209 1
346 6 1
346 65 1
346 66 1
346 104 1
346 113 1
346 142 1
346 187 1
346 240 1
346 285 1
346 579 1
347 669 1
348 141 1
348 147 1
348 398 1
349 38 1
350 104 1
350 163 1
350 187 1
350 233 1
350 262 1
350 330 1
350 423 1
350 450 1
350 587 1
350 666 1
350 716 1
350 787 1
350 1009 1
350 1494 1
351 726 1
352 4 1
352 5 1
352 449 1
352 487 1
352 610 1
352 687 1
352 794 1
352 1014 1
352 1213 1
352 1268 1
352 1364 1
352 1608 1
352 1671 1
352 1688 1
353 57 1
353 296 1
353 908 1
354 72 1
354 96 1
354 371 1
354 398 1
354 1366 1
354 1400 1
355 976 1
355 1400 1
355 1430 1
355 1609 1
356 469 1
357 187 1
357 331 1
358 34 1
358 52 1
358 188 1
358 293 1
358 296 1
358 496 1
359 35 1
359 167 1
359 487 1
360 27 1
360 40 1
360 70 1
360 86 1
360 115 1
360 854 1
361 6 1
361 27 1
361 28 1
361 835 1
361 1044 1
361 1518 1
362 35 1
362 113 1
362 185 1
362 469 1
362 483 1
363 6 1
363 27 1
363 40 1
363 65 1
363 70 1
363 86 1
363 87 1
363 99 1
363 104 1
363 109 1
363 115 1
363 142 1
363 143 1
363 163 1
363 187 1
363 203 1
363 209 1
363 219 1
363 270 1
363 285 1
363 370 1
363 633 1
363 734 1
363 812 1
364 35 1
365 27 1
365 28 1
365 40 1
365 109 1
365 142 1
365 187 1
365 1246 1
366 7 1
366 35 1
366 113 1
366 116 1
366 185 1
367 7 1
367 25 1
367 28 1
367 94 1
367 104 1
367 109 1
367 113 1
367 119 1
367 128 1
367 140 1
367 149 1
367 163 1
367 183 1
367 203 1
367 381 1
367 458 1
368 398 1
368 425 1
368 489 1
369 7 1
369 35 1
369 59 1
369 209 1
370 135 1
370 136 1
370 146 1
370 157 1
370 243 1
370 363 1
370 519 1
370 644 1
370 755 1
370 817 1
370 929 1
371 40 1
371 87 1
371 104 1
371 109 1
371 219 1
371 303 1
371 354 1
371 580 1
371 890 1
371 894 1
371 939 1
371 1044 1
371 1137 1
371 1269 1
371 1578 1
371 1638 1
372 734 1
373 108 1
373 1038 1
374 398 1
375 27 1
375 40 1
375 99 1
375 151 1
375 221 1
375 529 1
376 434 1
377 40 1
377 48 1
377 65 1
377 87 1
377 115 1
377 219 1
378 460 1
379 599 1
380 78 1
380 158 1
380 219 1
380 701 1
381 2 1
381 6 1
381 12 1
381 40 1
381 87 1
381 92 1
381 109 1
381 209 1
381 212 1
381 285 1
381 367 1
381 553 1
381 707 1
381 871 1
381 1007 1
381 1122 1
381 1177 1
381 1264 1
381 1343 1
381 1370 1
381 1398 1
382 34 1
382 169 1
382 302 1
382 1395 1
383 428 1
383 694 1
384 6 1
384 99 1
384 109 1
384 143 1
384 151 1
384 219 1
385 398 1
386 39 1
386 1012 1
386 1030 1
387 40 1
387 86 1
387 87 1
387 109 1
387 113 1
387 149 1
387 220 1
387 284 1
387 483 1
388 68 1
388 389 1
388 807 1
389 6 1
389 7 1
389 35 1
389 99 1
389 140 1
389 149 1
389 219 1
389 220 1
389 388 1
389 627 1
389 1092 1
389 1222 1
389 1553 1
390 820 1
391 41 1
391 69 1
391 149 1
391 438 1
391 588 1
391 667 1
391 719 1
391 803 1
391 879 1
391 984 1
391 1217 1
391 1497 1
392 4 1
392 66 1
392 86 1
392 104 1
392 109 1
392 342 1
393 687 1
393 942 1
393 1270 1
393 1273 1
393 1465 1
394 183 1
394 236 1
394 481 1
394 841 1
394 1135 1
395 8 1
395 39 1
395 225 1
395 226 1
395 467 1
395 590 1
395 914 1
395 954 1
395 993 1
395 1002 1
395 1077 1
395 1087 1
395 1344 1
395 1345 1
395 1380 1
395 1584 1
395 1590 1
396 40 1
396 104 1
396 219 1
397 20 1
397 444 1
397 451 1
397 615 1
397 1012 1
397 1042 1
398 18 1
398 27 1
398 30 1
398 86 1
398 99 1
398 201 1
398 233 1
398 332 1
398 348 1
398 354 1
398 368 1
398 374 1
398 385 1
398 529 1
398 582 1
398 724 1
398 772 1
398 838 1
398 1164 1
398 1269 1
398 1613 1
398 1686 1
399 26 1
399 1108 1
399 1307 1
400 27 1
400 483 1
401 60 1
401 114 1
401 120 1
401 190 1
401 207 1
401 560 1
401 818 1
401 1131 1
401 1330 1
401 1346 1
401 1593 1
402 65 1
402 86 1
402 87 1
402 104 1
402 109 1
402 115 1
402 187 1
402 193 1
402 219 1
402 274 1
403 86 1
403 87 1
403 104 1
403 109 1
403 209 1
404 458 1
404 598 1
405 40 1
405 767 1
405 884 1
406 80 1
406 238 1
406 590 1
406 712 1
406 755 1
406 949 1
407 109 1
407 113 1
407 140 1
407 149 1
407 219 1
408 214 1
408 875 1
409 213 1
409 470 1
410 128 1
410 1047 1
410 1305 1
411 515 1
411 592 1
412 25 1
412 67 1
412 128 1
412 188 1
413 62 1
413 264 1
413 1200 1
413 1363 1
413 1425 1
413 1488 1
414 9 1
414 112 1
414 207 1
414 298 1
414 500 1
414 674 1
414 903 1
414 1428 1
414 1472 1
415 28 1
415 644 1
415 1379 1
416 40 1
417 25 1
417 1321 1
418 174 1
418 207 1
419 99 1
419 120 1
419 968 1
420 52 1
420 86 1
421 87 1
421 113 1
421 117 1
421 512 1
421 758 1
422 130 1
422 234 1
422 808 1
423 350 1
423 1239 1
424 120 1
424 1633 1
425 40 1
425 99 1
425 140 1
425 151 1
425 368 1
425 580 1
426 27 1
426 40 1
426 86 1
426 219 1
426 1253 1
427 70 1
427 1036 1
428 184 1
428 383 1
428 455 1
428 1079 1
429 40 1
429 109 1
429 115 1
430 220 1
430 318 1
431 25 1
431 94 1
431 99 1
431 113 1
431 124 1
431 140 1
431 149 1
431 197 1
431 239 1
431 812 1
432 145 1
433 841 1
434 109 1
434 297 1
434 376 1
434 1369 1
435 342 1
436 3 1
436 193 1
436 445 1
436 587 1
437 660 1
438 391 1
438 458 1
438 541 1
438 812 1
439 99 1
439 187 1
439 795 1
440 149 1
440 469 1
441 113 1
441 128 1
441 186 1
441 556 1
441 563 1
441 1052 1
441 1103 1
441 1531 1
442 125 1
442 126 1
442 298 1
442 456 1
442 701 1
442 1225 1
443 4 1
443 26 1
443 54 1
443 597 1
443 1241 1
443 1478 1
444 20 1
444 109 1
444 142 1
444 240 1
444 397 1
444 773 1
444 1074 1
445 79 1
445 201 1
445 436 1
445 597 1
445 715 1
445 1261 1
445 1457 1
446 78 1
447 107 1
448 24 1
449 6 1
449 81 1
449 99 1
449 104 1
449 115 1
449 143 1
449 352 1
449 1528 1
450 273 1
450 350 1
450 579 1
450 1340 1
451 7 1
451 397 1
451 609 1
451 1530 1
451 1651 1
452 7 1
452 27 1
452 40 1
452 65 1
452 109 1
452 113 1
452 115 1
452 140 1
452 999 1
453 128 1
453 220 1
453 328 1
453 331 1
454 570 1
454 836 1
454 1227 1
455 65 1
455 77 1
455 104 1
455 142 1
455 187 1
455 209 1
455 219 1
455 343 1
455 428 1
455 694 1
455 730 1
455 1542 1
456 66 1
456 442 1
456 881 1
456 938 1
457 11 1
457 227 1
457 573 1
458 4 1
458 22 1
458 76 1
458 135 1
458 149 1
458 157 1
458 179 1
458 181 1
458 191 1
458 226 1
458 243 1
458 322 1
458 367 1
458 404 1
458 438 1
458 542 1
458 740 1
458 1080 1
458 1392 1
458 1509 1
459 1 1
459 121 1
459 248 1
459 560 1
459 607 1
459 758 1
459 1124 1
459 1133 1
459 1154 1
459 1273 1
459 1456 1
460 378 1
460 573 1
460 1248 1
460 1408 1
461 471 1
461 743 1
461 765 1
462 34 1
463 830 1
463 968 1
463 1165 1
463 1442 1
463 1631 1
464 6 1
464 87 1
464 142 1
464 270 1
465 220 1
465 527 1
465 1276 1
466 25 1
466 188 1
466 284 1
467 395 1
468 35 1
468 664 1
469 40 1
469 76 1
469 113 1
469 121 1
469 245 1
469 284 1
469 328 1
469 333 1
469 356 1
469 362 1
469 440 1
469 499 1
469 610 1
469 613 1
469 673 1
469 760 1
469 793 1
469 873 1
469 977 1
469 1086 1
469 1236 1
469 1399 1
469 1521 1
469 1549 1
469 1662 1
470 7 1
470 40 1
470 409 1
470 1422 1
471 7 1
471 27 1
471 28 1
471 65 1
471 78 1
471 113 1
471 130 1
471 140 1
471 149 1
471 172 1
471 317 1
471 330 1
471 461 1
471 662 1
471 802 1
471 843 1
471 969 1
471 1294 1
471 1313 1
471 1520 1
471 1527 1
471 1698 1
472 244 1
473 1237 1
474 229 1
474 961 1
475 310 1
476 119 1
477 1500 1
478 28 1
478 87 1
479 106 1
479 553 1
480 982 1
481 267 1
481 394 1
482 115 1
482 1057 1
483 79 1
483 137 1
483 304 1
483 362 1
483 387 1
483 400 1
483 532 1
483 565 1
483 644 1
483 655 1
483 675 1
483 699 1
483 706 1
483 759 1
483 874 1
483 905 1
484 1490 1
485 6 1
485 27 1
485 40 1
485 81 1
485 99 1
485 104 1
485 143 1
485 187 1
485 240 1
485 734 1
486 120 1
486 255 1
486 296 1
486 898 1
486 1123 1
487 119 1
487 184 1
487 352 1
487 359 1
487 617 1
487 837 1
487 1317 1
487 1697 1
488 120 1
489 43 1
489 58 1
489 113 1
489 368 1
489 513 1
489 527 1
489 574 1
489 779 1
489 810 1
489 947 1
489 994 1
489 1122 1
489 1358 1
489 1404 1
489 1448 1
489 1454 1
490 52 1
490 109 1
490 239 1
491 104 1
491 560 1
492 11 1
492 55 1
492 159 1
492 553 1
492 660 1
492 1322 1
493 134 1
493 589 1
494 124 1
494 597 1
495 249 1
496 149 1
496 358 1
496 1192 1
496 1577 1
497 66 1
498 40 1
498 642 1
498 712 1
498 881 1
499 469 1
499 1039 1
500 414 1
500 1007 1
500 1568 1
501 94 1
501 220 1
501 726 1
502 128 1
502 522 1
503 104 1
503 109 1
503 112 1
503 120 1
503 142 1
503 209 1
503 239 1
504 1295 1
505 197 1
505 1118 1
506 88 1
506 766 1
507 28 1
507 104 1
507 109 1
507 240 1
507 832 1
508 674 1
509 229 1
509 576 1
509 776 1
510 250 1
511 972 1
511 1110 1
512 26 1
512 421 1
513 489 1
514 5 1
515 411 1
515 887 1
515 1044 1
515 1045 1
515 1418 1
515 1431 1
515 1587 1
516 39 1
516 54 1
516 236 1
517 86 1
517 121 1
518 1021 1
519 6 1
519 27 1
519 28 1
519 40 1
519 86 1
519 87 1
519 104 1
519 113 1
519 175 1
519 187 1
519 203 1
519 219 1
519 250 1
519 370 1
519 794 1
519 807 1
520 169 1
520 705 1
521 34 1
521 113 1
522 502 1
522 1616 1
523 6 1
523 40 1
523 99 1
523 104 1
524 7 1
524 35 1
524 113 1
524 140 1
524 220 1
524 579 1
524 1092 1
525 39 1
525 597 1
525 1012 1
526 184 1
526 990 1
527 465 1
527 489 1
528 135 1
528 146 1
528 975 1
529 72 1
529 96 1
529 276 1
529 375 1
529 398 1
529 1038 1
530 66 1
530 808 1
531 959 1
532 7 1
532 87 1
532 110 1
532 121 1
532 483 1
532 560 1
532 805 1
532 840 1
532 943 1
533 40 1
533 50 1
533 946 1
534 175 1
535 1221 1
536 1519 1
537 1567 1
538 70 1
539 121 1
539 302 1
539 560 1
539 805 1
539 832 1
540 70 1
540 1223 1
541 149 1
541 438 1
541 664 1
542 27 1
542 128 1
542 458 1
542 986 1
543 589 1
543 745 1
544 219 1
544 794 1
545 599 1
546 27 1
546 142 1
546 184 1
547 250 1
548 27 1
548 40 1
548 87 1
549 7 1
549 118 1
549 1234 1
550 65 1
550 104 1
550 115 1
550 163 1
550 841 1
551 775 1
552 52 1
553 37 1
553 133 1
553 381 1
553 479 1
553 492 1
554 112 1
554 120 1
554 193 1
555 25 1
555 141 1
555 930 1
556 441 1
557 104 1
557 168 1
558 182 1
558 648 1
559 7 1
559 40 1
559 113 1
559 140 1
559 239 1
560 16 1
560 18 1
560 120 1
560 148 1
560 205 1
560 296 1
560 401 1
560 459 1
560 491 1
560 532 1
560 539 1
560 562 1
560 598 1
560 696 1
560 722 1
561 7 1
561 757 1
561 1234 1
562 121 1
562 560 1
563 441 1
563 573 1
564 898 1
565 6 1
565 40 1
565 70 1
565 86 1
565 87 1
565 109 1
565 209 1
565 219 1
565 285 1
565 483 1
566 599 1
567 165 1
568 6 1
568 27 1
568 40 1
568 99 1
569 149 1
570 57 1
570 454 1
570 753 1
570 1103 1
570 1107 1
571 26 1
571 956 1
572 7 1
572 27 1
572 28 1
572 948 1
573 457 1
573 460 1
573 563 1
573 615 1
573 1017 1
573 1020 1
573 1196 1
574 489 1
574 1002 1
575 209 1
575 239 1
575 241 1
576 113 1
576 293 1
576 509 1
576 1114 1
577 40 1
577 193 1
578 1236 1
579 81 1
579 346 1
579 450 1
579 524 1
579 980 1
580 371 1
580 425 1
581 218 1
581 791 1
581 1212 1
581 1243 1
581 1310 1
582 398 1
582 632 1
583 94 1
583 604 1
584 35 1
584 99 1
584 113 1
584 250 1
584 260 1
584 977 1
585 27 1
586 70 1
586 783 1
587 141 1
587 324 1
587 350 1
587 436 1
587 1301 1
588 391 1
589 493 1
589 543 1
589 1094 1
590 395 1
590 406 1
591 1227 1
592 10 1
592 14 1
592 411 1
592 1201 1
593 1406 1
594 25 1
594 35 1
594 188 1
594 197 1
594 284 1
595 34 1
596 86 1
596 109 1
596 140 1
596 149 1
596 209 1
596 219 1
596 284 1
597 74 1
597 114 1
597 193 1
597 284 1
597 290 1
597 443 1
597 445 1
597 494 1
597 525 1
597 716 1
597 1139 1
597 1207 1
597 1693 1
598 28 1
598 110 1
598 113 1
598 121 1
598 239 1
598 404 1
598 560 1
598 739 1
598 1683 1
599 3 1
599 19 1
599 310 1
599 336 1
599 379 1
599 545 1
599 566 1
599 602 1
599 603 1
599 942 1
599 980 1
599 1220 1
599 1294 1
599 1335 1
599 1513 1
599 1643 1
600 40 1
600 86 1
600 124 1
600 209 1
600 1027 1
601 7 1
601 23 1
601 1621 1
602 599 1
603 599 1
604 87 1
604 249 1
604 342 1
604 583 1
604 615 1
604 922 1
605 6 1
605 28 1
605 40 1
605 65 1
605 86 1
605 99 1
605 109 1
605 140 1
605 149 1
605 219 1
605 1624 1
606 166 1
607 459 1
608 175 1
609 6 1
609 163 1
609 175 1
609 270 1
609 451 1
609 1233 1
610 6 1
610 99 1
610 104 1
610 115 1
610 352 1
610 469 1
610 614 1
611 171 1
611 236 1
612 46 1
612 271 1
612 874 1
612 1393 1
613 469 1
614 610 1
614 840 1
615 182 1
615 325 1
615 340 1
615 397 1
615 573 1
615 604 1
615 1351 1
615 1385 1
616 195 1
616 789 1
616 859 1
617 487 1
618 39 1
619 35 1
619 65 1
619 124 1
619 128 1
619 140 1
619 220 1
619 239 1
619 342 1
619 1669 1
620 130 1
621 27 1
621 40 1
621 87 1
621 99 1
621 1206 1
621 1372 1
622 957 1
622 1153 1
622 1311 1
622 1329 1
623 40 1
623 104 1
623 187 1
623 240 1
623 274 1
624 7 1
625 701 1
626 121 1
626 847 1
626 1168 1
627 389 1
628 149 1
628 293 1
628 1347 1
629 27 1
629 1228 1
630 54 1
630 210 1
630 318 1
630 1012 1
631 27 1
631 104 1
631 244 1
632 39 1
632 120 1
632 582 1
633 51 1
633 363 1
634 311 1
634 850 1
634 971 1
634 1081 1
634 1275 1
634 1334 1
634 1565 1
635 757 1
635 1622 1
636 224 1
636 779 1
637 717 1
638 6 1
638 113 1
639 869 1
640 7 1
640 25 1
640 94 1
640 109 1
640 113 1
640 197 1
640 239 1
640 284 1
641 109 1
641 188 1
641 239 1
642 109 1
642 151 1
642 498 1
642 726 1
643 68 1
643 1018 1
644 27 1
644 28 1
644 40 1
644 66 1
644 113 1
644 284 1
644 370 1
644 415 1
644 483 1
644 1043 1
645 149 1
645 209 1
646 141 1
646 897 1
647 104 1
647 109 1
647 140 1
647 149 1
647 220 1
647 331 1
648 558 1
649 66 1
650 922 1
650 1062 1
650 1065 1
651 55 1
651 124 1
651 343 1
652 956 1
653 151 1
653 871 1
654 1162 1
655 220 1
655 284 1
655 483 1
656 109 1
656 175 1
656 197 1
656 220 1
656 239 1
656 1384 1
657 941 1
658 872 1
659 1350 1
660 149 1
660 437 1
660 492 1
661 258 1
661 1027 1
662 471 1
663 113 1
663 219 1
663 250 1
664 35 1
664 109 1
664 121 1
664 468 1
664 541 1
665 151 1
666 40 1
666 65 1
666 342 1
666 350 1
667 391 1
668 104 1
668 124 1
669 9 1
669 203 1
669 262 1
669 347 1
670 220 1
671 73 1
672 24 1
673 128 1
673 274 1
673 293 1
673 323 1
673 469 1
673 754 1
674 414 1
674 508 1
674 708 1
674 909 1
675 7 1
675 94 1
675 142 1
675 163 1
675 197 1
675 483 1
676 25 1
676 113 1
677 239 1
677 825 1
678 83 1
679 37 1
680 220 1
681 177 1
682 188 1
682 203 1
683 7 1
683 331 1
683 751 1
684 66 1
684 94 1
685 17 1
685 220 1
686 13 1
687 65 1
687 352 1
687 393 1
688 694 1
688 1294 1
688 1496 1
688 1594 1
689 86 1
690 18 1
690 25 1
690 128 1
690 140 1
690 1700 1
691 990 1
691 1003 1
692 329 1
693 6 1
693 140 1
693 1260 1
694 39 1
694 383 1
694 455 1
694 688 1
694 1692 1
695 25 1
695 87 1
695 188 1
695 219 1
696 15 1
696 40 1
696 70 1
696 121 1
696 560 1
696 1644 1
697 27 1
697 99 1
697 140 1
697 187 1
698 303 1
699 220 1
699 342 1
699 483 1
700 14 1
700 268 1
701 213 1
701 380 1
701 442 1
701 625 1
701 722 1
701 1078 1
701 1487 1
701 1639 1
702 40 1
703 1200 1
704 35 1
704 295 1
704 316 1
704 705 1
704 1241 1
705 520 1
705 704 1
705 922 1
705 974 1
706 113 1
706 150 1
706 483 1
707 40 1
707 115 1
707 144 1
707 381 1
708 674 1
709 155 1
709 162 1
709 1306 1
710 34 1
711 254 1
712 121 1
712 406 1
712 498 1
713 183 1
714 39 1
714 54 1
714 1012 1
715 445 1
715 794 1
716 298 1
716 350 1
716 597 1
717 26 1
717 637 1
718 239 1
718 825 1
719 297 1
719 391 1
720 49 1
721 25 1
721 188 1
721 1227 1
722 560 1
722 701 1
723 94 1
724 398 1
725 1169 1
725 1279 1
726 37 1
726 152 1
726 184 1
726 193 1
726 351 1
726 501 1
726 642 1
726 781 1
726 978 1
726 1445 1
726 1462 1
727 7 1
727 113 1
727 1231 1
728 86 1
729 37 1
730 281 1
730 455 1
730 880 1
730 1155 1
731 922 1
731 1412 1
732 32 1
733 175 1
734 9 1
734 46 1
734 74 1
734 81 1
734 96 1
734 130 1
734 135 1
734 157 1
734 178 1
734 194 1
734 242 1
734 243 1
734 320 1
734 321 1
734 363 1
734 372 1
734 485 1
734 737 1
734 756 1
734 799 1
734 900 1
734 996 1
734 1045 1
734 1115 1
734 1576 1
735 52 1
736 87 1
736 188 1
737 40 1
737 221 1
737 734 1
737 1051 1
738 109 1
738 118 1
739 120 1
739 598 1
740 140 1
740 149 1
740 458 1
740 808 1
741 244 1
741 1075 1
742 40 1
742 65 1
742 115 1
742 296 1
742 1543 1
743 461 1
744 42 1
744 120 1
745 100 1
745 107 1
745 134 1
745 543 1
746 86 1
747 27 1
747 40 1
747 86 1
747 87 1
747 104 1
747 219 1
748 846 1
749 174 1
749 207 1
750 6 1
750 40 1
750 99 1
750 104 1
751 25 1
751 188 1
751 683 1
752 27 1
752 28 1
752 127 1
752 209 1
752 1349 1
753 4 1
753 570 1
754 673 1
755 6 1
755 7 1
755 78 1
755 104 1
755 142 1
755 163 1
755 203 1
755 222 1
755 304 1
755 370 1
755 406 1
755 977 1
755 1652 1
756 7 1
756 220 1
756 734 1
757 108 1
757 561 1
757 635 1
757 990 1
757 1003 1
757 1038 1
757 1272 1
758 120 1
758 134 1
758 421 1
758 459 1
759 483 1
760 469 1
761 274 1
761 342 1
762 175 1
762 286 1
763 3 1
763 25 1
763 86 1
763 342 1
764 293 1
765 461 1
766 107 1
766 260 1
766 506 1
766 856 1
767 405 1
767 806 1
767 823 1
768 1064 1
769 115 1
770 241 1
771 144 1
772 398 1
772 1100 1
773 39 1
773 444 1
774 18 1
775 551 1
775 1679 1
776 109 1
776 509 1
777 854 1
778 4 1
779 489 1
779 636 1
780 1167 1
781 29 1
781 149 1
781 726 1
782 892 1
783 35 1
783 586 1
783 1173 1
783 1470 1
783 1597 1
783 1645 1
784 151 1
784 195 1
784 940 1
785 140 1
785 188 1
786 175 1
786 1636 1
787 70 1
787 350 1
787 1315 1
787 1339 1
788 188 1
789 616 1
789 1022 1
790 1178 1
791 52 1
791 236 1
791 581 1
792 40 1
793 469 1
793 1554 1
794 66 1
794 341 1
794 352 1
794 519 1
794 544 1
794 715 1
794 847 1
794 1337 1
795 439 1
796 66 1
796 268 1
797 37 1
797 1014 1
798 1285 1
799 25 1
799 109 1
799 188 1
799 270 1
799 734 1
800 7 1
800 86 1
801 40 1
801 87 1
801 115 1
801 177 1
801 242 1
801 268 1
801 336 1
801 893 1
801 1178 1
801 1450 1
801 1458 1
801 1507 1
802 471 1
803 13 1
803 283 1
803 391 1
803 1694 1
804 38 1
804 1324 1
805 532 1
805 539 1
806 120 1
806 767 1
806 1267 1
806 1319 1
807 324 1
807 388 1
807 519 1
807 1252 1
808 52 1
808 123 1
808 225 1
808 322 1
808 422 1
808 530 1
808 740 1
808 1344 1
809 1048 1
810 489 1
811 293 1
812 149 1
812 243 1
812 363 1
812 431 1
812 438 1
813 968 1
814 207 1
814 841 1
815 149 1
815 922 1
816 70 1
816 113 1
817 6 1
817 7 1
817 27 1
817 65 1
817 86 1
817 99 1
817 104 1
817 109 1
817 115 1
817 142 1
817 143 1
817 163 1
817 187 1
817 209 1
817 219 1
817 270 1
817 370 1
818 342 1
818 401 1
819 25 1
819 188 1
819 1043 1
820 25 1
820 188 1
820 390 1
821 37 1
822 112 1
823 40 1
823 103 1
823 767 1
824 210 1
824 318 1
825 677 1
825 718 1
826 94 1
827 150 1
827 1327 1
828 213 1
829 213 1
829 872 1
829 1503 1
830 101 1
830 463 1
830 1005 1
831 70 1
831 81 1
832 507 1
832 539 1
832 899 1
833 36 1
833 210 1
834 27 1
835 342 1
835 361 1
835 951 1
836 454 1
837 487 1
838 24 1
838 398 1
839 1417 1
840 298 1
840 532 1
840 614 1
841 245 1
841 277 1
841 394 1
841 433 1
841 550 1
841 814 1
841 920 1
841 1099 1
842 6 1
843 471 1
844 149 1
845 141 1
845 145 1
845 1029 1
846 748 1
846 1024 1
846 1412 1
847 113 1
847 626 1
847 794 1
847 1334 1
848 14 1
849 1573 1
850 7 1
850 42 1
850 147 1
850 175 1
850 634 1
851 188 1
852 7 1
852 25 1
852 27 1
852 40 1
852 113 1
852 115 1
852 187 1
852 188 1
852 240 1
853 342 1
854 360 1
854 777 1
855 118 1
855 120 1
855 1480 1
856 169 1
856 175 1
856 766 1
856 1000 1
857 86 1
857 109 1
858 1025 1
859 616 1
859 1229 1
860 1352 1
861 1308 1
862 50 1
862 193 1
862 1118 1
862 1119 1
862 1640 1
863 175 1
864 1083 1
864 1118 1
865 210 1
866 39 1
867 6 1
867 7 1
867 86 1
867 87 1
867 113 1
867 209 1
867 284 1
868 66 1
868 274 1
869 130 1
869 639 1
870 1405 1
871 381 1
871 653 1
871 1097 1
872 293 1
872 658 1
872 829 1
873 162 1
873 469 1
874 86 1
874 219 1
874 483 1
874 612 1
875 408 1
876 13 1
877 155 1
878 78 1
878 111 1
878 117 1
878 250 1
879 391 1
880 100 1
880 730 1
881 2 1
881 200 1
881 271 1
881 456 1
881 498 1
881 930 1
881 1159 1
881 1245 1
881 1332 1
882 25 1
882 40 1
883 1540 1
884 405 1
885 1210 1
886 244 1
886 297 1
887 515 1
888 125 1
889 113 1
890 371 1
891 104 1
892 11 1
892 782 1
893 119 1
893 801 1
894 371 1
894 1296 1
895 40 1
895 104 1
895 1137 1
896 1493 1
897 646 1
898 486 1
898 564 1
899 832 1
900 66 1
900 734 1
901 7 1
902 46 1
902 66 1
902 140 1
902 244 1
903 109 1
903 124 1
903 126 1
903 129 1
903 414 1
904 94 1
904 124 1
905 7 1
905 219 1
905 483 1
906 169 1
907 81 1
908 141 1
908 211 1
908 353 1
909 674 1
910 250 1
911 27 1
911 197 1
912 220 1
913 26 1
914 6 1
914 395 1
915 14 1
916 137 1
917 7 1
918 140 1
918 175 1
919 236 1
920 124 1
920 841 1
921 162 1
922 236 1
922 305 1
922 604 1
922 650 1
922 705 1
922 731 1
922 815 1
922 956 1
922 1339 1
923 26 1
924 12 1
925 40 1
925 115 1
925 1179 1
926 200 1
926 296 1
927 169 1
928 130 1
928 1508 1
929 370 1
930 40 1
930 555 1
930 881 1
931 40 1
931 113 1
932 109 1
932 1122 1
933 54 1
933 1012 1
934 165 1
934 1062 1
935 1278 1
936 86 1
936 124 1
937 34 1
938 36 1
938 268 1
938 456 1
939 99 1
939 122 1
939 371 1
940 124 1
940 784 1
941 657 1
942 393 1
942 599 1
943 532 1
944 323 1
945 263 1
946 3 1
946 533 1
947 489 1
948 149 1
948 153 1
948 572 1
948 1209 1
949 40 1
949 104 1
949 406 1
950 293 1
951 188 1
951 342 1
951 835 1
951 1204 1
952 147 1
953 133 1
954 395 1
955 236 1
956 571 1
956 652 1
956 922 1
957 622 1
958 7 1
958 104 1
958 109 1
958 115 1
959 70 1
959 531 1
960 70 1
960 219 1
961 474 1
962 162 1
963 66 1
964 175 1
964 1229 1
965 344 1
966 207 1
967 52 1
968 419 1
968 463 1
968 813 1
968 1582 1
969 471 1
970 66 1
971 175 1
971 255 1
971 634 1
972 511 1
973 297 1
974 35 1
974 295 1
974 316 1
974 705 1
975 528 1
975 1113 1
976 184 1
976 355 1
977 20 1
977 81 1
977 120 1
977 194 1
977 251 1
977 469 1
977 584 1
977 755 1
977 1003 1
978 81 1
978 726 1
979 18 1
979 1186 1
979 1406 1
980 6 1
980 35 1
980 99 1
980 113 1
980 579 1
980 599 1
981 188 1
982 86 1
982 109 1
982 480 1
982 1099 1
982 1539 1
983 143 1
984 391 1
985 86 1
985 140 1
985 149 1
985 175 1
986 222 1
986 542 1
987 1026 1
988 86 1
989 1013 1
990 526 1
990 691 1
990 757 1
991 107 1
992 27 1
992 40 1
993 395 1
994 80 1
994 489 1
995 65 1
995 104 1
995 115 1
996 734 1
997 207 1
998 1267 1
999 6 1
999 452 1
1000 856 1
1001 130 1
1002 395 1
1002 574 1
1003 313 1
1003 691 1
1003 757 1
1003 977 1
1003 1050 1
1003 1104 1
1003 1145 1
1004 1383 1
1005 830 1
1006 24 1
1006 45 1
1006 77 1
1007 297 1
1007 381 1
1007 500 1
1008 98 1
1009 141 1
1009 350 1
1010 210 1
1011 51 1
1011 1338 1
1012 173 1
1012 204 1
1012 278 1
1012 336 1
1012 386 1
1012 397 1
1012 525 1
1012 630 1
1012 714 1
1012 933 1
1012 1130 1
1013 989 1
1014 352 1
1014 797 1
1015 55 1
1016 104 1
1017 573 1
1018 643 1
1018 1302 1
1018 1415 1
1019 7 1
1019 124 1
1019 163 1
1020 573 1
1021 518 1
1022 789 1
1023 220 1
1023 239 1
1024 846 1
1025 858 1
1026 66 1
1026 109 1
1026 987 1
1027 97 1
1027 600 1
1027 661 1
1028 125 1
1029 845 1
1030 204 1
1030 386 1
1031 27 1
1031 66 1
1032 27 1
1032 219 1
1033 52 1
1034 37 1
1035 210 1
1036 427 1
1037 65 1
1037 74 1
1037 109 1
1038 27 1
1038 104 1
1038 373 1
1038 529 1
1038 757 1
1038 1444 1
1039 499 1
1039 1094 1
1040 310 1
1041 1178 1
1042 397 1
1043 644 1
1043 819 1
1044 361 1
1044 371 1
1044 515 1
1045 109 1
1045 515 1
1045 734 1
1046 94 1
1046 296 1
1047 151 1
1047 175 1
1047 410 1
1048 809 1
1049 14 1
1050 1003 1
1051 26 1
1051 184 1
1051 737 1
1051 1189 1
1051 1419 1
1052 441 1
1053 1210 1
1054 296 1
1055 1362 1
1056 1189 1
1057 482 1
1058 318 1
1059 109 1
1060 220 1
1061 338 1
1062 3 1
1062 69 1
1062 159 1
1062 650 1
1062 934 1
1062 1125 1
1062 1495 1
1063 236 1
1064 281 1
1064 768 1
1064 1155 1
1065 650 1
1066 124 1
1067 1523 1
1067 1545 1
1068 169 1
1068 1406 1
1069 241 1
1070 7 1
1071 1268 1
1072 37 1
1073 124 1
1074 109 1
1074 444 1
1075 130 1
1075 258 1
1075 741 1
1076 220 1
1076 310 1
1077 395 1
1078 126 1
1078 165 1
1078 701 1
1079 428 1
1080 7 1
1080 81 1
1080 458 1
1081 634 1
1082 193 1
1082 1527 1
1083 11 1
1083 16 1
1083 864 1
1083 1468 1
1084 35 1
1084 1555 1
1085 1490 1
1086 469 1
1087 395 1
1088 109 1
1089 1589 1
1090 40 1
1090 109 1
1090 140 1
1090 149 1
1091 207 1
1092 389 1
1092 524 1
1093 78 1
1094 589 1
1094 1039 1
1095 1181 1
1096 11 1
1097 871 1
1098 293 1
1099 841 1
1099 982 1
1100 772 1
1100 1145 1
1100 1305 1
1101 18 1
1102 1237 1
1103 441 1
1103 570 1
1104 318 1
1104 1003 1
1104 1272 1
1105 66 1
1106 177 1
1107 15 1
1107 146 1
1107 570 1
1108 399 1
1109 107 1
1110 147 1
1110 511 1
1111 338 1
1112 1338 1
1113 975 1
1114 576 1
1115 734 1
1116 220 1
1117 6 1
1117 1148 1
1118 505 1
1118 862 1
1118 864 1
1119 862 1
1119 1136 1
1120 293 1
1121 81 1
1121 147 1
1122 133 1
1122 381 1
1122 489 1
1122 932 1
1122 1209 1
1122 1220 1
1122 1574 1
1123 486 1
1123 1486 1
1123 1572 1
1124 52 1
1124 459 1
1125 254 1
1125 1062 1
1126 315 1
1127 198 1
1128 27 1
1128 104 1
1129 27 1
1130 1012 1
1131 401 1
1132 11 1
1132 24 1
1133 459 1
1134 52 1
1134 244 1
1135 394 1
1136 1119 1
1136 1548 1
1137 94 1
1137 109 1
1137 371 1
1137 895 1
1138 7 1
1139 597 1
1140 169 1
1140 293 1
1141 10 1
1141 188 1
1141 1368 1
1142 37 1
1142 126 1
1143 108 1
1144 1300 1
1145 1003 1
1145 1100 1
1146 236 1
1147 220 1
1147 331 1
1148 1117 1
1149 53 1
1150 175 1
1151 1407 1
1152 1450 1
1153 622 1
1154 459 1
1155 730 1
1155 1064 1
1156 239 1
1156 327 1
1157 139 1
1157 239 1
1158 113 1
1158 150 1
1159 881 1
1160 86 1
1160 113 1
1161 1215 1
1162 298 1
1162 654 1
1163 1287 1
1164 398 1
1165 463 1
1166 141 1
1167 30 1
1167 210 1
1167 780 1
1168 626 1
1168 1449 1
1168 1579 1
1169 725 1
1170 25 1
1170 188 1
1171 268 1
1172 210 1
1173 70 1
1173 198 1
1173 299 1
1173 783 1
1174 28 1
1174 86 1
1175 1190 1
1176 66 1
1176 301 1
1176 1190 1
1177 381 1
1178 790 1
1178 801 1
1178 1041 1
1179 925 1
1180 7 1
1181 77 1
1181 1095 1
1182 52 1
1183 244 1
1183 1388 1
1184 70 1
1185 7 1
1185 94 1
1186 293 1
1186 979 1
1187 244 1
1187 318 1
1188 40 1
1188 85 1
1188 87 1
1188 110 1
1189 301 1
1189 1051 1
1189 1056 1
1190 1175 1
1190 1176 1
1191 255 1
1192 496 1
1193 193 1
1193 210 1
1194 174 1
1194 207 1
1195 6 1
1195 87 1
1195 104 1
1195 163 1
1196 573 1
1197 87 1
1197 119 1
1198 128 1
1198 331 1
1199 298 1
1200 413 1
1200 703 1
1200 1377 1
1201 592 1
1202 198 1
1203 268 1
1204 86 1
1204 274 1
1204 342 1
1204 951 1
1205 25 1
1206 621 1
1207 597 1
1208 94 1
1208 220 1
1209 87 1
1209 948 1
1209 1122 1
1210 193 1
1210 885 1
1210 1053 1
1210 1325 1
1211 281 1
1212 581 1
1213 352 1
1214 1271 1
1215 35 1
1215 1161 1
1216 9 1
1217 391 1
1217 1341 1
1218 297 1
1219 257 1
1220 599 1
1220 1122 1
1221 535 1
1222 389 1
1223 175 1
1223 540 1
1224 37 1
1224 112 1
1225 65 1
1225 442 1
1225 1559 1
1226 1288 1
1227 454 1
1227 591 1
1227 721 1
1228 202 1
1228 629 1
1229 82 1
1229 859 1
1229 964 1
1229 1297 1
1230 220 1
1231 727 1
1232 25 1
1233 609 1
1234 7 1
1234 549 1
1234 561 1
1235 331 1
1236 469 1
1236 578 1
1237 473 1
1237 1102 1
1237 1381 1
1238 25 1
1238 219 1
1239 297 1
1239 423 1
1240 329 1
1241 443 1
1241 704 1
1242 151 1
1243 581 1
1244 237 1
1245 881 1
1246 365 1
1247 165 1
1248 66 1
1248 460 1
1249 220 1
1250 37 1
1251 293 1
1252 807 1
1253 41 1
1253 426 1
1253 1525 1
1253 1538 1
1254 329 1
1255 175 1
1256 184 1
1257 7 1
1258 83 1
1259 44 1
1260 693 1
1261 126 1
1261 445 1
1262 195 1
1263 37 1
1263 236 1
1264 381 1
1265 34 1
1266 124 1
1266 293 1
1267 806 1
1267 998 1
1268 352 1
1268 1071 1
1269 116 1
1269 371 1
1269 398 1
1270 70 1
1270 393 1
1271 190 1
1271 1214 1
1272 757 1
1272 1104 1
1273 393 1
1273 459 1
1274 149 1
1275 634 1
1276 465 1
1277 65 1
1278 935 1
1279 725 1
1280 202 1
1281 11 1
1282 66 1
1283 133 1
1284 66 1
1285 798 1
1286 298 1
1287 1163 1
1288 1226 1
1289 25 1
1290 70 1
1291 24 1
1292 137 1
1293 1411 1
1294 471 1
1294 599 1
1294 688 1
1295 40 1
1295 504 1
1296 113 1
1296 894 1
1297 118 1
1297 1229 1
1298 149 1
1299 11 1
1300 1144 1
1301 173 1
1301 587 1
1302 1018 1
1303 104 1
1303 124 1
1304 70 1
1305 106 1
1305 286 1
1305 410 1
1305 1100 1
1306 709 1
1306 1453 1
1307 399 1
1308 861 1
1309 128 1
1310 581 1
1311 622 1
1312 104 1
1313 119 1
1313 471 1
1314 140 1
1314 149 1
1315 787 1
1316 5 1
1317 112 1
1317 124 1
1317 487 1
1318 86 1
1319 149 1
1319 806 1
1320 166 1
1321 417 1
1322 492 1
1323 99 1
1324 804 1
1325 1210 1
1326 229 1
1327 827 1
1328 175 1
1328 268 1
1329 622 1
1330 401 1
1331 133 1
1332 293 1
1332 881 1
1333 245 1
1334 634 1
1334 847 1
1335 106 1
1335 599 1
1336 99 1
1336 187 1
1337 87 1
1337 794 1
1338 1011 1
1338 1112 1
1339 787 1
1339 922 1
1340 450 1
1341 204 1
1341 1217 1
1342 7 1
1342 87 1
1342 118 1
1343 381 1
1344 395 1
1344 808 1
1345 395 1
1346 401 1
1347 628 1
1348 87 1
1349 752 1
1350 26 1
1350 659 1
1351 615 1
1352 860 1
1353 18 1
1354 289 1
1355 329 1
1356 133 1
1357 52 1
1358 489 1
1359 217 1
1360 155 1
1361 70 1
1362 1055 1
1363 32 1
1363 413 1
1364 352 1
1365 37 1
1366 70 1
1366 354 1
1367 27 1
1368 1141 1
1369 434 1
1370 25 1
1370 381 1
1371 25 1
1371 188 1
1372 124 1
1372 621 1
1373 13 1
1373 220 1
1373 331 1
1374 342 1
1375 83 1
1376 249 1
1377 1200 1
1378 297 1
1379 415 1
1380 395 1
1381 1237 1
1382 309 1
1383 297 1
1383 1004 1
1384 656 1
1385 615 1
1386 220 1
1386 239 1
1386 342 1
1387 7 1
1388 1183 1
1389 296 1
1390 70 1
1391 140 1
1392 458 1
1392 1466 1
1393 25 1
1393 612 1
1394 213 1
1395 382 1
1396 37 1
1397 66 1
1398 174 1
1398 381 1
1399 469 1
1400 354 1
1400 355 1
1401 1564 1
1402 81 1
1403 18 1
1403 177 1
1403 293 1
1404 489 1
1405 870 1
1406 593 1
1406 979 1
1406 1068 1
1407 1151 1
1407 1678 1
1408 460 1
1409 32 1
1410 113 1
1411 1293 1
1412 731 1
1412 846 1
1413 327 1
1414 109 1
1415 1018 1
1416 25 1
1416 188 1
1417 839 1
1418 515 1
1419 1051 1
1420 124 1
1421 1484 1
1422 470 1
1423 52 1
1423 124 1
1424 147 1
1425 413 1
1426 342 1
1427 3 1
1428 414 1
1429 202 1
1430 355 1
1431 515 1
1432 126 1
1433 297 1
1434 162 1
1435 120 1
1436 120 1
1437 37 1
1438 34 1
1439 52 1
1440 210 1
1441 34 1
1441 237 1
1442 463 1
1443 207 1
1444 1038 1
1445 726 1
1446 40 1
1447 220 1
1448 81 1
1448 489 1
1449 1168 1
1450 34 1
1450 801 1
1450 1152 1
1451 11 1
1451 227 1
1452 255 1
1453 1306 1
1454 489 1
1455 113 1
1456 459 1
1457 445 1
1458 801 1
1459 188 1
1460 236 1
1461 310 1
1462 726 1
1463 166 1
1464 25 1
1465 393 1
1466 1392 1
1467 166 1
1468 195 1
1468 1083 1
1469 125 1
1470 783 1
1471 188 1
1472 414 1
1473 202 1
1474 293 1
1475 120 1
1476 112 1
1477 18 1
1478 443 1
1479 7 1
1480 855 1
1481 207 1
1482 293 1
1483 34 1
1484 1421 1
1485 26 1
1486 1123 1
1487 701 1
1488 413 1
1489 25 1
1490 484 1
1490 1085 1
1491 52 1
1492 120 1
1493 896 1
1494 350 1
1495 1062 1
1496 48 1
1496 688 1
1497 391 1
1498 166 1
1499 77 1
1500 120 1
1500 477 1
1501 107 1
1502 128 1
1503 829 1
1504 293 1
1505 11 1
1506 7 1
1507 801 1
1508 928 1
1509 124 1
1509 458 1
1510 86 1
1511 149 1
1512 236 1
1513 599 1
1514 55 1
1514 213 1
1515 293 1
1516 25 1
1517 40 1
1518 361 1
1519 536 1
1520 471 1
1521 469 1
1522 193 1
1523 1067 1
1524 34 1
1525 1253 1
1526 94 1
1527 471 1
1527 1082 1
1528 297 1
1528 449 1
1529 109 1
1530 451 1
1531 441 1
1532 298 1
1533 130 1
1533 1575 1
1534 297 1
1535 297 1
1536 4 1
1536 81 1
1537 6 1
1538 1253 1
1539 982 1
1540 883 1
1541 40 1
1542 455 1
1543 742 1
1544 113 1
1545 1067 1
1546 24 1
1547 7 1
1548 1136 1
1549 469 1
1550 297 1
1551 153 1
1552 198 1
1553 389 1
1554 793 1
1555 1084 1
1556 140 1
1557 50 1
1558 175 1
1559 1225 1
1560 244 1
1561 125 1
1562 66 1
1563 140 1
1564 1401 1
1565 634 1
1566 169 1
1567 537 1
1568 500 1
1569 104 1
1570 40 1
1571 4 1
1572 1123 1
1573 849 1
1574 1122 1
1575 1533 1
1576 734 1
1577 496 1
1578 371 1
1579 1168 1
1580 30 1
1581 7 1
1581 94 1
1582 968 1
1583 6 1
1584 395 1
1585 34 1
1586 149 1
1587 515 1
1588 342 1
1589 1089 1
1590 395 1
1591 124 1
1592 37 1
1593 401 1
1594 688 1
1595 115 1
1596 326 1
1597 783 1
1598 7 1
1599 3 1
1600 32 1
1601 34 1
1602 100 1
1603 138 1
1604 115 1
1605 236 1
1606 24 1
1607 149 1
1608 352 1
1609 355 1
1610 125 1
1611 329 1
1612 124 1
1613 398 1
1614 162 1
1615 149 1
1616 522 1
1617 244 1
1618 70 1
1619 213 1
1620 70 1
1621 601 1
1622 635 1
1623 277 1
1624 605 1
1625 35 1
1626 7 1
1627 202 1
1628 35 1
1629 183 1
1630 209 1
1631 463 1
1632 327 1
1633 424 1
1634 25 1
1635 18 1
1636 786 1
1637 293 1
1638 371 1
1639 701 1
1640 862 1
1641 297 1
1642 104 1
1643 599 1
1644 696 1
1645 783 1
1646 236 1
1647 183 1
1648 124 1
1649 86 1
1650 296 1
1651 451 1
1652 755 1
1653 175 1
1654 271 1
1655 40 1
1656 7 1
1657 25 1
1658 239 1
1659 32 1
1660 210 1
1661 210 1
1662 469 1
1663 342 1
1664 37 1
1665 297 1
1666 244 1
1667 183 1
1668 26 1
1669 619 1
1670 166 1
1671 352 1
1672 318 1
1673 7 1
1674 86 1
1675 79 1
1676 28 1
1677 142 1
1678 1407 1
1679 775 1
1680 25 1
1681 296 1
1682 318 1
1683 598 1
1684 34 1
1685 296 1
1686 398 1
1687 124 1
1688 352 1
1689 169 1
1690 86 1
1691 27 1
1692 694 1
1693 597 1
1694 803 1
1695 318 1
1696 124 1
1697 487 1
1698 471 1
1699 244 1
1700 690 1
1701 237 1
1702 120 1
