1 2 1
1 3 1
1 4 1
1 5 1
1 6 1
2 1 1
2 92 1
2 93 1
2 850 1
2 851 1
2 852 1
3 1 1
3 190 1
3 232 1
3 340 1
3 396 1
3 500 1
3 611 1
3 759 1
3 760 1
3 853 1
3 854 1
3 855 1
3 856 1
3 857 1
3 858 1
3 859 1
3 860 1
3 861 1
3 862 1
3 863 1
4 1 1
4 765 1
5 1 1
5 410 1
5 494 1
5 658 1
5 864 1
6 1 1
6 865 1
7 8 1
7 9 1
7 866 1
8 7 1
8 405 1
8 866 1
9 7 1
9 407 1
9 507 1
10 11 1
10 12 1
11 10 1
11 12 1
11 95 1
12 10 1
12 11 1
12 95 1
12 867 1
12 868 1
13 14 1
13 15 1
14 13 1
14 110 1
14 111 1
14 112 1
14 113 1
14 114 1
14 115 1
14 116 1
14 117 1
14 118 1
14 119 1
14 120 1
14 121 1
14 122 1
14 854 1
14 869 1
14 870 1
14 871 1
14 872 1
14 873 1
14 874 1
14 875 1
14 876 1
14 877 1
14 878 1
15 13 1
15 142 1
15 307 1
15 766 1
15 879 1
15 880 1
15 881 1
16 17 1
17 16 1
17 40 1
17 75 1
17 147 1
17 159 1
17 182 1
17 285 1
17 331 1
17 332 1
17 640 1
17 641 1
17 642 1
17 643 1
17 644 1
17 882 1
17 883 1
17 884 1
17 885 1
17 886 1
18 19 1
18 20 1
18 887 1
19 18 1
19 115 1
20 18 1
20 490 1
20 887 1
20 888 1
20 889 1
21 22 1
21 23 1
21 24 1
22 21 1
22 98 1
22 753 1
22 890 1
23 21 1
23 27 1
23 49 1
23 64 1
23 68 1
23 91 1
23 92 1
23 152 1
23 270 1
23 290 1
23 310 1
23 387 1
23 465 1
23 528 1
23 581 1
23 685 1
23 742 1
23 743 1
23 756 1
23 859 1
23 891 1
23 892 1
23 893 1
23 894 1
23 895 1
23 896 1
23 897 1
23 898 1
23 899 1
23 900 1
23 901 1
23 902 1
23 903 1
23 904 1
23 905 1
23 906 1
23 907 1
23 908 1
24 21 1
24 299 1
25 26 1
25 27 1
25 28 1
26 25 1
26 152 1
26 654 1
27 23 1
27 25 1
27 387 1
27 653 1
27 678 1
27 685 1
27 711 1
27 909 1
27 910 1
28 25 1
28 387 1
28 481 1
29 30 1
30 29 1
30 492 1
31 911 1
32 33 1
32 34 1
32 35 1
32 36 1
32 37 1
32 38 1
32 912 1
32 913 1
32 914 1
33 32 1
33 85 1
33 204 1
33 217 1
33 218 1
33 219 1
33 220 1
33 221 1
33 222 1
33 223 1
33 914 1
33 915 1
33 916 1
33 917 1
33 918 1
33 919 1
33 920 1
33 921 1
34 32 1
34 222 1
34 314 1
34 402 1
34 403 1
34 404 1
34 920 1
34 922 1
34 923 1
34 924 1
34 925 1
34 926 1
35 32 1
35 240 1
35 428 1
35 461 1
35 927 1
36 32 1
36 39 1
36 40 1
37 32 1
37 192 1
38 32 1
38 928 1
39 36 1
39 40 1
39 41 1
39 42 1
39 43 1
39 44 1
39 45 1
39 46 1
39 929 1
39 930 1
39 931 1
40 17 1
40 36 1
40 39 1
40 45 1
40 75 1
40 83 1
40 137 1
40 247 1
40 882 1
40 932 1
40 933 1
40 934 1
41 39 1
41 44 1
41 83 1
41 538 1
41 935 1
41 936 1
42 39 1
42 369 1
43 39 1
43 137 1
43 292 1
43 294 1
43 369 1
43 406 1
43 643 1
44 39 1
44 41 1
44 83 1
44 538 1
44 937 1
44 938 1
45 39 1
45 40 1
45 53 1
46 39 1
46 686 1
47 48 1
47 49 1
47 50 1
47 51 1
47 939 1
48 47 1
48 86 1
48 110 1
48 165 1
48 234 1
48 289 1
48 290 1
48 291 1
48 292 1
48 293 1
48 294 1
48 295 1
48 296 1
48 297 1
48 298 1
48 299 1
48 300 1
48 301 1
48 850 1
48 893 1
48 933 1
48 940 1
48 941 1
48 942 1
48 943 1
48 944 1
48 945 1
48 946 1
48 947 1
48 948 1
49 23 1
49 47 1
49 74 1
49 251 1
49 468 1
49 690 1
49 949 1
49 950 1
49 951 1
49 952 1
49 953 1
49 954 1
49 955 1
49 956 1
49 957 1
50 47 1
50 63 1
50 186 1
50 194 1
50 350 1
50 518 1
50 592 1
50 635 1
50 860 1
50 884 1
50 958 1
50 959 1
50 960 1
50 961 1
50 962 1
50 963 1
50 964 1
50 965 1
50 966 1
50 967 1
50 968 1
50 969 1
50 970 1
50 971 1
50 972 1
50 973 1
50 974 1
50 975 1
50 976 1
51 47 1
51 63 1
51 307 1
51 325 1
51 520 1
51 621 1
51 977 1
52 53 1
52 978 1
53 45 1
53 52 1
53 66 1
53 182 1
53 200 1
53 371 1
53 556 1
53 801 1
53 979 1
53 980 1
54 55 1
55 54 1
55 644 1
56 57 1
56 981 1
57 56 1
57 124 1
58 59 1
58 60 1
58 982 1
59 58 1
59 60 1
59 982 1
60 58 1
60 59 1
60 982 1
61 62 1
62 61 1
62 126 1
62 162 1
62 163 1
62 505 1
62 629 1
62 867 1
62 983 1
62 984 1
62 985 1
62 986 1
62 987 1
62 988 1
62 989 1
62 990 1
63 50 1
63 51 1
63 64 1
63 65 1
63 66 1
64 23 1
64 63 1
64 87 1
64 118 1
64 174 1
64 194 1
64 226 1
64 300 1
64 329 1
64 425 1
64 449 1
64 450 1
64 497 1
64 581 1
64 650 1
64 799 1
64 800 1
64 905 1
64 991 1
64 992 1
64 993 1
64 994 1
64 995 1
64 996 1
64 997 1
64 998 1
64 999 1
64 1000 1
64 1001 1
65 63 1
65 72 1
65 73 1
65 76 1
65 120 1
65 182 1
65 208 1
65 293 1
65 334 1
65 629 1
65 662 1
65 730 1
65 942 1
65 1002 1
65 1003 1
65 1004 1
65 1005 1
65 1006 1
65 1007 1
65 1008 1
65 1009 1
66 53 1
66 63 1
66 634 1
66 682 1
66 743 1
66 749 1
66 1010 1
66 1011 1
66 1012 1
67 68 1
67 1013 1
68 23 1
68 67 1
68 130 1
68 258 1
68 259 1
68 891 1
68 1014 1
68 1015 1
68 1016 1
69 1017 1
70 71 1
71 70 1
71 197 1
71 198 1
71 1018 1
71 1019 1
72 65 1
72 73 1
72 74 1
72 75 1
72 76 1
72 1020 1
72 1021 1
73 65 1
73 72 1
73 564 1
74 49 1
74 72 1
74 75 1
75 17 1
75 40 1
75 72 1
75 74 1
75 182 1
75 640 1
75 750 1
75 883 1
75 949 1
75 1022 1
76 65 1
76 72 1
76 546 1
77 1023 1
78 79 1
79 78 1
79 258 1
80 1024 1
81 82 1
81 83 1
81 84 1
81 85 1
81 86 1
81 87 1
82 81 1
82 83 1
82 423 1
82 424 1
83 40 1
83 41 1
83 44 1
83 81 1
83 82 1
83 86 1
83 423 1
84 81 1
84 87 1
84 423 1
84 582 1
84 1025 1
85 33 1
85 81 1
85 423 1
85 1026 1
86 48 1
86 81 1
86 83 1
86 423 1
86 424 1
87 64 1
87 81 1
87 84 1
87 423 1
87 582 1
88 89 1
88 1027 1
89 88 1
89 1027 1
90 91 1
91 23 1
91 90 1
91 248 1
91 307 1
91 369 1
91 551 1
92 2 1
92 23 1
92 896 1
93 2 1
93 451 1
93 484 1
93 1028 1
93 1029 1
94 95 1
94 96 1
94 97 1
94 98 1
94 99 1
94 100 1
94 101 1
94 102 1
94 103 1
94 104 1
94 105 1
95 11 1
95 12 1
95 94 1
95 104 1
95 314 1
95 425 1
95 426 1
96 94 1
96 100 1
96 561 1
97 94 1
97 100 1
97 103 1
98 22 1
98 94 1
98 100 1
98 1030 1
99 94 1
99 561 1
99 1031 1
100 94 1
100 96 1
100 97 1
100 98 1
100 101 1
100 103 1
100 104 1
100 105 1
100 179 1
100 359 1
100 425 1
100 528 1
100 561 1
100 1032 1
100 1033 1
100 1034 1
100 1035 1
100 1036 1
100 1037 1
100 1038 1
100 1039 1
100 1040 1
100 1041 1
100 1042 1
100 1043 1
100 1044 1
100 1045 1
101 94 1
101 100 1
101 104 1
101 553 1
101 561 1
101 1046 1
102 94 1
102 300 1
103 94 1
103 97 1
103 100 1
103 561 1
104 94 1
104 95 1
104 100 1
104 101 1
104 170 1
104 561 1
104 1035 1
105 94 1
105 100 1
105 561 1
106 1047 1
107 108 1
107 109 1
108 107 1
108 141 1
108 142 1
108 1048 1
109 107 1
109 1049 1
109 1050 1
110 14 1
110 48 1
110 1051 1
111 14 1
111 340 1
112 14 1
112 1052 1
113 14 1
113 622 1
113 1053 1
114 14 1
114 233 1
114 1054 1
114 1055 1
115 14 1
115 19 1
115 299 1
115 504 1
115 690 1
115 1056 1
115 1057 1
116 14 1
116 1058 1
117 14 1
117 291 1
117 545 1
118 14 1
118 64 1
118 607 1
118 1059 1
119 14 1
119 830 1
120 14 1
120 65 1
120 603 1
121 14 1
121 792 1
122 14 1
122 1059 1
123 124 1
123 1060 1
124 57 1
124 123 1
124 1061 1
125 126 1
125 1062 1
126 62 1
126 125 1
126 428 1
126 1063 1
127 128 1
128 127 1
128 189 1
128 309 1
128 359 1
128 858 1
128 932 1
128 1064 1
128 1065 1
128 1066 1
128 1067 1
128 1068 1
128 1069 1
128 1070 1
129 130 1
129 1014 1
130 68 1
130 129 1
130 888 1
130 1014 1
130 1071 1
130 1072 1
131 132 1
131 133 1
131 134 1
131 135 1
131 136 1
131 1073 1
132 131 1
132 133 1
132 134 1
132 135 1
132 136 1
132 1073 1
133 131 1
133 132 1
133 134 1
133 135 1
133 1073 1
134 131 1
134 132 1
134 133 1
134 135 1
134 136 1
134 1073 1
134 1074 1
135 131 1
135 132 1
135 133 1
135 134 1
135 136 1
135 1073 1
135 1075 1
136 131 1
136 132 1
136 134 1
136 135 1
136 174 1
136 368 1
137 40 1
137 43 1
137 138 1
138 137 1
138 145 1
138 292 1
138 294 1
138 325 1
138 333 1
138 549 1
138 643 1
138 1004 1
138 1076 1
138 1077 1
138 1078 1
138 1079 1
138 1080 1
139 140 1
140 139 1
140 198 1
140 212 1
140 386 1
140 387 1
140 388 1
140 389 1
140 390 1
140 391 1
140 1077 1
140 1081 1
140 1082 1
140 1083 1
140 1084 1
140 1085 1
140 1086 1
140 1087 1
140 1088 1
140 1089 1
140 1090 1
140 1091 1
140 1092 1
140 1093 1
140 1094 1
140 1095 1
140 1096 1
140 1097 1
140 1098 1
140 1099 1
140 1100 1
140 1101 1
140 1102 1
140 1103 1
140 1104 1
140 1105 1
140 1106 1
140 1107 1
140 1108 1
140 1109 1
140 1110 1
140 1111 1
140 1112 1
140 1113 1
140 1114 1
140 1115 1
140 1116 1
140 1117 1
140 1118 1
140 1119 1
140 1120 1
140 1121 1
140 1122 1
140 1123 1
140 1124 1
140 1125 1
140 1126 1
141 108 1
141 1127 1
142 15 1
142 108 1
142 1128 1
143 144 1
144 143 1
144 663 1
145 138 1
145 1129 1
146 147 1
146 148 1
147 17 1
147 146 1
147 1130 1
148 146 1
148 1131 1
149 150 1
149 151 1
149 152 1
149 153 1
149 154 1
149 1132 1
149 1133 1
150 149 1
150 670 1
151 149 1
151 273 1
151 276 1
151 298 1
152 23 1
152 26 1
152 149 1
152 274 1
152 451 1
152 567 1
152 654 1
153 149 1
153 333 1
154 149 1
154 893 1
154 1134 1
155 1135 1
156 157 1
156 1136 1
157 156 1
157 404 1
157 451 1
158 159 1
159 17 1
159 158 1
159 1137 1
160 161 1
161 160 1
161 413 1
161 705 1
161 706 1
161 1033 1
161 1138 1
161 1139 1
161 1140 1
161 1141 1
161 1142 1
162 62 1
162 163 1
162 983 1
162 984 1
162 1143 1
162 1144 1
163 62 1
163 162 1
163 502 1
164 165 1
165 48 1
165 164 1
165 1145 1
166 167 1
166 168 1
167 166 1
167 351 1
167 368 1
167 369 1
167 1146 1
168 166 1
168 715 1
169 170 1
169 1147 1
169 1148 1
170 104 1
170 169 1
170 513 1
170 514 1
170 515 1
171 172 1
172 171 1
172 1149 1
173 174 1
174 64 1
174 136 1
174 173 1
174 272 1
174 330 1
174 422 1
174 858 1
174 965 1
174 1150 1
174 1151 1
174 1152 1
174 1153 1
174 1154 1
175 176 1
175 1155 1
176 175 1
176 1156 1
177 1157 1
178 179 1
178 1158 1
179 100 1
179 178 1
179 187 1
179 699 1
179 1037 1
179 1159 1
180 181 1
180 182 1
181 180 1
181 182 1
182 17 1
182 53 1
182 65 1
182 75 1
182 180 1
182 181 1
182 297 1
182 331 1
182 564 1
182 1160 1
182 1161 1
182 1162 1
183 184 1
183 185 1
183 1163 1
183 1164 1
183 1165 1
184 183 1
184 559 1
184 560 1
185 183 1
185 199 1
186 50 1
186 187 1
187 179 1
187 186 1
187 668 1
187 860 1
187 964 1
187 1166 1
188 189 1
189 128 1
189 188 1
189 309 1
189 359 1
189 360 1
189 361 1
189 362 1
189 363 1
189 941 1
189 962 1
189 1167 1
189 1168 1
189 1169 1
189 1170 1
189 1171 1
189 1172 1
189 1173 1
189 1174 1
189 1175 1
190 3 1
190 191 1
190 192 1
191 190 1
191 596 1
192 37 1
192 190 1
192 470 1
192 571 1
192 759 1
192 1176 1
192 1177 1
192 1178 1
192 1179 1
192 1180 1
192 1181 1
193 194 1
193 940 1
193 960 1
193 1182 1
193 1183 1
194 50 1
194 64 1
194 193 1
194 477 1
194 1074 1
194 1184 1
195 196 1
196 195 1
196 1185 1
197 71 1
197 198 1
197 199 1
197 1018 1
198 71 1
198 140 1
198 197 1
198 1018 1
199 185 1
199 197 1
199 296 1
199 325 1
199 450 1
199 473 1
199 485 1
199 568 1
199 608 1
199 652 1
199 880 1
199 998 1
199 999 1
199 1186 1
199 1187 1
199 1188 1
199 1189 1
199 1190 1
199 1191 1
199 1192 1
199 1193 1
199 1194 1
199 1195 1
200 53 1
200 201 1
200 1196 1
201 200 1
201 421 1
201 422 1
201 1197 1
201 1198 1
202 203 1
203 202 1
203 323 1
203 1199 1
204 33 1
204 205 1
204 206 1
204 207 1
204 915 1
204 916 1
205 204 1
205 373 1
206 204 1
206 578 1
206 619 1
206 941 1
206 988 1
206 1040 1
206 1200 1
207 204 1
207 1201 1
208 65 1
208 209 1
209 208 1
209 270 1
209 403 1
209 425 1
209 751 1
209 752 1
209 905 1
209 995 1
209 1202 1
209 1203 1
209 1204 1
209 1205 1
210 1206 1
210 1207 1
211 1208 1
212 140 1
212 213 1
212 214 1
212 215 1
212 1209 1
213 212 1
213 410 1
213 411 1
213 1210 1
214 212 1
214 639 1
215 212 1
215 1210 1
216 1083 1
217 33 1
217 401 1
217 1211 1
217 1212 1
218 33 1
218 1213 1
219 33 1
219 401 1
220 33 1
220 482 1
220 518 1
221 33 1
221 1214 1
222 33 1
222 34 1
222 784 1
223 33 1
223 482 1
223 1215 1
224 225 1
225 224 1
225 565 1
225 1216 1
225 1217 1
226 64 1
226 227 1
227 226 1
227 245 1
227 268 1
227 1218 1
228 229 1
228 230 1
229 228 1
229 230 1
229 668 1
229 860 1
229 1219 1
229 1220 1
229 1221 1
230 228 1
230 229 1
230 860 1
230 1220 1
230 1221 1
230 1222 1
230 1223 1
230 1224 1
230 1225 1
230 1226 1
230 1227 1
230 1228 1
230 1229 1
231 232 1
232 3 1
232 231 1
232 349 1
232 351 1
232 464 1
233 114 1
233 234 1
234 48 1
234 233 1
234 1128 1
234 1230 1
234 1231 1
235 1232 1
236 1233 1
237 238 1
237 1234 1
238 237 1
238 1234 1
239 240 1
240 35 1
240 239 1
240 514 1
240 692 1
240 1235 1
240 1236 1
240 1237 1
240 1238 1
241 242 1
241 243 1
241 244 1
241 245 1
241 246 1
242 241 1
242 411 1
242 441 1
242 496 1
242 1239 1
242 1240 1
243 241 1
243 244 1
243 245 1
243 274 1
243 498 1
243 499 1
243 500 1
243 501 1
243 1241 1
243 1242 1
243 1243 1
243 1244 1
243 1245 1
244 241 1
244 243 1
244 245 1
244 427 1
244 499 1
244 500 1
244 501 1
244 528 1
244 575 1
244 576 1
245 227 1
245 241 1
245 243 1
245 244 1
245 274 1
245 291 1
245 384 1
245 1242 1
245 1246 1
245 1247 1
245 1248 1
246 241 1
246 274 1
246 499 1
246 1242 1
247 40 1
247 818 1
248 91 1
248 249 1
248 250 1
248 1249 1
249 248 1
249 1249 1
250 248 1
250 1249 1
251 49 1
251 252 1
251 253 1
251 254 1
251 255 1
252 251 1
252 392 1
252 393 1
252 1250 1
253 251 1
253 299 1
253 504 1
253 949 1
253 1251 1
254 251 1
254 468 1
254 949 1
254 955 1
254 1252 1
255 251 1
255 295 1
256 257 1
257 256 1
257 566 1
257 1253 1
257 1254 1
258 68 1
258 79 1
258 528 1
259 68 1
259 551 1
259 1015 1
260 1255 1
261 262 1
262 261 1
262 1256 1
263 264 1
264 263 1
264 1257 1
265 266 1
266 265 1
266 357 1
266 450 1
266 475 1
266 588 1
266 622 1
266 992 1
266 1258 1
266 1259 1
266 1260 1
266 1261 1
266 1262 1
266 1263 1
266 1264 1
266 1265 1
266 1266 1
266 1267 1
266 1268 1
266 1269 1
266 1270 1
266 1271 1
267 1272 1
268 227 1
268 269 1
268 1273 1
269 268 1
269 1273 1
270 23 1
270 209 1
270 271 1
270 272 1
270 273 1
270 274 1
271 270 1
271 592 1
271 595 1
271 603 1
271 604 1
271 662 1
271 1274 1
272 174 1
272 270 1
272 554 1
272 588 1
272 700 1
272 1275 1
272 1276 1
273 151 1
273 270 1
273 441 1
273 1277 1
273 1278 1
273 1279 1
274 152 1
274 243 1
274 245 1
274 246 1
274 270 1
274 1242 1
275 276 1
275 1280 1
276 151 1
276 275 1
276 730 1
276 1242 1
277 278 1
277 279 1
278 277 1
278 279 1
279 277 1
279 278 1
279 526 1
279 527 1
280 1281 1
281 282 1
282 281 1
282 1282 1
283 284 1
284 283 1
284 453 1
284 525 1
284 1283 1
284 1284 1
285 17 1
285 286 1
285 1285 1
285 1286 1
286 285 1
286 715 1
286 1287 1
286 1288 1
287 288 1
288 287 1
288 604 1
288 1289 1
288 1290 1
288 1291 1
289 48 1
289 312 1
290 23 1
290 48 1
290 448 1
290 1066 1
290 1292 1
291 48 1
291 117 1
291 245 1
291 545 1
292 43 1
292 48 1
292 138 1
292 294 1
292 325 1
292 333 1
292 369 1
292 470 1
292 546 1
292 547 1
292 548 1
292 549 1
292 1293 1
293 48 1
293 65 1
293 368 1
293 369 1
293 1074 1
294 43 1
294 48 1
294 138 1
294 292 1
294 325 1
294 333 1
294 369 1
294 470 1
294 547 1
294 549 1
294 1293 1
295 48 1
295 255 1
295 610 1
296 48 1
296 199 1
296 297 1
296 1294 1
297 48 1
297 182 1
297 296 1
297 667 1
297 685 1
298 48 1
298 151 1
298 529 1
298 1295 1
299 24 1
299 48 1
299 115 1
299 253 1
299 468 1
299 607 1
300 48 1
300 64 1
300 102 1
300 899 1
300 1296 1
300 1297 1
301 48 1
301 1298 1
302 303 1
303 302 1
303 513 1
303 569 1
303 570 1
303 1160 1
303 1299 1
303 1300 1
303 1301 1
303 1302 1
303 1303 1
304 305 1
305 304 1
305 349 1
305 1278 1
305 1304 1
305 1305 1
305 1306 1
305 1307 1
306 307 1
307 15 1
307 51 1
307 91 1
307 306 1
307 686 1
307 1074 1
308 309 1
309 128 1
309 189 1
309 308 1
309 350 1
309 359 1
309 856 1
309 1051 1
309 1150 1
309 1308 1
309 1309 1
309 1310 1
309 1311 1
309 1312 1
309 1313 1
310 23 1
310 1314 1
310 1315 1
310 1316 1
311 985 1
312 289 1
312 1317 1
313 314 1
314 34 1
314 95 1
314 313 1
314 1076 1
314 1318 1
314 1319 1
314 1320 1
314 1321 1
314 1322 1
314 1323 1
314 1324 1
315 1325 1
316 1326 1
317 318 1
318 317 1
318 1211 1
318 1327 1
318 1328 1
319 1329 1
320 1330 1
320 1331 1
321 322 1
322 321 1
322 545 1
322 1332 1
323 203 1
323 324 1
324 323 1
324 1333 1
324 1334 1
325 51 1
325 138 1
325 199 1
325 292 1
325 294 1
325 326 1
325 327 1
325 328 1
325 1335 1
325 1336 1
325 1337 1
325 1338 1
325 1339 1
326 325 1
326 1340 1
326 1341 1
326 1342 1
326 1343 1
327 325 1
327 1344 1
327 1345 1
328 325 1
328 432 1
328 482 1
329 64 1
329 330 1
330 174 1
330 329 1
330 400 1
330 490 1
330 1346 1
331 17 1
331 182 1
331 332 1
331 333 1
331 334 1
332 17 1
332 331 1
332 642 1
332 644 1
332 1347 1
333 138 1
333 153 1
333 292 1
333 294 1
333 331 1
333 428 1
333 470 1
333 548 1
333 818 1
333 979 1
333 1077 1
333 1348 1
334 65 1
334 331 1
334 979 1
334 1078 1
334 1349 1
335 336 1
335 337 1
335 338 1
335 1350 1
336 335 1
336 1351 1
337 335 1
337 338 1
337 1350 1
338 335 1
338 337 1
338 1350 1
339 1352 1
340 3 1
340 111 1
340 1353 1
341 342 1
341 894 1
342 341 1
342 349 1
343 1354 1
344 1355 1
345 1076 1
346 347 1
346 348 1
346 349 1
346 1356 1
346 1357 1
346 1358 1
346 1359 1
347 346 1
347 1360 1
348 346 1
348 1361 1
349 232 1
349 305 1
349 342 1
349 346 1
349 442 1
349 461 1
349 516 1
349 647 1
349 760 1
349 1362 1
349 1363 1
350 50 1
350 309 1
350 351 1
350 352 1
351 167 1
351 232 1
351 350 1
351 491 1
352 350 1
352 622 1
353 1364 1
353 1365 1
354 355 1
355 354 1
355 728 1
355 1366 1
355 1367 1
356 1368 1
357 266 1
357 358 1
358 357 1
358 463 1
358 1369 1
358 1370 1
358 1371 1
359 100 1
359 128 1
359 189 1
359 309 1
359 571 1
359 611 1
360 189 1
360 610 1
361 189 1
361 584 1
361 610 1
361 1372 1
362 189 1
362 605 1
362 1373 1
362 1374 1
363 189 1
363 588 1
363 1198 1
364 1375 1
364 1376 1
364 1377 1
365 366 1
366 365 1
366 485 1
366 567 1
366 568 1
366 1260 1
366 1378 1
366 1379 1
366 1380 1
366 1381 1
366 1382 1
366 1383 1
367 1384 1
367 1385 1
368 136 1
368 167 1
368 293 1
368 615 1
368 1386 1
368 1387 1
368 1388 1
368 1389 1
368 1390 1
369 42 1
369 43 1
369 91 1
369 167 1
369 292 1
369 293 1
369 294 1
369 407 1
369 408 1
369 470 1
369 524 1
369 1078 1
369 1391 1
369 1392 1
369 1393 1
369 1394 1
369 1395 1
369 1396 1
370 371 1
370 1397 1
370 1398 1
371 53 1
371 370 1
371 995 1
372 373 1
372 1399 1
372 1400 1
372 1401 1
372 1402 1
373 205 1
373 372 1
373 572 1
373 638 1
373 1403 1
373 1404 1
373 1405 1
374 1292 1
375 376 1
376 375 1
376 466 1
377 1406 1
378 379 1
379 378 1
379 618 1
380 381 1
380 1407 1
381 380 1
381 1408 1
382 383 1
383 382 1
383 1409 1
384 245 1
384 1410 1
385 1411 1
386 140 1
386 530 1
387 23 1
387 27 1
387 28 1
387 140 1
387 481 1
387 550 1
387 551 1
388 140 1
388 659 1
389 140 1
389 737 1
390 140 1
390 737 1
390 753 1
391 140 1
391 472 1
392 252 1
392 1305 1
392 1412 1
393 252 1
393 482 1
394 1413 1
395 396 1
395 1414 1
396 3 1
396 395 1
396 1415 1
396 1416 1
397 398 1
397 399 1
398 397 1
398 1417 1
399 397 1
399 553 1
400 330 1
400 401 1
401 217 1
401 219 1
401 400 1
401 449 1
401 450 1
401 647 1
401 1418 1
401 1419 1
401 1420 1
401 1421 1
401 1422 1
402 34 1
402 461 1
403 34 1
403 209 1
403 404 1
403 555 1
403 556 1
403 557 1
403 922 1
403 1423 1
403 1424 1
403 1425 1
403 1426 1
403 1427 1
403 1428 1
403 1429 1
404 34 1
404 157 1
404 403 1
404 757 1
404 1430 1
404 1431 1
404 1432 1
404 1433 1
404 1434 1
405 8 1
405 658 1
405 1435 1
406 43 1
406 407 1
406 408 1
407 9 1
407 369 1
407 406 1
407 643 1
407 1436 1
408 369 1
408 406 1
408 548 1
408 643 1
408 1138 1
408 1437 1
409 1438 1
410 5 1
410 213 1
410 683 1
410 1439 1
411 213 1
411 242 1
411 1440 1
411 1441 1
411 1442 1
411 1443 1
412 413 1
413 161 1
413 412 1
413 1444 1
413 1445 1
414 1446 1
415 416 1
415 417 1
416 415 1
416 502 1
416 868 1
416 1447 1
417 415 1
417 422 1
417 510 1
417 511 1
417 512 1
418 1448 1
419 420 1
419 1449 1
420 419 1
420 630 1
420 680 1
421 201 1
421 667 1
422 174 1
422 201 1
422 417 1
422 428 1
422 611 1
422 743 1
422 1450 1
423 82 1
423 83 1
423 84 1
423 85 1
423 86 1
423 87 1
423 582 1
423 1451 1
424 82 1
424 86 1
424 736 1
424 758 1
424 1452 1
425 64 1
425 95 1
425 100 1
425 209 1
425 592 1
425 1035 1
426 95 1
426 1453 1
427 244 1
427 428 1
428 35 1
428 126 1
428 333 1
428 422 1
428 427 1
428 514 1
428 1454 1
429 430 1
430 429 1
430 796 1
430 1455 1
431 432 1
431 1456 1
432 328 1
432 431 1
432 700 1
432 1457 1
432 1458 1
433 434 1
433 435 1
434 433 1
434 1259 1
435 433 1
435 1259 1
436 437 1
437 436 1
437 1459 1
437 1460 1
438 1461 1
439 1462 1
440 441 1
440 442 1
441 242 1
441 273 1
441 440 1
441 579 1
442 349 1
442 440 1
442 974 1
442 1463 1
443 868 1
444 445 1
445 444 1
445 1464 1
446 1465 1
447 1466 1
447 1467 1
448 290 1
448 1468 1
449 64 1
449 401 1
449 450 1
449 451 1
450 64 1
450 199 1
450 266 1
450 401 1
450 449 1
450 451 1
451 93 1
451 152 1
451 157 1
451 449 1
451 450 1
451 491 1
451 799 1
451 999 1
451 1002 1
451 1469 1
451 1470 1
452 1471 1
453 284 1
453 454 1
454 453 1
454 779 1
454 1472 1
454 1473 1
455 456 1
456 455 1
456 1474 1
456 1475 1
457 458 1
458 457 1
458 511 1
458 604 1
458 1476 1
458 1477 1
458 1478 1
459 1479 1
460 1480 1
461 35 1
461 349 1
461 402 1
461 514 1
461 1075 1
461 1228 1
461 1481 1
461 1482 1
461 1483 1
461 1484 1
462 463 1
462 1485 1
463 358 1
463 462 1
463 1369 1
464 232 1
464 465 1
464 1486 1
465 23 1
465 464 1
465 725 1
465 1487 1
466 376 1
466 1488 1
466 1489 1
466 1490 1
467 468 1
467 1491 1
468 49 1
468 254 1
468 299 1
468 467 1
468 682 1
468 1491 1
469 470 1
470 192 1
470 292 1
470 294 1
470 333 1
470 369 1
470 469 1
470 1078 1
470 1492 1
470 1493 1
471 472 1
471 1494 1
472 391 1
472 471 1
472 1495 1
473 199 1
473 474 1
473 475 1
474 473 1
474 617 1
474 1496 1
475 266 1
475 473 1
475 743 1
476 1497 1
477 194 1
477 647 1
477 826 1
477 827 1
477 1498 1
478 479 1
479 478 1
479 1499 1
479 1500 1
479 1501 1
479 1502 1
479 1503 1
480 481 1
480 482 1
481 28 1
481 387 1
481 480 1
481 516 1
481 711 1
481 1504 1
482 220 1
482 223 1
482 328 1
482 393 1
482 480 1
482 506 1
482 592 1
482 831 1
482 987 1
482 1432 1
482 1505 1
482 1506 1
483 484 1
484 93 1
484 483 1
484 1507 1
484 1508 1
484 1509 1
485 199 1
485 366 1
485 1510 1
485 1511 1
486 487 1
486 488 1
486 1512 1
486 1513 1
486 1514 1
486 1515 1
487 486 1
487 488 1
487 532 1
487 1516 1
488 486 1
488 487 1
488 532 1
488 678 1
488 1516 1
488 1517 1
489 1518 1
490 20 1
490 330 1
490 497 1
490 1519 1
490 1520 1
491 351 1
491 451 1
491 1521 1
491 1522 1
492 30 1
492 715 1
493 494 1
494 5 1
494 493 1
494 777 1
495 1523 1
496 242 1
496 497 1
497 64 1
497 490 1
497 496 1
497 1524 1
498 243 1
498 1525 1
499 243 1
499 244 1
499 246 1
499 576 1
499 630 1
499 631 1
499 1526 1
499 1527 1
500 3 1
500 243 1
500 244 1
500 1243 1
501 243 1
501 244 1
501 575 1
501 1245 1
502 163 1
502 416 1
502 1528 1
502 1529 1
502 1530 1
502 1531 1
503 504 1
503 991 1
503 1532 1
504 115 1
504 253 1
504 503 1
504 1533 1
504 1534 1
504 1535 1
505 62 1
505 506 1
506 482 1
506 505 1
506 610 1
506 611 1
506 1216 1
507 9 1
507 508 1
507 509 1
508 507 1
508 864 1
509 507 1
509 639 1
509 1536 1
509 1537 1
510 417 1
510 1538 1
511 417 1
511 458 1
511 737 1
512 417 1
512 1539 1
513 170 1
513 303 1
513 570 1
514 170 1
514 240 1
514 428 1
514 461 1
514 581 1
514 592 1
514 669 1
514 1540 1
514 1541 1
515 170 1
515 647 1
515 1363 1
515 1453 1
516 349 1
516 481 1
516 517 1
516 518 1
517 516 1
517 1542 1
518 50 1
518 220 1
518 516 1
518 953 1
518 1543 1
519 520 1
519 1544 1
520 51 1
520 519 1
520 759 1
521 1545 1
521 1546 1
522 523 1
523 522 1
523 714 1
523 1002 1
523 1547 1
524 369 1
524 1078 1
524 1548 1
525 284 1
525 526 1
526 279 1
526 525 1
526 527 1
526 1549 1
526 1550 1
526 1551 1
527 279 1
527 526 1
527 1549 1
527 1550 1
527 1552 1
527 1553 1
528 23 1
528 100 1
528 244 1
528 258 1
528 529 1
528 1295 1
528 1554 1
528 1555 1
529 298 1
529 528 1
529 610 1
529 1295 1
530 386 1
530 1556 1
531 1557 1
532 487 1
532 488 1
532 1516 1
533 534 1
533 535 1
533 1558 1
534 533 1
534 535 1
534 593 1
535 533 1
535 534 1
535 593 1
535 1558 1
536 537 1
537 536 1
537 706 1
538 41 1
538 44 1
538 1559 1
539 1560 1
540 1561 1
541 542 1
542 541 1
542 1263 1
543 1562 1
544 1563 1
545 117 1
545 291 1
545 322 1
545 1564 1
546 76 1
546 292 1
546 750 1
547 292 1
547 294 1
547 1565 1
547 1566 1
547 1567 1
548 292 1
548 333 1
548 408 1
548 1568 1
548 1569 1
549 138 1
549 292 1
549 294 1
549 673 1
550 387 1
550 1570 1
551 91 1
551 259 1
551 387 1
551 801 1
551 998 1
551 1211 1
551 1571 1
551 1572 1
552 1469 1
553 101 1
553 399 1
553 1573 1
553 1574 1
554 272 1
554 1575 1
555 403 1
555 803 1
555 1576 1
555 1577 1
555 1578 1
556 53 1
556 403 1
556 1488 1
557 403 1
557 1519 1
557 1579 1
558 1580 1
559 184 1
559 560 1
559 1581 1
560 184 1
560 559 1
560 1581 1
561 96 1
561 99 1
561 100 1
561 101 1
561 103 1
561 104 1
561 105 1
561 621 1
561 1036 1
562 563 1
563 562 1
563 678 1
564 73 1
564 182 1
564 1582 1
565 225 1
565 1216 1
566 257 1
566 824 1
566 1583 1
566 1584 1
567 152 1
567 366 1
567 653 1
568 199 1
568 366 1
568 1284 1
569 303 1
569 570 1
569 571 1
570 303 1
570 513 1
570 569 1
570 581 1
570 1079 1
570 1300 1
570 1585 1
571 192 1
571 359 1
571 569 1
571 1586 1
571 1587 1
572 373 1
572 573 1
572 574 1
573 572 1
573 574 1
574 572 1
574 573 1
574 1588 1
575 244 1
575 501 1
575 963 1
576 244 1
576 499 1
576 1583 1
577 578 1
578 206 1
578 577 1
578 1589 1
578 1590 1
579 441 1
579 580 1
579 1591 1
580 579 1
580 678 1
580 738 1
580 1592 1
580 1593 1
580 1594 1
581 23 1
581 64 1
581 514 1
581 570 1
581 1595 1
582 84 1
582 87 1
582 423 1
582 865 1
583 584 1
583 1596 1
584 361 1
584 583 1
584 1372 1
585 586 1
585 1597 1
585 1598 1
586 585 1
586 747 1
587 588 1
588 266 1
588 272 1
588 363 1
588 587 1
588 1432 1
588 1599 1
588 1600 1
589 590 1
590 589 1
590 634 1
590 1457 1
591 963 1
592 50 1
592 271 1
592 425 1
592 482 1
592 514 1
592 618 1
593 534 1
593 535 1
593 1601 1
594 595 1
594 596 1
594 597 1
594 598 1
594 1583 1
594 1602 1
595 271 1
595 594 1
595 603 1
595 1603 1
596 191 1
596 594 1
596 1604 1
597 594 1
597 1451 1
598 594 1
598 1605 1
599 600 1
599 1606 1
600 599 1
600 1607 1
600 1608 1
601 1609 1
602 1582 1
603 120 1
603 271 1
603 595 1
603 803 1
603 1605 1
603 1610 1
603 1611 1
603 1612 1
604 271 1
604 288 1
604 458 1
604 1613 1
605 362 1
605 606 1
606 605 1
606 1614 1
607 118 1
607 299 1
607 608 1
607 609 1
607 1010 1
607 1287 1
607 1615 1
607 1616 1
607 1617 1
608 199 1
608 607 1
608 818 1
609 607 1
609 663 1
609 830 1
610 295 1
610 360 1
610 361 1
610 506 1
610 529 1
610 1618 1
611 3 1
611 359 1
611 422 1
611 506 1
611 1619 1
612 1620 1
613 614 1
614 613 1
614 754 1
615 368 1
615 812 1
615 813 1
616 900 1
616 1621 1
617 474 1
617 760 1
618 379 1
618 592 1
618 653 1
618 1622 1
619 206 1
619 620 1
620 619 1
620 1623 1
621 51 1
621 561 1
621 663 1
621 664 1
621 665 1
621 680 1
621 743 1
621 1624 1
621 1625 1
622 113 1
622 266 1
622 352 1
622 1626 1
622 1627 1
623 1628 1
624 625 1
625 624 1
625 1629 1
626 627 1
626 628 1
627 626 1
627 1630 1
628 626 1
628 1630 1
628 1631 1
629 62 1
629 65 1
629 1632 1
630 420 1
630 499 1
630 1527 1
631 499 1
631 1633 1
631 1634 1
632 1635 1
633 1636 1
634 66 1
634 590 1
634 813 1
635 50 1
635 636 1
635 637 1
636 635 1
636 637 1
636 1637 1
637 635 1
637 636 1
637 1637 1
638 373 1
638 1599 1
638 1638 1
639 214 1
639 509 1
639 1639 1
640 17 1
640 75 1
640 642 1
641 17 1
641 643 1
641 1640 1
642 17 1
642 332 1
642 640 1
642 1641 1
643 17 1
643 43 1
643 138 1
643 407 1
643 408 1
643 641 1
643 644 1
643 1642 1
644 17 1
644 55 1
644 332 1
644 643 1
644 979 1
644 1436 1
645 1643 1
646 647 1
647 349 1
647 401 1
647 477 1
647 515 1
647 646 1
647 1644 1
648 649 1
648 650 1
648 1645 1
649 648 1
649 650 1
649 652 1
650 64 1
650 648 1
650 649 1
650 651 1
650 1645 1
650 1646 1
651 650 1
651 652 1
652 199 1
652 649 1
652 651 1
652 1646 1
653 27 1
653 567 1
653 618 1
653 654 1
654 26 1
654 152 1
654 653 1
654 1647 1
655 1648 1
655 1649 1
656 1650 1
657 658 1
658 5 1
658 405 1
658 657 1
658 864 1
658 1651 1
658 1652 1
658 1653 1
659 388 1
659 803 1
659 1654 1
659 1655 1
659 1656 1
660 1440 1
660 1657 1
660 1658 1
661 1659 1
662 65 1
662 271 1
662 833 1
663 144 1
663 609 1
663 621 1
663 664 1
663 665 1
663 1215 1
663 1624 1
664 621 1
664 663 1
664 665 1
664 1624 1
665 621 1
665 663 1
665 664 1
665 1624 1
666 667 1
667 297 1
667 421 1
667 666 1
667 1214 1
668 187 1
668 229 1
668 1660 1
669 514 1
669 1541 1
670 150 1
670 833 1
671 1661 1
672 673 1
673 549 1
673 672 1
673 1662 1
674 1472 1
674 1663 1
675 676 1
676 675 1
676 810 1
677 678 1
678 27 1
678 488 1
678 563 1
678 580 1
678 677 1
678 692 1
678 1664 1
678 1665 1
679 680 1
680 420 1
680 621 1
680 679 1
680 1666 1
681 1458 1
682 66 1
682 468 1
682 955 1
682 1667 1
682 1668 1
683 410 1
683 1669 1
683 1670 1
683 1671 1
683 1672 1
683 1673 1
684 685 1
685 23 1
685 27 1
685 297 1
685 684 1
685 1340 1
685 1674 1
686 46 1
686 307 1
686 1675 1
686 1676 1
686 1677 1
687 688 1
687 689 1
687 1678 1
688 687 1
688 689 1
689 687 1
689 688 1
689 1678 1
690 49 1
690 115 1
690 1679 1
690 1680 1
691 1681 1
692 240 1
692 678 1
692 1453 1
693 694 1
693 695 1
694 693 1
694 695 1
695 693 1
695 694 1
695 1682 1
696 697 1
696 1683 1
697 696 1
697 1684 1
698 1685 1
699 179 1
699 1686 1
700 272 1
700 432 1
700 759 1
700 1276 1
700 1349 1
701 702 1
702 701 1
702 1605 1
702 1607 1
703 704 1
704 703 1
704 1687 1
705 161 1
705 1688 1
706 161 1
706 537 1
706 1689 1
707 708 1
708 707 1
708 1690 1
708 1691 1
708 1692 1
709 710 1
710 709 1
710 1693 1
711 27 1
711 481 1
711 1694 1
712 713 1
713 712 1
713 1695 1
714 523 1
714 765 1
714 809 1
715 168 1
715 286 1
715 492 1
715 1473 1
715 1610 1
715 1694 1
715 1696 1
715 1697 1
715 1698 1
715 1699 1
715 1700 1
715 1701 1
715 1702 1
715 1703 1
715 1704 1
715 1705 1
715 1706 1
715 1707 1
716 1708 1
717 927 1
718 1709 1
719 1710 1
720 1711 1
721 1712 1
722 1652 1
723 724 1
723 1713 1
724 723 1
724 732 1
725 465 1
725 1714 1
726 1715 1
727 728 1
728 355 1
728 727 1
728 1623 1
729 1716 1
730 65 1
730 276 1
730 731 1
730 979 1
731 730 1
731 778 1
732 724 1
732 1717 1
733 734 1
733 735 1
733 736 1
734 733 1
734 1003 1
735 733 1
735 1718 1
736 424 1
736 733 1
736 773 1
737 389 1
737 390 1
737 511 1
737 1719 1
738 580 1
738 840 1
739 740 1
740 739 1
740 1720 1
741 1721 1
742 23 1
742 1156 1
743 23 1
743 66 1
743 422 1
743 475 1
743 621 1
743 1537 1
744 1722 1
745 1723 1
746 1724 1
747 586 1
747 1725 1
747 1726 1
748 1727 1
749 66 1
749 1728 1
749 1729 1
750 75 1
750 546 1
750 1667 1
751 209 1
751 762 1
751 1498 1
752 209 1
752 1730 1
753 22 1
753 390 1
753 756 1
753 802 1
754 614 1
754 1731 1
755 1732 1
755 1733 1
755 1734 1
755 1735 1
755 1736 1
756 23 1
756 753 1
756 1737 1
756 1738 1
757 404 1
757 758 1
758 424 1
758 757 1
758 1739 1
758 1740 1
758 1741 1
758 1742 1
758 1743 1
758 1744 1
758 1745 1
758 1746 1
758 1747 1
759 3 1
759 192 1
759 520 1
759 700 1
759 1748 1
759 1749 1
760 3 1
760 349 1
760 617 1
760 1696 1
760 1750 1
760 1751 1
761 1752 1
762 751 1
762 1498 1
763 1753 1
764 765 1
765 4 1
765 714 1
765 764 1
765 1754 1
765 1755 1
766 15 1
766 1756 1
767 1757 1
768 1622 1
769 770 1
769 1361 1
770 769 1
770 775 1
771 772 1
772 771 1
772 1758 1
773 736 1
773 1452 1
774 1186 1
775 770 1
775 1759 1
776 1760 1
777 494 1
777 1761 1
778 731 1
778 1762 1
778 1763 1
779 454 1
779 1764 1
780 1765 1
781 1766 1
782 1767 1
783 906 1
783 1768 1
784 222 1
784 1769 1
784 1770 1
785 1771 1
786 787 1
787 786 1
787 802 1
788 789 1
789 788 1
789 1772 1
790 791 1
790 792 1
790 793 1
791 790 1
791 792 1
791 793 1
792 121 1
792 790 1
792 791 1
792 1773 1
793 790 1
793 791 1
793 1774 1
794 1775 1
795 1776 1
796 430 1
796 1777 1
797 1778 1
798 799 1
799 64 1
799 451 1
799 798 1
799 1779 1
800 64 1
800 1780 1
801 53 1
801 551 1
801 1781 1
801 1782 1
802 753 1
802 787 1
802 1783 1
802 1784 1
802 1785 1
802 1786 1
802 1787 1
802 1788 1
802 1789 1
802 1790 1
802 1791 1
802 1792 1
802 1793 1
803 555 1
803 603 1
803 659 1
803 817 1
803 1349 1
803 1794 1
804 1795 1
805 1796 1
806 1797 1
807 1798 1
808 1799 1
809 714 1
809 810 1
810 676 1
810 809 1
810 1800 1
810 1801 1
810 1802 1
810 1803 1
811 1804 1
812 615 1
812 1805 1
813 615 1
813 634 1
813 1005 1
813 1806 1
814 815 1
814 816 1
815 814 1
815 1807 1
816 814 1
816 1808 1
817 803 1
817 1611 1
817 1809 1
818 247 1
818 333 1
818 608 1
818 1739 1
818 1810 1
818 1811 1
819 1812 1
820 1813 1
821 1814 1
822 1815 1
823 1816 1
824 566 1
824 1676 1
825 1817 1
826 477 1
826 830 1
826 1818 1
827 477 1
827 1819 1
827 1820 1
827 1821 1
828 1822 1
829 1823 1
829 1824 1
829 1825 1
830 119 1
830 609 1
830 826 1
830 1826 1
831 482 1
831 1827 1
832 1828 1
833 662 1
833 670 1
833 1829 1
834 1830 1
835 1831 1
835 1832 1
836 1833 1
837 1834 1
838 1835 1
839 1836 1
840 738 1
840 1837 1
840 1838 1
841 842 1
842 841 1
842 1839 1
843 1840 1
844 1841 1
845 1842 1
846 1843 1
847 1844 1
848 1845 1
849 1846 1
850 2 1
850 48 1
851 2 1
852 2 1
853 3 1
854 3 1
854 14 1
855 3 1
856 3 1
856 309 1
857 3 1
858 3 1
858 128 1
858 174 1
859 3 1
859 23 1
860 3 1
860 50 1
860 187 1
860 229 1
860 230 1
861 3 1
862 3 1
863 3 1
864 5 1
864 508 1
864 658 1
865 6 1
865 582 1
866 7 1
866 8 1
867 12 1
867 62 1
868 12 1
868 416 1
868 443 1
869 14 1
870 14 1
871 14 1
872 14 1
873 14 1
874 14 1
875 14 1
876 14 1
877 14 1
878 14 1
879 15 1
880 15 1
880 199 1
881 15 1
882 17 1
882 40 1
883 17 1
883 75 1
884 17 1
884 50 1
885 17 1
886 17 1
887 18 1
887 20 1
888 20 1
888 130 1
889 20 1
890 22 1
891 23 1
891 68 1
892 23 1
893 23 1
893 48 1
893 154 1
894 23 1
894 341 1
895 23 1
896 23 1
896 92 1
897 23 1
898 23 1
899 23 1
899 300 1
900 23 1
900 616 1
901 23 1
902 23 1
903 23 1
904 23 1
905 23 1
905 64 1
905 209 1
906 23 1
906 783 1
907 23 1
908 23 1
909 27 1
910 27 1
911 31 1
912 32 1
913 32 1
914 32 1
914 33 1
915 33 1
915 204 1
916 33 1
916 204 1
917 33 1
918 33 1
919 33 1
920 33 1
920 34 1
921 33 1
922 34 1
922 403 1
923 34 1
924 34 1
925 34 1
926 34 1
927 35 1
927 717 1
928 38 1
929 39 1
930 39 1
931 39 1
932 40 1
932 128 1
933 40 1
933 48 1
934 40 1
935 41 1
936 41 1
937 44 1
938 44 1
939 47 1
940 48 1
940 193 1
941 48 1
941 189 1
941 206 1
942 48 1
942 65 1
943 48 1
944 48 1
945 48 1
946 48 1
947 48 1
948 48 1
949 49 1
949 75 1
949 253 1
949 254 1
950 49 1
951 49 1
952 49 1
953 49 1
953 518 1
954 49 1
955 49 1
955 254 1
955 682 1
956 49 1
957 49 1
958 50 1
959 50 1
960 50 1
960 193 1
961 50 1
962 50 1
962 189 1
963 50 1
963 575 1
963 591 1
964 50 1
964 187 1
965 50 1
965 174 1
966 50 1
967 50 1
968 50 1
969 50 1
970 50 1
971 50 1
972 50 1
973 50 1
974 50 1
974 442 1
975 50 1
976 50 1
977 51 1
978 52 1
979 53 1
979 333 1
979 334 1
979 644 1
979 730 1
980 53 1
981 56 1
982 58 1
982 59 1
982 60 1
983 62 1
983 162 1
984 62 1
984 162 1
985 62 1
985 311 1
986 62 1
987 62 1
987 482 1
988 62 1
988 206 1
989 62 1
990 62 1
991 64 1
991 503 1
992 64 1
992 266 1
993 64 1
994 64 1
995 64 1
995 209 1
995 371 1
996 64 1
997 64 1
998 64 1
998 199 1
998 551 1
999 64 1
999 199 1
999 451 1
1000 64 1
1001 64 1
1002 65 1
1002 451 1
1002 523 1
1003 65 1
1003 734 1
1004 65 1
1004 138 1
1005 65 1
1005 813 1
1006 65 1
1007 65 1
1008 65 1
1009 65 1
1010 66 1
1010 607 1
1011 66 1
1012 66 1
1013 67 1
1014 68 1
1014 129 1
1014 130 1
1015 68 1
1015 259 1
1016 68 1
1017 69 1
1018 71 1
1018 197 1
1018 198 1
1019 71 1
1020 72 1
1021 72 1
1022 75 1
1023 77 1
1024 80 1
1025 84 1
1026 85 1
1027 88 1
1027 89 1
1028 93 1
1029 93 1
1030 98 1
1031 99 1
1032 100 1
1033 100 1
1033 161 1
1034 100 1
1035 100 1
1035 104 1
1035 425 1
1036 100 1
1036 561 1
1037 100 1
1037 179 1
1038 100 1
1039 100 1
1040 100 1
1040 206 1
1041 100 1
1042 100 1
1043 100 1
1044 100 1
1045 100 1
1046 101 1
1047 106 1
1048 108 1
1049 109 1
1050 109 1
1051 110 1
1051 309 1
1052 112 1
1053 113 1
1054 114 1
1055 114 1
1056 115 1
1057 115 1
1058 116 1
1059 118 1
1059 122 1
1060 123 1
1061 124 1
1062 125 1
1063 126 1
1064 128 1
1065 128 1
1066 128 1
1066 290 1
1067 128 1
1068 128 1
1069 128 1
1070 128 1
1071 130 1
1072 130 1
1073 131 1
1073 132 1
1073 133 1
1073 134 1
1073 135 1
1074 134 1
1074 194 1
1074 293 1
1074 307 1
1075 135 1
1075 461 1
1076 138 1
1076 314 1
1076 345 1
1077 138 1
1077 140 1
1077 333 1
1078 138 1
1078 334 1
1078 369 1
1078 470 1
1078 524 1
1079 138 1
1079 570 1
1080 138 1
1081 140 1
1082 140 1
1083 140 1
1083 216 1
1084 140 1
1085 140 1
1086 140 1
1087 140 1
1088 140 1
1089 140 1
1090 140 1
1091 140 1
1092 140 1
1093 140 1
1094 140 1
1095 140 1
1096 140 1
1097 140 1
1098 140 1
1099 140 1
1100 140 1
1101 140 1
1102 140 1
1103 140 1
1104 140 1
1105 140 1
1106 140 1
1107 140 1
1108 140 1
1109 140 1
1110 140 1
1111 140 1
1112 140 1
1113 140 1
1114 140 1
1115 140 1
1116 140 1
1117 140 1
1118 140 1
1119 140 1
1120 140 1
1121 140 1
1122 140 1
1123 140 1
1124 140 1
1125 140 1
1126 140 1
1127 141 1
1128 142 1
1128 234 1
1129 145 1
1130 147 1
1131 148 1
1132 149 1
1133 149 1
1134 154 1
1135 155 1
1136 156 1
1137 159 1
1138 161 1
1138 408 1
1139 161 1
1140 161 1
1141 161 1
1142 161 1
1143 162 1
1144 162 1
1145 165 1
1146 167 1
1147 169 1
1148 169 1
1149 172 1
1150 174 1
1150 309 1
1151 174 1
1152 174 1
1153 174 1
1154 174 1
1155 175 1
1156 176 1
1156 742 1
1157 177 1
1158 178 1
1159 179 1
1160 182 1
1160 303 1
1161 182 1
1162 182 1
1163 183 1
1164 183 1
1165 183 1
1166 187 1
1167 189 1
1168 189 1
1169 189 1
1170 189 1
1171 189 1
1172 189 1
1173 189 1
1174 189 1
1175 189 1
1176 192 1
1177 192 1
1178 192 1
1179 192 1
1180 192 1
1181 192 1
1182 193 1
1183 193 1
1184 194 1
1185 196 1
1186 199 1
1186 774 1
1187 199 1
1188 199 1
1189 199 1
1190 199 1
1191 199 1
1192 199 1
1193 199 1
1194 199 1
1195 199 1
1196 200 1
1197 201 1
1198 201 1
1198 363 1
1199 203 1
1200 206 1
1201 207 1
1202 209 1
1203 209 1
1204 209 1
1205 209 1
1206 210 1
1207 210 1
1208 211 1
1209 212 1
1210 213 1
1210 215 1
1211 217 1
1211 318 1
1211 551 1
1212 217 1
1213 218 1
1214 221 1
1214 667 1
1215 223 1
1215 663 1
1216 225 1
1216 506 1
1216 565 1
1217 225 1
1218 227 1
1219 229 1
1220 229 1
1220 230 1
1221 229 1
1221 230 1
1222 230 1
1223 230 1
1224 230 1
1225 230 1
1226 230 1
1227 230 1
1228 230 1
1228 461 1
1229 230 1
1230 234 1
1231 234 1
1232 235 1
1233 236 1
1234 237 1
1234 238 1
1235 240 1
1236 240 1
1237 240 1
1238 240 1
1239 242 1
1240 242 1
1241 243 1
1242 243 1
1242 245 1
1242 246 1
1242 274 1
1242 276 1
1243 243 1
1243 500 1
1244 243 1
1245 243 1
1245 501 1
1246 245 1
1247 245 1
1248 245 1
1249 248 1
1249 249 1
1249 250 1
1250 252 1
1251 253 1
1252 254 1
1253 257 1
1254 257 1
1255 260 1
1256 262 1
1257 264 1
1258 266 1
1259 266 1
1259 434 1
1259 435 1
1260 266 1
1260 366 1
1261 266 1
1262 266 1
1263 266 1
1263 542 1
1264 266 1
1265 266 1
1266 266 1
1267 266 1
1268 266 1
1269 266 1
1270 266 1
1271 266 1
1272 267 1
1273 268 1
1273 269 1
1274 271 1
1275 272 1
1276 272 1
1276 700 1
1277 273 1
1278 273 1
1278 305 1
1279 273 1
1280 275 1
1281 280 1
1282 282 1
1283 284 1
1284 284 1
1284 568 1
1285 285 1
1286 285 1
1287 286 1
1287 607 1
1288 286 1
1289 288 1
1290 288 1
1291 288 1
1292 290 1
1292 374 1
1293 292 1
1293 294 1
1294 296 1
1295 298 1
1295 528 1
1295 529 1
1296 300 1
1297 300 1
1298 301 1
1299 303 1
1300 303 1
1300 570 1
1301 303 1
1302 303 1
1303 303 1
1304 305 1
1305 305 1
1305 392 1
1306 305 1
1307 305 1
1308 309 1
1309 309 1
1310 309 1
1311 309 1
1312 309 1
1313 309 1
1314 310 1
1315 310 1
1316 310 1
1317 312 1
1318 314 1
1319 314 1
1320 314 1
1321 314 1
1322 314 1
1323 314 1
1324 314 1
1325 315 1
1326 316 1
1327 318 1
1328 318 1
1329 319 1
1330 320 1
1331 320 1
1332 322 1
1333 324 1
1334 324 1
1335 325 1
1336 325 1
1337 325 1
1338 325 1
1339 325 1
1340 326 1
1340 685 1
1341 326 1
1342 326 1
1343 326 1
1344 327 1
1345 327 1
1346 330 1
1347 332 1
1348 333 1
1349 334 1
1349 700 1
1349 803 1
1350 335 1
1350 337 1
1350 338 1
1351 336 1
1352 339 1
1353 340 1
1354 343 1
1355 344 1
1356 346 1
1357 346 1
1358 346 1
1359 346 1
1360 347 1
1361 348 1
1361 769 1
1362 349 1
1363 349 1
1363 515 1
1364 353 1
1365 353 1
1366 355 1
1367 355 1
1368 356 1
1369 358 1
1369 463 1
1370 358 1
1371 358 1
1372 361 1
1372 584 1
1373 362 1
1374 362 1
1375 364 1
1376 364 1
1377 364 1
1378 366 1
1379 366 1
1380 366 1
1381 366 1
1382 366 1
1383 366 1
1384 367 1
1385 367 1
1386 368 1
1387 368 1
1388 368 1
1389 368 1
1390 368 1
1391 369 1
1392 369 1
1393 369 1
1394 369 1
1395 369 1
1396 369 1
1397 370 1
1398 370 1
1399 372 1
1400 372 1
1401 372 1
1402 372 1
1403 373 1
1404 373 1
1405 373 1
1406 377 1
1407 380 1
1408 381 1
1409 383 1
1410 384 1
1411 385 1
1412 392 1
1413 394 1
1414 395 1
1415 396 1
1416 396 1
1417 398 1
1418 401 1
1419 401 1
1420 401 1
1421 401 1
1422 401 1
1423 403 1
1424 403 1
1425 403 1
1426 403 1
1427 403 1
1428 403 1
1429 403 1
1430 404 1
1431 404 1
1432 404 1
1432 482 1
1432 588 1
1433 404 1
1434 404 1
1435 405 1
1436 407 1
1436 644 1
1437 408 1
1438 409 1
1439 410 1
1440 411 1
1440 660 1
1441 411 1
1442 411 1
1443 411 1
1444 413 1
1445 413 1
1446 414 1
1447 416 1
1448 418 1
1449 419 1
1450 422 1
1451 423 1
1451 597 1
1452 424 1
1452 773 1
1453 426 1
1453 515 1
1453 692 1
1454 428 1
1455 430 1
1456 431 1
1457 432 1
1457 590 1
1458 432 1
1458 681 1
1459 437 1
1460 437 1
1461 438 1
1462 439 1
1463 442 1
1464 445 1
1465 446 1
1466 447 1
1467 447 1
1468 448 1
1469 451 1
1469 552 1
1470 451 1
1471 452 1
1472 454 1
1472 674 1
1473 454 1
1473 715 1
1474 456 1
1475 456 1
1476 458 1
1477 458 1
1478 458 1
1479 459 1
1480 460 1
1481 461 1
1482 461 1
1483 461 1
1484 461 1
1485 462 1
1486 464 1
1487 465 1
1488 466 1
1488 556 1
1489 466 1
1490 466 1
1491 467 1
1491 468 1
1492 470 1
1493 470 1
1494 471 1
1495 472 1
1496 474 1
1497 476 1
1498 477 1
1498 751 1
1498 762 1
1499 479 1
1500 479 1
1501 479 1
1502 479 1
1503 479 1
1504 481 1
1505 482 1
1506 482 1
1507 484 1
1508 484 1
1509 484 1
1510 485 1
1511 485 1
1512 486 1
1513 486 1
1514 486 1
1515 486 1
1516 487 1
1516 488 1
1516 532 1
1517 488 1
1518 489 1
1519 490 1
1519 557 1
1520 490 1
1521 491 1
1522 491 1
1523 495 1
1524 497 1
1525 498 1
1526 499 1
1527 499 1
1527 630 1
1528 502 1
1529 502 1
1530 502 1
1531 502 1
1532 503 1
1533 504 1
1534 504 1
1535 504 1
1536 509 1
1537 509 1
1537 743 1
1538 510 1
1539 512 1
1540 514 1
1541 514 1
1541 669 1
1542 517 1
1543 518 1
1544 519 1
1545 521 1
1546 521 1
1547 523 1
1548 524 1
1549 526 1
1549 527 1
1550 526 1
1550 527 1
1551 526 1
1552 527 1
1553 527 1
1554 528 1
1555 528 1
1556 530 1
1557 531 1
1558 533 1
1558 535 1
1559 538 1
1560 539 1
1561 540 1
1562 543 1
1563 544 1
1564 545 1
1565 547 1
1566 547 1
1567 547 1
1568 548 1
1569 548 1
1570 550 1
1571 551 1
1572 551 1
1573 553 1
1574 553 1
1575 554 1
1576 555 1
1577 555 1
1578 555 1
1579 557 1
1580 558 1
1581 559 1
1581 560 1
1582 564 1
1582 602 1
1583 566 1
1583 576 1
1583 594 1
1584 566 1
1585 570 1
1586 571 1
1587 571 1
1588 574 1
1589 578 1
1590 578 1
1591 579 1
1592 580 1
1593 580 1
1594 580 1
1595 581 1
1596 583 1
1597 585 1
1598 585 1
1599 588 1
1599 638 1
1600 588 1
1601 593 1
1602 594 1
1603 595 1
1604 596 1
1605 598 1
1605 603 1
1605 702 1
1606 599 1
1607 600 1
1607 702 1
1608 600 1
1609 601 1
1610 603 1
1610 715 1
1611 603 1
1611 817 1
1612 603 1
1613 604 1
1614 606 1
1615 607 1
1616 607 1
1617 607 1
1618 610 1
1619 611 1
1620 612 1
1621 616 1
1622 618 1
1622 768 1
1623 620 1
1623 728 1
1624 621 1
1624 663 1
1624 664 1
1624 665 1
1625 621 1
1626 622 1
1627 622 1
1628 623 1
1629 625 1
1630 627 1
1630 628 1
1631 628 1
1632 629 1
1633 631 1
1634 631 1
1635 632 1
1636 633 1
1637 636 1
1637 637 1
1638 638 1
1639 639 1
1640 641 1
1641 642 1
1642 643 1
1643 645 1
1644 647 1
1645 648 1
1645 650 1
1646 650 1
1646 652 1
1647 654 1
1648 655 1
1649 655 1
1650 656 1
1651 658 1
1652 658 1
1652 722 1
1653 658 1
1654 659 1
1655 659 1
1656 659 1
1657 660 1
1658 660 1
1659 661 1
1660 668 1
1661 671 1
1662 673 1
1663 674 1
1664 678 1
1665 678 1
1666 680 1
1667 682 1
1667 750 1
1668 682 1
1669 683 1
1670 683 1
1671 683 1
1672 683 1
1673 683 1
1674 685 1
1675 686 1
1676 686 1
1676 824 1
1677 686 1
1678 687 1
1678 689 1
1679 690 1
1680 690 1
1681 691 1
1682 695 1
1683 696 1
1684 697 1
1685 698 1
1686 699 1
1687 704 1
1688 705 1
1689 706 1
1690 708 1
1691 708 1
1692 708 1
1693 710 1
1694 711 1
1694 715 1
1695 713 1
1696 715 1
1696 760 1
1697 715 1
1698 715 1
1699 715 1
1700 715 1
1701 715 1
1702 715 1
1703 715 1
1704 715 1
1705 715 1
1706 715 1
1707 715 1
1708 716 1
1709 718 1
1710 719 1
1711 720 1
1712 721 1
1713 723 1
1714 725 1
1715 726 1
1716 729 1
1717 732 1
1718 735 1
1719 737 1
1720 740 1
1721 741 1
1722 744 1
1723 745 1
1724 746 1
1725 747 1
1726 747 1
1727 748 1
1728 749 1
1729 749 1
1730 752 1
1731 754 1
1732 755 1
1733 755 1
1734 755 1
1735 755 1
1736 755 1
1737 756 1
1738 756 1
1739 758 1
1739 818 1
1740 758 1
1741 758 1
1742 758 1
1743 758 1
1744 758 1
1745 758 1
1746 758 1
1747 758 1
1748 759 1
1749 759 1
1750 760 1
1751 760 1
1752 761 1
1753 763 1
1754 765 1
1755 765 1
1756 766 1
1757 767 1
1758 772 1
1759 775 1
1760 776 1
1761 777 1
1762 778 1
1763 778 1
1764 779 1
1765 780 1
1766 781 1
1767 782 1
1768 783 1
1769 784 1
1770 784 1
1771 785 1
1772 789 1
1773 792 1
1774 793 1
1775 794 1
1776 795 1
1777 796 1
1778 797 1
1779 799 1
1780 800 1
1781 801 1
1782 801 1
1783 802 1
1784 802 1
1785 802 1
1786 802 1
1787 802 1
1788 802 1
1789 802 1
1790 802 1
1791 802 1
1792 802 1
1793 802 1
1794 803 1
1795 804 1
1796 805 1
1797 806 1
1798 807 1
1799 808 1
1800 810 1
1801 810 1
1802 810 1
1803 810 1
1804 811 1
1805 812 1
1806 813 1
1807 815 1
1808 816 1
1809 817 1
1810 818 1
1811 818 1
1812 819 1
1813 820 1
1814 821 1
1815 822 1
1816 823 1
1817 825 1
1818 826 1
1819 827 1
1820 827 1
1821 827 1
1822 828 1
1823 829 1
1824 829 1
1825 829 1
1826 830 1
1827 831 1
1828 832 1
1829 833 1
1830 834 1
1831 835 1
1832 835 1
1833 836 1
1834 837 1
1835 838 1
1836 839 1
1837 840 1
1838 840 1
1839 842 1
1840 843 1
1841 844 1
1842 845 1
1843 846 1
1844 847 1
1845 848 1
1846 849 1
