1 2 1
1 4 1
1 5 1
1 6 1
1 7 1
1 8 1
1 10 1
1 11 1
1 12 1
1 13 1
1 19 1
1 22 1
1 26 1
1 38 1
1 39 1
1 272 1
1 283 1
1 309 1
1 318 1
1 333 1
1 353 1
1 354 1
1 359 1
1 361 1
1 362 1
1 363 1
1 364 1
1 365 1
1 366 1
2 1 1
2 4 1
2 5 1
2 7 1
2 11 1
2 12 1
2 16 1
2 359 1
2 361 1
2 362 1
2 363 1
2 364 1
2 366 1
3 14 1
3 25 1
3 36 1
3 45 1
3 56 1
3 67 1
3 168 1
3 349 1
3 360 1
3 368 1
4 1 1
4 2 1
4 5 1
4 7 1
4 8 1
4 9 1
4 10 1
4 12 1
4 38 1
4 342 1
4 359 1
4 361 1
4 362 1
4 363 1
4 364 1
4 365 1
5 1 1
5 2 1
5 4 1
5 6 1
5 7 1
5 8 1
5 9 1
5 10 1
5 11 1
5 12 1
5 13 1
5 16 1
5 26 1
5 27 1
5 32 1
5 355 1
5 356 1
5 358 1
5 359 1
5 361 1
5 362 1
5 363 1
5 364 1
5 365 1
5 366 1
5 367 1
6 1 1
6 5 1
6 7 1
6 8 1
6 9 1
6 11 1
6 12 1
6 26 1
6 49 1
6 359 1
6 361 1
6 362 1
6 363 1
6 364 1
6 365 1
6 366 1
6 367 1
7 1 1
7 2 1
7 4 1
7 5 1
7 6 1
7 8 1
7 11 1
7 12 1
7 16 1
7 26 1
7 51 1
7 309 1
7 310 1
7 338 1
7 342 1
7 357 1
7 361 1
7 362 1
7 363 1
7 364 1
7 365 1
7 366 1
7 367 1
8 1 1
8 4 1
8 5 1
8 6 1
8 7 1
8 9 1
8 11 1
8 12 1
8 19 1
8 337 1
8 359 1
8 362 1
8 364 1
8 366 1
8 367 1
9 4 1
9 5 1
9 6 1
9 8 1
9 10 1
9 11 1
9 12 1
9 362 1
9 363 1
9 365 1
9 367 1
9 369 1
10 1 1
10 4 1
10 5 1
10 9 1
10 11 1
10 13 1
10 26 1
10 28 1
10 116 1
10 359 1
10 361 1
10 362 1
10 363 1
10 364 1
10 366 1
11 1 1
11 2 1
11 5 1
11 6 1
11 7 1
11 8 1
11 9 1
11 10 1
11 12 1
11 13 1
11 22 1
11 26 1
11 38 1
11 283 1
11 359 1
11 362 1
11 363 1
11 364 1
11 365 1
11 366 1
11 367 1
12 1 1
12 2 1
12 4 1
12 5 1
12 6 1
12 7 1
12 8 1
12 9 1
12 11 1
12 35 1
12 43 1
12 332 1
12 356 1
12 361 1
12 362 1
12 363 1
12 364 1
12 366 1
12 367 1
13 1 1
13 5 1
13 10 1
13 11 1
13 15 1
13 359 1
14 3 1
14 25 1
14 36 1
14 45 1
14 56 1
14 67 1
14 168 1
14 227 1
14 315 1
14 319 1
14 328 1
14 349 1
14 360 1
14 368 1
15 13 1
15 16 1
15 17 1
15 18 1
15 22 1
15 26 1
15 28 1
15 29 1
15 33 1
15 34 1
15 37 1
15 43 1
15 73 1
15 74 1
15 77 1
15 79 1
15 84 1
15 93 1
15 94 1
15 95 1
15 318 1
15 323 1
15 332 1
15 353 1
15 363 1
15 364 1
16 2 1
16 5 1
16 7 1
16 15 1
16 17 1
16 18 1
16 22 1
16 26 1
16 28 1
16 29 1
16 37 1
16 38 1
16 39 1
16 74 1
16 75 1
16 77 1
16 79 1
16 82 1
16 93 1
16 94 1
16 323 1
16 325 1
16 332 1
17 15 1
17 16 1
17 18 1
17 50 1
17 364 1
18 15 1
18 16 1
18 17 1
18 31 1
18 37 1
18 50 1
18 77 1
18 84 1
18 91 1
18 94 1
18 95 1
18 324 1
18 341 1
18 364 1
18 369 1
19 1 1
19 8 1
19 23 1
19 33 1
19 41 1
19 356 1
19 369 1
20 21 1
20 23 1
20 26 1
20 28 1
20 30 1
20 31 1
20 35 1
20 37 1
20 51 1
20 52 1
20 70 1
20 74 1
20 75 1
20 77 1
20 85 1
20 90 1
20 93 1
20 94 1
20 121 1
20 133 1
20 140 1
20 317 1
20 318 1
20 356 1
21 20 1
21 22 1
21 23 1
21 26 1
21 27 1
21 28 1
21 29 1
21 30 1
21 31 1
21 32 1
21 33 1
21 34 1
21 37 1
21 38 1
21 39 1
21 48 1
21 50 1
21 356 1
21 361 1
21 362 1
21 369 1
22 1 1
22 11 1
22 15 1
22 16 1
22 21 1
22 23 1
22 26 1
22 27 1
22 28 1
22 29 1
22 30 1
22 31 1
22 32 1
22 33 1
22 34 1
22 38 1
22 39 1
22 43 1
22 44 1
22 69 1
22 72 1
22 74 1
23 19 1
23 20 1
23 21 1
23 22 1
23 26 1
23 27 1
23 28 1
23 29 1
23 31 1
23 33 1
23 34 1
23 35 1
23 37 1
23 39 1
23 43 1
23 46 1
23 48 1
23 49 1
23 357 1
24 116 1
24 317 1
24 318 1
24 319 1
24 328 1
25 3 1
25 14 1
25 36 1
25 45 1
25 67 1
25 78 1
25 168 1
25 217 1
25 268 1
25 307 1
25 319 1
25 328 1
25 349 1
25 360 1
25 368 1
25 370 1
26 1 1
26 5 1
26 6 1
26 7 1
26 10 1
26 11 1
26 15 1
26 16 1
26 20 1
26 21 1
26 22 1
26 23 1
26 27 1
26 28 1
26 29 1
26 30 1
26 31 1
26 32 1
26 33 1
26 34 1
26 35 1
26 37 1
26 38 1
26 39 1
26 48 1
26 61 1
26 66 1
26 74 1
26 340 1
26 341 1
26 361 1
26 364 1
27 5 1
27 21 1
27 22 1
27 23 1
27 26 1
27 28 1
27 29 1
27 30 1
27 31 1
27 32 1
27 33 1
27 35 1
27 37 1
27 39 1
27 43 1
27 50 1
27 65 1
27 317 1
27 367 1
28 10 1
28 15 1
28 16 1
28 20 1
28 21 1
28 22 1
28 23 1
28 26 1
28 27 1
28 29 1
28 30 1
28 31 1
28 33 1
28 34 1
28 35 1
28 37 1
28 38 1
28 48 1
28 53 1
28 325 1
29 15 1
29 16 1
29 21 1
29 22 1
29 23 1
29 26 1
29 27 1
29 28 1
29 30 1
29 31 1
29 32 1
29 33 1
29 34 1
29 38 1
29 48 1
29 50 1
29 121 1
29 122 1
29 318 1
29 323 1
29 361 1
30 20 1
30 21 1
30 22 1
30 26 1
30 27 1
30 28 1
30 29 1
30 31 1
30 32 1
30 33 1
30 34 1
30 35 1
30 38 1
30 39 1
30 47 1
30 50 1
30 73 1
30 317 1
30 365 1
31 18 1
31 20 1
31 21 1
31 22 1
31 23 1
31 26 1
31 27 1
31 28 1
31 29 1
31 30 1
31 32 1
31 33 1
31 34 1
31 35 1
31 37 1
31 38 1
31 318 1
32 5 1
32 21 1
32 22 1
32 26 1
32 27 1
32 29 1
32 30 1
32 31 1
32 33 1
32 34 1
32 38 1
32 39 1
32 50 1
32 341 1
32 369 1
33 15 1
33 19 1
33 21 1
33 22 1
33 23 1
33 26 1
33 27 1
33 28 1
33 29 1
33 30 1
33 31 1
33 32 1
33 34 1
33 38 1
33 39 1
33 48 1
33 50 1
34 15 1
34 21 1
34 22 1
34 23 1
34 26 1
34 28 1
34 29 1
34 30 1
34 31 1
34 32 1
34 33 1
34 37 1
34 39 1
35 12 1
35 20 1
35 23 1
35 26 1
35 27 1
35 28 1
35 30 1
35 31 1
35 37 1
35 362 1
36 3 1
36 14 1
36 25 1
36 45 1
36 56 1
36 67 1
36 89 1
36 168 1
36 257 1
36 316 1
36 349 1
36 360 1
36 368 1
37 15 1
37 16 1
37 18 1
37 20 1
37 21 1
37 23 1
37 26 1
37 27 1
37 28 1
37 31 1
37 34 1
37 35 1
37 38 1
37 39 1
37 43 1
37 74 1
37 94 1
37 95 1
37 129 1
37 135 1
37 137 1
37 325 1
37 371 1
37 372 1
37 373 1
38 1 1
38 4 1
38 11 1
38 16 1
38 21 1
38 22 1
38 26 1
38 28 1
38 29 1
38 30 1
38 31 1
38 32 1
38 33 1
38 37 1
38 39 1
38 74 1
38 317 1
38 318 1
38 356 1
39 1 1
39 16 1
39 21 1
39 22 1
39 23 1
39 26 1
39 27 1
39 30 1
39 32 1
39 33 1
39 34 1
39 37 1
39 38 1
39 47 1
39 77 1
39 113 1
40 41 1
40 48 1
40 49 1
40 72 1
41 19 1
41 40 1
41 46 1
41 48 1
41 49 1
41 50 1
42 43 1
42 44 1
42 46 1
42 49 1
43 12 1
43 15 1
43 22 1
43 23 1
43 27 1
43 37 1
43 42 1
43 44 1
43 46 1
43 48 1
43 49 1
43 50 1
43 93 1
43 95 1
43 353 1
43 354 1
44 22 1
44 42 1
44 43 1
44 46 1
44 48 1
44 72 1
44 318 1
44 354 1
45 3 1
45 14 1
45 25 1
45 36 1
45 56 1
45 67 1
45 97 1
45 328 1
45 349 1
45 360 1
45 368 1
46 23 1
46 41 1
46 42 1
46 43 1
46 44 1
46 47 1
46 50 1
46 51 1
46 72 1
46 317 1
46 318 1
46 353 1
46 357 1
47 30 1
47 39 1
47 46 1
47 48 1
47 50 1
47 74 1
47 317 1
47 318 1
48 21 1
48 23 1
48 26 1
48 28 1
48 29 1
48 33 1
48 40 1
48 41 1
48 43 1
48 44 1
48 47 1
48 50 1
48 51 1
48 74 1
48 317 1
48 318 1
48 323 1
48 325 1
48 353 1
48 357 1
49 6 1
49 23 1
49 40 1
49 41 1
49 42 1
49 43 1
49 50 1
50 17 1
50 18 1
50 21 1
50 27 1
50 29 1
50 30 1
50 32 1
50 33 1
50 41 1
50 43 1
50 46 1
50 47 1
50 48 1
50 49 1
50 51 1
50 71 1
50 333 1
50 363 1
51 7 1
51 20 1
51 46 1
51 48 1
51 50 1
51 66 1
51 98 1
51 122 1
51 125 1
51 129 1
51 132 1
51 142 1
51 364 1
52 20 1
52 53 1
52 54 1
52 55 1
52 57 1
52 58 1
52 59 1
52 60 1
52 61 1
52 62 1
52 63 1
52 64 1
52 65 1
52 66 1
52 68 1
52 70 1
52 71 1
52 75 1
52 76 1
52 77 1
52 80 1
52 81 1
52 82 1
52 84 1
52 85 1
52 86 1
52 88 1
52 90 1
52 91 1
52 94 1
52 126 1
53 28 1
53 52 1
53 54 1
53 55 1
53 57 1
53 58 1
53 59 1
53 60 1
53 61 1
53 62 1
53 63 1
53 65 1
53 66 1
53 70 1
53 71 1
53 72 1
53 73 1
53 77 1
53 79 1
54 52 1
54 53 1
54 55 1
54 57 1
54 58 1
54 59 1
54 60 1
54 61 1
54 63 1
54 64 1
54 65 1
54 66 1
54 70 1
54 354 1
55 52 1
55 53 1
55 54 1
55 57 1
55 59 1
55 60 1
55 62 1
55 65 1
55 66 1
55 71 1
55 84 1
55 91 1
55 109 1
56 3 1
56 14 1
56 36 1
56 45 1
56 67 1
56 349 1
56 360 1
57 52 1
57 53 1
57 54 1
57 55 1
57 58 1
57 59 1
57 60 1
57 61 1
57 62 1
57 63 1
57 64 1
57 65 1
57 66 1
57 68 1
57 70 1
57 71 1
57 333 1
58 52 1
58 53 1
58 54 1
58 57 1
58 59 1
58 60 1
58 61 1
58 63 1
58 64 1
58 65 1
58 66 1
58 68 1
58 70 1
58 71 1
58 84 1
58 88 1
58 354 1
59 52 1
59 53 1
59 54 1
59 55 1
59 57 1
59 58 1
59 60 1
59 61 1
59 62 1
59 63 1
59 64 1
59 65 1
59 66 1
59 68 1
59 70 1
59 71 1
59 75 1
59 82 1
59 84 1
59 86 1
59 91 1
59 99 1
59 318 1
60 52 1
60 53 1
60 54 1
60 55 1
60 57 1
60 58 1
60 59 1
60 61 1
60 62 1
60 63 1
60 64 1
60 65 1
60 66 1
60 68 1
60 71 1
60 88 1
61 26 1
61 52 1
61 53 1
61 54 1
61 57 1
61 58 1
61 59 1
61 60 1
61 63 1
61 64 1
61 65 1
61 66 1
61 68 1
61 70 1
61 71 1
61 84 1
61 86 1
61 88 1
61 91 1
61 126 1
61 131 1
62 52 1
62 53 1
62 55 1
62 57 1
62 59 1
62 60 1
62 63 1
62 64 1
62 65 1
62 66 1
62 68 1
62 71 1
62 75 1
62 76 1
62 80 1
62 81 1
62 105 1
63 52 1
63 53 1
63 54 1
63 57 1
63 58 1
63 59 1
63 60 1
63 61 1
63 62 1
63 64 1
63 65 1
63 66 1
63 68 1
63 70 1
63 71 1
63 88 1
63 354 1
64 52 1
64 54 1
64 57 1
64 58 1
64 59 1
64 60 1
64 61 1
64 62 1
64 63 1
64 65 1
64 66 1
64 68 1
64 70 1
65 27 1
65 52 1
65 53 1
65 54 1
65 55 1
65 57 1
65 58 1
65 59 1
65 60 1
65 61 1
65 62 1
65 63 1
65 64 1
65 66 1
65 68 1
65 70 1
65 88 1
65 354 1
66 26 1
66 51 1
66 52 1
66 53 1
66 54 1
66 55 1
66 57 1
66 58 1
66 59 1
66 60 1
66 61 1
66 62 1
66 63 1
66 64 1
66 65 1
66 68 1
66 69 1
66 70 1
66 71 1
66 75 1
66 80 1
66 81 1
66 82 1
66 85 1
66 88 1
66 91 1
66 94 1
66 98 1
66 119 1
66 121 1
66 122 1
66 125 1
66 333 1
66 354 1
67 3 1
67 14 1
67 25 1
67 36 1
67 45 1
67 56 1
67 78 1
67 97 1
67 217 1
67 237 1
67 257 1
67 268 1
67 319 1
67 349 1
67 360 1
67 368 1
68 52 1
68 57 1
68 58 1
68 59 1
68 60 1
68 61 1
68 62 1
68 63 1
68 64 1
68 65 1
68 66 1
68 70 1
68 71 1
68 88 1
68 354 1
69 22 1
69 66 1
69 83 1
69 96 1
69 98 1
69 99 1
69 100 1
69 104 1
69 105 1
69 108 1
69 111 1
69 122 1
69 151 1
69 153 1
70 20 1
70 52 1
70 53 1
70 54 1
70 57 1
70 58 1
70 59 1
70 61 1
70 63 1
70 64 1
70 65 1
70 66 1
70 68 1
70 71 1
70 72 1
70 81 1
70 85 1
70 88 1
70 90 1
70 91 1
70 318 1
70 374 1
71 50 1
71 52 1
71 53 1
71 55 1
71 57 1
71 58 1
71 59 1
71 60 1
71 61 1
71 62 1
71 63 1
71 66 1
71 68 1
71 70 1
71 77 1
71 80 1
71 81 1
71 84 1
71 88 1
71 91 1
71 112 1
71 126 1
71 317 1
71 318 1
72 22 1
72 40 1
72 44 1
72 46 1
72 53 1
72 70 1
72 81 1
72 94 1
72 95 1
72 112 1
72 161 1
73 15 1
73 30 1
73 53 1
73 74 1
73 79 1
73 93 1
73 95 1
73 354 1
74 15 1
74 16 1
74 20 1
74 22 1
74 26 1
74 37 1
74 38 1
74 47 1
74 48 1
74 73 1
74 93 1
74 95 1
74 317 1
74 318 1
74 333 1
75 16 1
75 20 1
75 52 1
75 59 1
75 62 1
75 66 1
75 76 1
75 77 1
75 79 1
75 80 1
75 81 1
75 82 1
75 83 1
75 84 1
75 86 1
75 87 1
75 88 1
75 90 1
75 91 1
75 317 1
75 374 1
75 375 1
76 52 1
76 62 1
76 75 1
76 77 1
76 80 1
76 81 1
76 82 1
76 83 1
76 84 1
76 85 1
76 86 1
76 87 1
76 88 1
76 90 1
76 91 1
76 334 1
77 15 1
77 16 1
77 18 1
77 20 1
77 39 1
77 52 1
77 53 1
77 71 1
77 75 1
77 76 1
77 79 1
77 80 1
77 81 1
77 82 1
77 84 1
77 86 1
77 88 1
77 119 1
77 121 1
77 125 1
77 130 1
77 131 1
77 135 1
77 140 1
77 145 1
77 317 1
77 325 1
77 374 1
78 25 1
78 67 1
78 89 1
78 97 1
78 368 1
78 370 1
79 15 1
79 16 1
79 53 1
79 73 1
79 75 1
79 77 1
79 80 1
79 82 1
79 84 1
79 122 1
79 140 1
79 317 1
79 325 1
79 376 1
80 52 1
80 62 1
80 66 1
80 71 1
80 75 1
80 76 1
80 77 1
80 79 1
80 81 1
80 82 1
80 83 1
80 84 1
80 85 1
80 86 1
80 88 1
80 90 1
80 91 1
80 142 1
80 317 1
80 318 1
80 374 1
80 375 1
81 52 1
81 62 1
81 66 1
81 70 1
81 71 1
81 72 1
81 75 1
81 76 1
81 77 1
81 80 1
81 82 1
81 83 1
81 84 1
81 85 1
81 86 1
81 88 1
81 90 1
81 91 1
81 131 1
81 317 1
81 374 1
81 375 1
82 16 1
82 52 1
82 59 1
82 66 1
82 75 1
82 76 1
82 77 1
82 79 1
82 80 1
82 81 1
82 83 1
82 84 1
82 85 1
82 86 1
82 88 1
82 91 1
82 111 1
82 126 1
82 317 1
82 374 1
83 69 1
83 75 1
83 76 1
83 80 1
83 81 1
83 82 1
83 84 1
83 85 1
83 86 1
83 87 1
83 88 1
83 90 1
83 91 1
83 99 1
83 126 1
83 317 1
83 318 1
83 374 1
84 15 1
84 18 1
84 52 1
84 55 1
84 58 1
84 59 1
84 61 1
84 71 1
84 75 1
84 76 1
84 77 1
84 79 1
84 80 1
84 81 1
84 82 1
84 83 1
84 85 1
84 86 1
84 88 1
84 90 1
84 91 1
84 317 1
84 374 1
85 20 1
85 52 1
85 66 1
85 70 1
85 76 1
85 80 1
85 81 1
85 82 1
85 83 1
85 84 1
85 86 1
85 87 1
85 88 1
85 91 1
85 317 1
85 318 1
85 374 1
85 375 1
86 52 1
86 59 1
86 61 1
86 75 1
86 76 1
86 77 1
86 80 1
86 81 1
86 82 1
86 83 1
86 84 1
86 85 1
86 87 1
86 88 1
86 90 1
86 91 1
86 139 1
86 157 1
86 160 1
86 161 1
86 317 1
86 375 1
86 377 1
87 75 1
87 76 1
87 83 1
87 85 1
87 86 1
87 88 1
87 91 1
87 111 1
87 374 1
88 52 1
88 58 1
88 60 1
88 61 1
88 63 1
88 65 1
88 66 1
88 68 1
88 70 1
88 71 1
88 75 1
88 76 1
88 77 1
88 80 1
88 81 1
88 82 1
88 83 1
88 84 1
88 85 1
88 86 1
88 87 1
88 90 1
88 91 1
88 93 1
88 104 1
88 105 1
88 106 1
88 108 1
88 112 1
88 113 1
88 334 1
88 374 1
88 375 1
89 36 1
89 78 1
89 97 1
89 370 1
90 20 1
90 52 1
90 70 1
90 75 1
90 76 1
90 80 1
90 81 1
90 83 1
90 84 1
90 86 1
90 88 1
90 91 1
90 111 1
91 18 1
91 52 1
91 55 1
91 59 1
91 61 1
91 66 1
91 70 1
91 71 1
91 75 1
91 76 1
91 80 1
91 81 1
91 82 1
91 83 1
91 84 1
91 85 1
91 86 1
91 87 1
91 88 1
91 90 1
91 117 1
91 126 1
91 318 1
91 374 1
92 93 1
93 15 1
93 16 1
93 20 1
93 43 1
93 73 1
93 74 1
93 88 1
93 92 1
93 95 1
93 150 1
93 152 1
93 318 1
94 15 1
94 16 1
94 18 1
94 20 1
94 37 1
94 52 1
94 66 1
94 72 1
94 95 1
94 121 1
94 122 1
94 129 1
94 137 1
94 164 1
94 170 1
94 171 1
94 176 1
94 177 1
94 190 1
94 191 1
94 193 1
94 194 1
94 205 1
94 214 1
94 215 1
94 317 1
94 318 1
94 372 1
94 378 1
94 379 1
95 15 1
95 18 1
95 37 1
95 43 1
95 72 1
95 73 1
95 74 1
95 93 1
95 94 1
95 135 1
95 148 1
95 318 1
95 325 1
96 69 1
96 98 1
96 99 1
96 100 1
96 122 1
96 124 1
96 318 1
97 45 1
97 67 1
97 78 1
97 89 1
97 283 1
97 309 1
97 319 1
97 342 1
97 343 1
97 344 1
97 345 1
97 360 1
97 370 1
98 51 1
98 66 1
98 69 1
98 96 1
98 99 1
98 100 1
98 108 1
98 119 1
98 120 1
98 124 1
98 153 1
98 158 1
98 164 1
99 59 1
99 69 1
99 83 1
99 96 1
99 98 1
99 100 1
99 104 1
99 105 1
99 107 1
99 108 1
99 121 1
99 151 1
99 218 1
100 69 1
100 96 1
100 98 1
100 99 1
100 106 1
100 109 1
100 112 1
100 126 1
100 151 1
100 153 1
101 102 1
101 103 1
101 104 1
101 105 1
101 106 1
101 108 1
101 109 1
101 110 1
101 111 1
101 112 1
101 115 1
101 122 1
101 123 1
101 125 1
101 126 1
101 133 1
101 136 1
101 138 1
101 142 1
101 143 1
101 144 1
101 145 1
101 154 1
101 162 1
101 163 1
101 164 1
101 165 1
101 166 1
101 167 1
101 169 1
101 170 1
101 171 1
101 172 1
101 173 1
101 183 1
101 184 1
101 190 1
101 194 1
101 197 1
101 198 1
101 206 1
101 380 1
101 381 1
102 101 1
102 103 1
102 104 1
102 105 1
102 106 1
102 107 1
102 108 1
102 109 1
102 110 1
102 111 1
102 112 1
102 114 1
102 122 1
102 126 1
102 134 1
102 136 1
102 138 1
102 139 1
102 143 1
102 144 1
102 146 1
102 380 1
103 101 1
103 102 1
103 104 1
103 105 1
103 106 1
103 107 1
103 108 1
103 109 1
103 110 1
103 111 1
103 112 1
103 123 1
103 126 1
103 134 1
103 136 1
103 138 1
103 139 1
103 140 1
103 142 1
103 143 1
103 145 1
103 146 1
103 147 1
103 154 1
103 380 1
104 69 1
104 88 1
104 99 1
104 101 1
104 102 1
104 103 1
104 105 1
104 106 1
104 107 1
104 108 1
104 109 1
104 110 1
104 111 1
104 112 1
104 126 1
104 129 1
104 134 1
104 138 1
104 139 1
104 143 1
104 144 1
104 145 1
104 146 1
104 147 1
104 154 1
104 380 1
105 62 1
105 69 1
105 88 1
105 99 1
105 101 1
105 102 1
105 103 1
105 104 1
105 106 1
105 107 1
105 108 1
105 109 1
105 110 1
105 111 1
105 112 1
105 125 1
105 126 1
105 134 1
105 135 1
105 136 1
105 138 1
105 142 1
105 143 1
105 144 1
105 145 1
105 146 1
105 147 1
105 161 1
106 88 1
106 100 1
106 101 1
106 102 1
106 103 1
106 104 1
106 105 1
106 107 1
106 108 1
106 109 1
106 110 1
106 111 1
106 112 1
106 126 1
106 138 1
106 140 1
106 147 1
106 151 1
107 99 1
107 102 1
107 103 1
107 104 1
107 105 1
107 106 1
107 108 1
107 109 1
107 111 1
107 112 1
107 126 1
107 136 1
107 142 1
107 147 1
107 380 1
108 69 1
108 88 1
108 98 1
108 99 1
108 101 1
108 102 1
108 103 1
108 104 1
108 105 1
108 106 1
108 107 1
108 109 1
108 110 1
108 111 1
108 112 1
108 114 1
108 117 1
108 120 1
108 122 1
108 126 1
108 139 1
108 144 1
108 145 1
108 147 1
109 55 1
109 100 1
109 101 1
109 102 1
109 103 1
109 104 1
109 105 1
109 106 1
109 107 1
109 108 1
109 110 1
109 112 1
109 126 1
109 134 1
109 135 1
109 137 1
109 138 1
109 153 1
110 101 1
110 102 1
110 103 1
110 104 1
110 105 1
110 106 1
110 108 1
110 109 1
110 111 1
110 112 1
110 114 1
110 126 1
110 146 1
110 318 1
111 69 1
111 82 1
111 87 1
111 90 1
111 101 1
111 102 1
111 103 1
111 104 1
111 105 1
111 106 1
111 107 1
111 108 1
111 110 1
111 112 1
111 115 1
111 121 1
111 122 1
111 126 1
111 138 1
111 144 1
111 145 1
111 146 1
111 147 1
112 71 1
112 72 1
112 88 1
112 100 1
112 101 1
112 102 1
112 103 1
112 104 1
112 105 1
112 106 1
112 107 1
112 108 1
112 109 1
112 110 1
112 111 1
112 121 1
112 126 1
112 133 1
112 138 1
112 139 1
112 140 1
112 142 1
112 145 1
112 146 1
112 380 1
113 39 1
113 88 1
113 114 1
113 115 1
113 117 1
113 119 1
113 120 1
113 121 1
113 122 1
113 125 1
113 134 1
113 148 1
113 150 1
113 334 1
114 102 1
114 108 1
114 110 1
114 113 1
114 115 1
114 117 1
114 119 1
114 120 1
114 134 1
114 148 1
114 150 1
114 153 1
114 156 1
114 158 1
115 101 1
115 111 1
115 113 1
115 114 1
115 117 1
115 119 1
115 120 1
115 121 1
115 125 1
115 126 1
115 136 1
115 137 1
115 148 1
115 150 1
115 153 1
115 334 1
116 10 1
116 24 1
116 294 1
116 303 1
116 317 1
116 328 1
116 337 1
116 340 1
117 91 1
117 108 1
117 113 1
117 114 1
117 115 1
117 119 1
117 120 1
117 122 1
117 134 1
117 148 1
117 150 1
117 334 1
118 339 1
118 382 1
119 66 1
119 77 1
119 98 1
119 113 1
119 114 1
119 115 1
119 117 1
119 120 1
119 138 1
119 148 1
119 150 1
119 151 1
120 98 1
120 108 1
120 113 1
120 114 1
120 115 1
120 117 1
120 119 1
120 126 1
120 137 1
120 148 1
120 150 1
121 20 1
121 29 1
121 66 1
121 77 1
121 94 1
121 99 1
121 111 1
121 112 1
121 113 1
121 115 1
121 122 1
121 124 1
121 125 1
121 131 1
122 29 1
122 51 1
122 66 1
122 69 1
122 79 1
122 94 1
122 96 1
122 101 1
122 102 1
122 108 1
122 111 1
122 113 1
122 117 1
122 121 1
122 124 1
122 125 1
122 126 1
122 127 1
122 151 1
123 101 1
123 103 1
123 147 1
123 162 1
123 163 1
123 164 1
123 165 1
123 166 1
123 167 1
123 170 1
123 171 1
123 187 1
123 195 1
124 96 1
124 98 1
124 121 1
124 122 1
124 125 1
124 128 1
124 151 1
125 51 1
125 66 1
125 77 1
125 101 1
125 105 1
125 113 1
125 115 1
125 121 1
125 122 1
125 124 1
125 126 1
125 128 1
125 136 1
125 152 1
126 52 1
126 61 1
126 71 1
126 82 1
126 83 1
126 91 1
126 100 1
126 101 1
126 102 1
126 103 1
126 104 1
126 105 1
126 106 1
126 107 1
126 108 1
126 109 1
126 110 1
126 111 1
126 112 1
126 115 1
126 120 1
126 122 1
126 125 1
126 129 1
126 134 1
126 136 1
126 137 1
126 138 1
126 139 1
126 143 1
126 145 1
126 147 1
126 157 1
126 380 1
127 122 1
127 128 1
128 124 1
128 125 1
128 127 1
128 130 1
128 137 1
128 142 1
128 148 1
128 155 1
128 174 1
128 176 1
129 37 1
129 51 1
129 94 1
129 104 1
129 126 1
129 151 1
129 161 1
130 77 1
130 128 1
130 131 1
130 135 1
130 140 1
130 144 1
130 147 1
130 150 1
130 318 1
131 61 1
131 77 1
131 81 1
131 121 1
131 130 1
131 135 1
131 137 1
131 144 1
131 147 1
132 51 1
132 133 1
132 134 1
132 135 1
132 136 1
132 137 1
132 140 1
132 141 1
132 142 1
132 143 1
132 144 1
132 145 1
132 146 1
132 147 1
132 380 1
133 20 1
133 101 1
133 112 1
133 132 1
133 134 1
133 135 1
133 136 1
133 137 1
133 138 1
133 139 1
133 140 1
133 142 1
133 144 1
133 145 1
133 146 1
133 380 1
134 102 1
134 103 1
134 104 1
134 105 1
134 109 1
134 113 1
134 114 1
134 117 1
134 126 1
134 132 1
134 133 1
134 135 1
134 136 1
134 138 1
134 139 1
134 140 1
134 142 1
134 143 1
134 144 1
134 145 1
134 146 1
134 147 1
134 380 1
135 37 1
135 77 1
135 95 1
135 105 1
135 109 1
135 130 1
135 131 1
135 132 1
135 133 1
135 134 1
135 136 1
135 137 1
135 177 1
135 224 1
135 226 1
135 234 1
135 246 1
136 101 1
136 102 1
136 103 1
136 105 1
136 107 1
136 115 1
136 125 1
136 126 1
136 132 1
136 133 1
136 134 1
136 135 1
136 137 1
136 138 1
136 139 1
136 140 1
136 141 1
136 142 1
136 143 1
136 144 1
136 145 1
136 146 1
136 147 1
136 156 1
136 380 1
137 37 1
137 94 1
137 109 1
137 115 1
137 120 1
137 126 1
137 128 1
137 131 1
137 132 1
137 133 1
137 135 1
137 136 1
137 146 1
137 148 1
137 152 1
137 165 1
137 176 1
137 177 1
137 234 1
137 238 1
137 239 1
137 240 1
137 256 1
137 264 1
137 265 1
137 266 1
138 101 1
138 102 1
138 103 1
138 104 1
138 105 1
138 106 1
138 109 1
138 111 1
138 112 1
138 119 1
138 126 1
138 133 1
138 134 1
138 136 1
138 139 1
138 140 1
138 141 1
138 142 1
138 143 1
138 144 1
138 145 1
138 146 1
138 147 1
138 151 1
138 380 1
139 86 1
139 102 1
139 103 1
139 104 1
139 108 1
139 112 1
139 126 1
139 133 1
139 134 1
139 136 1
139 138 1
139 140 1
139 141 1
139 142 1
139 143 1
139 144 1
139 145 1
139 146 1
139 147 1
139 152 1
139 157 1
139 161 1
139 380 1
140 20 1
140 77 1
140 79 1
140 103 1
140 106 1
140 112 1
140 130 1
140 132 1
140 133 1
140 134 1
140 136 1
140 138 1
140 139 1
140 142 1
140 143 1
140 144 1
140 145 1
140 146 1
140 147 1
140 153 1
140 154 1
141 132 1
141 136 1
141 138 1
141 139 1
141 142 1
141 143 1
141 144 1
141 145 1
141 146 1
141 147 1
142 51 1
142 80 1
142 101 1
142 103 1
142 105 1
142 107 1
142 112 1
142 128 1
142 132 1
142 133 1
142 134 1
142 136 1
142 138 1
142 139 1
142 140 1
142 141 1
142 144 1
142 145 1
142 146 1
142 147 1
142 151 1
142 153 1
142 162 1
142 163 1
142 164 1
142 165 1
142 166 1
142 167 1
142 169 1
142 170 1
142 171 1
142 172 1
142 176 1
142 194 1
142 195 1
142 197 1
142 198 1
142 201 1
142 203 1
142 206 1
142 380 1
142 383 1
142 384 1
143 101 1
143 102 1
143 103 1
143 104 1
143 105 1
143 126 1
143 132 1
143 134 1
143 136 1
143 138 1
143 139 1
143 140 1
143 141 1
143 144 1
143 145 1
143 146 1
143 147 1
144 101 1
144 102 1
144 104 1
144 105 1
144 108 1
144 111 1
144 130 1
144 131 1
144 132 1
144 133 1
144 134 1
144 136 1
144 138 1
144 139 1
144 140 1
144 141 1
144 142 1
144 143 1
144 145 1
144 146 1
144 147 1
144 154 1
144 156 1
144 380 1
145 77 1
145 101 1
145 103 1
145 104 1
145 105 1
145 108 1
145 111 1
145 112 1
145 126 1
145 132 1
145 133 1
145 134 1
145 136 1
145 138 1
145 139 1
145 140 1
145 141 1
145 142 1
145 143 1
145 144 1
145 146 1
145 147 1
146 102 1
146 103 1
146 104 1
146 105 1
146 110 1
146 111 1
146 112 1
146 132 1
146 133 1
146 134 1
146 136 1
146 137 1
146 138 1
146 139 1
146 140 1
146 141 1
146 142 1
146 143 1
146 144 1
146 145 1
146 147 1
146 380 1
147 103 1
147 104 1
147 105 1
147 106 1
147 107 1
147 108 1
147 111 1
147 123 1
147 126 1
147 130 1
147 131 1
147 132 1
147 134 1
147 136 1
147 138 1
147 139 1
147 140 1
147 141 1
147 142 1
147 143 1
147 144 1
147 145 1
147 146 1
147 151 1
147 318 1
147 373 1
147 380 1
148 95 1
148 113 1
148 114 1
148 115 1
148 117 1
148 119 1
148 120 1
148 128 1
148 137 1
148 150 1
148 151 1
148 152 1
149 159 1
149 314 1
149 338 1
149 341 1
150 93 1
150 113 1
150 114 1
150 115 1
150 117 1
150 119 1
150 120 1
150 130 1
150 148 1
150 155 1
151 69 1
151 99 1
151 100 1
151 106 1
151 119 1
151 122 1
151 124 1
151 129 1
151 138 1
151 142 1
151 147 1
151 148 1
151 153 1
151 154 1
151 158 1
151 161 1
151 170 1
152 93 1
152 125 1
152 137 1
152 139 1
152 148 1
152 156 1
152 158 1
152 161 1
153 69 1
153 98 1
153 100 1
153 109 1
153 114 1
153 115 1
153 140 1
153 142 1
153 151 1
153 154 1
153 156 1
153 158 1
153 194 1
154 101 1
154 103 1
154 104 1
154 140 1
154 144 1
154 151 1
154 153 1
154 183 1
155 128 1
155 150 1
155 156 1
155 158 1
155 162 1
155 201 1
155 207 1
155 385 1
156 114 1
156 136 1
156 144 1
156 152 1
156 153 1
156 155 1
156 158 1
156 162 1
157 86 1
157 126 1
157 139 1
157 160 1
157 377 1
158 98 1
158 114 1
158 151 1
158 152 1
158 153 1
158 155 1
158 156 1
158 162 1
158 385 1
159 149 1
159 208 1
159 227 1
160 86 1
160 157 1
160 377 1
161 72 1
161 86 1
161 105 1
161 129 1
161 139 1
161 151 1
161 152 1
161 171 1
162 101 1
162 123 1
162 142 1
162 155 1
162 156 1
162 158 1
162 163 1
162 164 1
162 165 1
162 166 1
162 167 1
162 169 1
162 170 1
162 171 1
162 172 1
162 173 1
162 187 1
162 188 1
162 194 1
162 195 1
162 197 1
162 198 1
162 202 1
162 203 1
162 204 1
162 218 1
162 379 1
162 384 1
163 101 1
163 123 1
163 142 1
163 162 1
163 164 1
163 165 1
163 166 1
163 167 1
163 169 1
163 170 1
163 171 1
163 172 1
163 173 1
163 174 1
163 187 1
163 188 1
163 190 1
163 191 1
163 195 1
163 198 1
163 201 1
163 205 1
163 206 1
163 384 1
164 94 1
164 98 1
164 101 1
164 123 1
164 142 1
164 162 1
164 163 1
164 165 1
164 166 1
164 167 1
164 169 1
164 170 1
164 171 1
164 172 1
164 173 1
164 187 1
164 192 1
164 198 1
164 200 1
164 201 1
164 202 1
164 203 1
164 204 1
164 206 1
164 384 1
165 101 1
165 123 1
165 137 1
165 142 1
165 162 1
165 163 1
165 164 1
165 166 1
165 167 1
165 169 1
165 170 1
165 171 1
165 172 1
165 173 1
165 183 1
165 188 1
165 190 1
165 192 1
165 194 1
165 198 1
165 200 1
165 201 1
165 202 1
165 204 1
165 206 1
166 101 1
166 123 1
166 142 1
166 162 1
166 163 1
166 164 1
166 165 1
166 167 1
166 169 1
166 170 1
166 171 1
166 172 1
166 173 1
166 174 1
166 176 1
166 187 1
166 195 1
166 197 1
166 200 1
166 201 1
166 203 1
166 204 1
166 205 1
166 206 1
166 220 1
166 379 1
166 386 1
167 101 1
167 123 1
167 142 1
167 162 1
167 163 1
167 164 1
167 165 1
167 166 1
167 169 1
167 170 1
167 171 1
167 172 1
167 173 1
167 188 1
167 190 1
167 191 1
167 195 1
167 200 1
167 202 1
167 206 1
167 379 1
167 384 1
167 387 1
168 3 1
168 14 1
168 25 1
168 36 1
168 227 1
168 360 1
169 101 1
169 142 1
169 162 1
169 163 1
169 164 1
169 165 1
169 166 1
169 167 1
169 170 1
169 171 1
169 172 1
169 173 1
169 177 1
169 194 1
169 195 1
169 197 1
169 198 1
169 204 1
169 211 1
169 213 1
169 379 1
170 94 1
170 101 1
170 123 1
170 142 1
170 151 1
170 162 1
170 163 1
170 164 1
170 165 1
170 166 1
170 167 1
170 169 1
170 171 1
170 172 1
170 173 1
170 177 1
170 184 1
170 187 1
170 188 1
170 198 1
170 202 1
170 203 1
170 205 1
170 206 1
170 214 1
170 215 1
170 379 1
170 387 1
171 94 1
171 101 1
171 123 1
171 142 1
171 161 1
171 162 1
171 163 1
171 164 1
171 165 1
171 166 1
171 167 1
171 169 1
171 170 1
171 172 1
171 173 1
171 180 1
171 187 1
171 190 1
171 195 1
171 197 1
171 198 1
171 200 1
171 201 1
171 203 1
171 205 1
171 206 1
171 213 1
171 214 1
171 218 1
171 226 1
171 229 1
171 230 1
171 384 1
171 387 1
172 101 1
172 142 1
172 162 1
172 163 1
172 164 1
172 165 1
172 166 1
172 167 1
172 169 1
172 170 1
172 171 1
172 173 1
172 195 1
172 200 1
172 201 1
172 203 1
172 204 1
173 101 1
173 162 1
173 163 1
173 164 1
173 165 1
173 166 1
173 167 1
173 169 1
173 170 1
173 171 1
173 172 1
173 188 1
173 198 1
173 201 1
173 204 1
173 205 1
173 206 1
174 128 1
174 163 1
174 166 1
174 175 1
174 176 1
174 195 1
174 198 1
174 378 1
175 174 1
175 176 1
175 378 1
176 94 1
176 128 1
176 137 1
176 142 1
176 166 1
176 174 1
176 175 1
176 183 1
176 198 1
176 201 1
176 378 1
177 94 1
177 135 1
177 137 1
177 169 1
177 170 1
177 192 1
177 197 1
177 201 1
177 204 1
177 211 1
177 212 1
177 213 1
177 218 1
177 223 1
177 224 1
177 226 1
177 228 1
177 230 1
177 231 1
177 234 1
177 236 1
177 240 1
177 242 1
177 243 1
177 244 1
177 249 1
177 250 1
177 251 1
177 252 1
177 254 1
177 258 1
177 259 1
177 260 1
177 261 1
177 262 1
177 263 1
177 271 1
177 273 1
177 275 1
177 278 1
177 279 1
177 281 1
177 288 1
177 384 1
177 386 1
177 388 1
177 389 1
178 189 1
178 199 1
178 208 1
178 308 1
178 311 1
179 180 1
179 181 1
179 184 1
179 193 1
179 220 1
180 171 1
180 179 1
180 181 1
180 184 1
180 215 1
181 179 1
181 180 1
181 184 1
181 193 1
181 214 1
181 387 1
182 183 1
182 184 1
182 193 1
183 101 1
183 154 1
183 165 1
183 176 1
183 182 1
183 184 1
183 193 1
183 214 1
184 101 1
184 170 1
184 179 1
184 180 1
184 181 1
184 182 1
184 183 1
184 193 1
184 209 1
184 215 1
184 220 1
185 186 1
185 202 1
185 214 1
185 222 1
185 379 1
186 185 1
186 187 1
186 191 1
186 200 1
186 201 1
186 204 1
186 214 1
186 222 1
186 226 1
187 123 1
187 162 1
187 163 1
187 164 1
187 166 1
187 170 1
187 171 1
187 186 1
187 188 1
187 190 1
187 191 1
187 192 1
187 194 1
187 195 1
187 197 1
187 198 1
187 200 1
187 201 1
187 202 1
187 203 1
187 205 1
187 206 1
187 384 1
187 387 1
188 162 1
188 163 1
188 165 1
188 167 1
188 170 1
188 173 1
188 187 1
188 190 1
188 191 1
188 192 1
188 194 1
188 195 1
188 197 1
188 198 1
188 200 1
188 201 1
188 202 1
188 203 1
188 204 1
188 205 1
188 206 1
188 379 1
188 384 1
188 387 1
189 178 1
189 199 1
189 208 1
189 308 1
189 309 1
189 311 1
189 314 1
189 390 1
190 94 1
190 101 1
190 163 1
190 165 1
190 167 1
190 171 1
190 187 1
190 188 1
190 191 1
190 192 1
190 194 1
190 195 1
190 197 1
190 198 1
190 200 1
190 201 1
190 202 1
190 203 1
190 204 1
190 205 1
190 206 1
190 228 1
190 384 1
190 387 1
191 94 1
191 163 1
191 167 1
191 186 1
191 187 1
191 188 1
191 190 1
191 192 1
191 194 1
191 195 1
191 197 1
191 198 1
191 200 1
191 201 1
191 202 1
191 203 1
191 204 1
191 205 1
191 206 1
191 211 1
191 379 1
191 384 1
191 387 1
192 164 1
192 165 1
192 177 1
192 187 1
192 188 1
192 190 1
192 191 1
192 194 1
192 195 1
192 197 1
192 198 1
192 200 1
192 201 1
192 202 1
192 203 1
192 204 1
192 205 1
192 206 1
192 215 1
192 379 1
192 387 1
193 94 1
193 179 1
193 181 1
193 182 1
193 183 1
193 184 1
193 220 1
194 94 1
194 101 1
194 142 1
194 153 1
194 162 1
194 165 1
194 169 1
194 187 1
194 188 1
194 190 1
194 191 1
194 192 1
194 195 1
194 197 1
194 198 1
194 200 1
194 201 1
194 202 1
194 203 1
194 204 1
194 205 1
194 206 1
194 210 1
194 379 1
194 384 1
194 387 1
195 123 1
195 142 1
195 162 1
195 163 1
195 166 1
195 167 1
195 169 1
195 171 1
195 172 1
195 174 1
195 187 1
195 188 1
195 190 1
195 191 1
195 192 1
195 194 1
195 197 1
195 198 1
195 200 1
195 201 1
195 202 1
195 203 1
195 204 1
195 205 1
195 206 1
195 209 1
195 210 1
195 211 1
195 379 1
195 384 1
195 387 1
196 386 1
196 387 1
197 101 1
197 142 1
197 162 1
197 166 1
197 169 1
197 171 1
197 177 1
197 187 1
197 188 1
197 190 1
197 191 1
197 192 1
197 194 1
197 195 1
197 198 1
197 200 1
197 201 1
197 202 1
197 203 1
197 204 1
197 205 1
197 206 1
197 379 1
197 381 1
197 384 1
197 387 1
198 101 1
198 142 1
198 162 1
198 163 1
198 164 1
198 165 1
198 169 1
198 170 1
198 171 1
198 173 1
198 174 1
198 176 1
198 187 1
198 188 1
198 190 1
198 191 1
198 192 1
198 194 1
198 195 1
198 197 1
198 200 1
198 201 1
198 202 1
198 203 1
198 204 1
198 205 1
198 206 1
198 213 1
198 218 1
198 228 1
198 379 1
198 384 1
198 387 1
199 178 1
199 189 1
199 208 1
199 311 1
200 164 1
200 165 1
200 166 1
200 167 1
200 171 1
200 172 1
200 186 1
200 187 1
200 188 1
200 190 1
200 191 1
200 192 1
200 194 1
200 195 1
200 197 1
200 198 1
200 201 1
200 202 1
200 203 1
200 204 1
200 205 1
200 206 1
200 211 1
200 215 1
200 379 1
200 384 1
200 387 1
201 142 1
201 155 1
201 163 1
201 164 1
201 165 1
201 166 1
201 171 1
201 172 1
201 173 1
201 176 1
201 177 1
201 186 1
201 187 1
201 188 1
201 190 1
201 191 1
201 192 1
201 194 1
201 195 1
201 197 1
201 198 1
201 200 1
201 202 1
201 203 1
201 204 1
201 205 1
201 206 1
201 207 1
201 379 1
201 384 1
201 387 1
202 162 1
202 164 1
202 165 1
202 167 1
202 170 1
202 185 1
202 187 1
202 188 1
202 190 1
202 191 1
202 192 1
202 194 1
202 195 1
202 197 1
202 198 1
202 200 1
202 201 1
202 203 1
202 204 1
202 205 1
202 206 1
202 207 1
202 384 1
202 387 1
203 142 1
203 162 1
203 164 1
203 166 1
203 170 1
203 171 1
203 172 1
203 187 1
203 188 1
203 190 1
203 191 1
203 192 1
203 194 1
203 195 1
203 197 1
203 198 1
203 200 1
203 201 1
203 202 1
203 204 1
203 205 1
203 206 1
203 218 1
203 379 1
203 384 1
203 387 1
204 162 1
204 164 1
204 165 1
204 166 1
204 169 1
204 172 1
204 173 1
204 177 1
204 186 1
204 188 1
204 190 1
204 191 1
204 192 1
204 194 1
204 195 1
204 197 1
204 198 1
204 200 1
204 201 1
204 202 1
204 203 1
204 205 1
204 206 1
204 213 1
204 218 1
204 379 1
204 384 1
205 94 1
205 163 1
205 166 1
205 170 1
205 171 1
205 173 1
205 187 1
205 188 1
205 190 1
205 191 1
205 192 1
205 194 1
205 195 1
205 197 1
205 198 1
205 200 1
205 201 1
205 202 1
205 203 1
205 204 1
205 206 1
205 223 1
205 379 1
205 384 1
205 387 1
206 101 1
206 142 1
206 163 1
206 164 1
206 165 1
206 166 1
206 167 1
206 170 1
206 171 1
206 173 1
206 187 1
206 188 1
206 190 1
206 191 1
206 192 1
206 194 1
206 195 1
206 197 1
206 198 1
206 200 1
206 201 1
206 202 1
206 203 1
206 204 1
206 205 1
206 218 1
206 379 1
206 384 1
206 387 1
207 155 1
207 201 1
207 202 1
207 209 1
207 240 1
207 391 1
207 392 1
208 159 1
208 178 1
208 189 1
208 199 1
208 227 1
209 184 1
209 195 1
209 207 1
209 391 1
210 194 1
210 195 1
210 211 1
210 212 1
210 213 1
210 214 1
210 215 1
210 218 1
210 393 1
211 169 1
211 177 1
211 191 1
211 195 1
211 200 1
211 210 1
211 212 1
211 213 1
211 214 1
211 215 1
211 216 1
211 218 1
211 393 1
212 177 1
212 210 1
212 211 1
212 213 1
212 214 1
212 215 1
212 216 1
212 218 1
212 225 1
212 226 1
212 228 1
213 169 1
213 171 1
213 177 1
213 198 1
213 204 1
213 210 1
213 211 1
213 212 1
213 214 1
213 215 1
213 216 1
213 218 1
213 224 1
213 381 1
213 393 1
214 94 1
214 170 1
214 171 1
214 181 1
214 183 1
214 185 1
214 186 1
214 210 1
214 211 1
214 212 1
214 213 1
214 215 1
214 218 1
214 222 1
214 223 1
215 94 1
215 170 1
215 180 1
215 184 1
215 192 1
215 200 1
215 210 1
215 211 1
215 212 1
215 213 1
215 214 1
215 218 1
215 228 1
215 384 1
216 211 1
216 212 1
216 213 1
216 218 1
216 393 1
217 25 1
217 67 1
217 307 1
217 309 1
217 319 1
217 349 1
217 360 1
218 99 1
218 162 1
218 171 1
218 177 1
218 198 1
218 203 1
218 204 1
218 206 1
218 210 1
218 211 1
218 212 1
218 213 1
218 214 1
218 215 1
218 216 1
218 381 1
218 393 1
219 227 1
219 317 1
220 166 1
220 179 1
220 184 1
220 193 1
220 221 1
220 222 1
220 223 1
220 393 1
221 220 1
221 222 1
221 223 1
222 185 1
222 186 1
222 214 1
222 220 1
222 221 1
222 224 1
222 393 1
223 177 1
223 205 1
223 214 1
223 220 1
223 221 1
223 231 1
223 232 1
223 244 1
223 250 1
223 256 1
223 273 1
223 278 1
223 279 1
223 280 1
223 281 1
223 282 1
223 284 1
223 285 1
223 286 1
223 287 1
223 289 1
223 291 1
224 135 1
224 177 1
224 213 1
224 222 1
224 225 1
224 226 1
224 393 1
224 394 1
225 212 1
225 224 1
225 226 1
225 394 1
226 135 1
226 171 1
226 177 1
226 186 1
226 212 1
226 224 1
226 225 1
226 394 1
227 14 1
227 159 1
227 168 1
227 208 1
227 219 1
227 308 1
227 311 1
227 317 1
227 318 1
228 177 1
228 190 1
228 198 1
228 212 1
228 215 1
228 393 1
229 171 1
229 230 1
229 233 1
229 234 1
229 238 1
229 258 1
229 274 1
229 275 1
230 171 1
230 177 1
230 229 1
230 233 1
230 234 1
230 235 1
230 236 1
230 241 1
230 269 1
230 271 1
230 273 1
230 388 1
230 395 1
231 177 1
231 223 1
231 232 1
231 242 1
231 252 1
231 278 1
231 279 1
231 280 1
231 281 1
231 282 1
231 284 1
231 285 1
231 286 1
231 287 1
231 289 1
232 223 1
232 231 1
232 243 1
232 244 1
232 263 1
232 269 1
232 278 1
232 279 1
232 280 1
232 281 1
232 282 1
232 284 1
232 285 1
232 287 1
233 229 1
233 230 1
233 234 1
233 235 1
233 236 1
233 238 1
233 253 1
233 265 1
233 267 1
233 274 1
233 275 1
233 388 1
234 135 1
234 137 1
234 177 1
234 229 1
234 230 1
234 233 1
234 235 1
234 236 1
234 238 1
234 244 1
234 396 1
235 230 1
235 233 1
235 234 1
235 236 1
235 238 1
235 240 1
235 254 1
235 260 1
235 261 1
235 262 1
235 265 1
235 275 1
236 177 1
236 230 1
236 233 1
236 234 1
236 235 1
236 238 1
236 239 1
236 243 1
236 248 1
236 265 1
236 267 1
236 274 1
236 275 1
236 388 1
236 396 1
237 67 1
237 247 1
237 257 1
237 268 1
237 272 1
237 331 1
237 336 1
238 137 1
238 229 1
238 233 1
238 234 1
238 235 1
238 236 1
238 243 1
238 264 1
238 265 1
238 266 1
238 388 1
239 137 1
239 236 1
239 240 1
239 241 1
239 245 1
239 260 1
239 265 1
239 266 1
239 270 1
239 276 1
239 277 1
239 289 1
239 290 1
239 291 1
239 297 1
239 298 1
239 302 1
239 388 1
239 397 1
240 137 1
240 177 1
240 207 1
240 235 1
240 239 1
240 270 1
240 388 1
241 230 1
241 239 1
241 259 1
241 263 1
241 388 1
242 177 1
242 231 1
242 243 1
242 244 1
242 245 1
242 246 1
242 248 1
242 249 1
242 250 1
242 253 1
242 260 1
242 263 1
242 270 1
242 396 1
243 177 1
243 232 1
243 236 1
243 238 1
243 242 1
243 244 1
243 245 1
243 246 1
243 249 1
243 252 1
243 253 1
243 256 1
243 263 1
243 270 1
243 274 1
243 389 1
243 396 1
244 177 1
244 223 1
244 232 1
244 234 1
244 242 1
244 243 1
244 245 1
244 246 1
244 248 1
244 249 1
244 253 1
244 258 1
244 259 1
244 270 1
244 274 1
244 279 1
244 281 1
244 285 1
244 395 1
244 396 1
245 239 1
245 242 1
245 243 1
245 244 1
245 246 1
245 253 1
245 396 1
246 135 1
246 242 1
246 243 1
246 244 1
246 245 1
246 248 1
246 396 1
247 237 1
247 257 1
247 268 1
248 236 1
248 242 1
248 244 1
248 246 1
248 254 1
248 259 1
248 270 1
248 300 1
248 395 1
249 177 1
249 242 1
249 243 1
249 244 1
249 250 1
249 251 1
249 252 1
249 254 1
249 255 1
249 258 1
249 259 1
249 260 1
249 261 1
249 262 1
249 263 1
249 276 1
249 288 1
249 289 1
249 290 1
249 292 1
249 298 1
249 389 1
249 398 1
249 399 1
249 400 1
250 177 1
250 223 1
250 242 1
250 249 1
250 251 1
250 252 1
250 260 1
250 261 1
250 262 1
250 263 1
250 271 1
250 273 1
250 280 1
250 288 1
250 289 1
250 400 1
251 177 1
251 249 1
251 250 1
251 252 1
251 254 1
251 258 1
251 259 1
251 260 1
251 261 1
251 262 1
251 263 1
251 269 1
251 389 1
251 398 1
252 177 1
252 231 1
252 243 1
252 249 1
252 250 1
252 251 1
252 254 1
252 255 1
252 258 1
252 259 1
252 260 1
252 261 1
252 262 1
252 263 1
252 265 1
252 273 1
252 389 1
252 395 1
252 398 1
253 233 1
253 242 1
253 243 1
253 244 1
253 245 1
253 270 1
253 395 1
254 177 1
254 235 1
254 248 1
254 249 1
254 251 1
254 252 1
254 255 1
254 258 1
254 259 1
254 260 1
254 261 1
254 262 1
254 263 1
254 389 1
255 249 1
255 252 1
255 254 1
255 259 1
255 260 1
255 261 1
255 262 1
255 263 1
255 398 1
256 137 1
256 223 1
256 243 1
256 260 1
256 263 1
256 264 1
256 265 1
256 266 1
256 267 1
256 270 1
256 273 1
256 395 1
257 36 1
257 67 1
257 237 1
257 247 1
257 268 1
257 318 1
258 177 1
258 229 1
258 244 1
258 249 1
258 251 1
258 252 1
258 254 1
258 259 1
258 260 1
258 261 1
258 262 1
258 263 1
258 267 1
258 271 1
258 389 1
258 398 1
259 177 1
259 241 1
259 244 1
259 248 1
259 249 1
259 251 1
259 252 1
259 254 1
259 255 1
259 258 1
259 260 1
259 261 1
259 262 1
259 263 1
259 389 1
260 177 1
260 235 1
260 239 1
260 242 1
260 249 1
260 250 1
260 251 1
260 252 1
260 254 1
260 255 1
260 256 1
260 258 1
260 259 1
260 261 1
260 262 1
260 263 1
260 265 1
260 269 1
260 271 1
260 389 1
261 177 1
261 235 1
261 249 1
261 250 1
261 251 1
261 252 1
261 254 1
261 255 1
261 258 1
261 259 1
261 260 1
261 262 1
261 263 1
261 398 1
262 177 1
262 235 1
262 249 1
262 250 1
262 251 1
262 252 1
262 254 1
262 255 1
262 258 1
262 259 1
262 260 1
262 261 1
262 263 1
262 267 1
262 389 1
263 177 1
263 232 1
263 241 1
263 242 1
263 243 1
263 249 1
263 250 1
263 251 1
263 252 1
263 254 1
263 255 1
263 256 1
263 258 1
263 259 1
263 260 1
263 261 1
263 262 1
263 266 1
263 267 1
263 271 1
263 276 1
263 278 1
263 281 1
263 282 1
263 288 1
263 389 1
263 398 1
264 137 1
264 238 1
264 256 1
264 265 1
264 266 1
264 267 1
265 137 1
265 233 1
265 235 1
265 236 1
265 238 1
265 239 1
265 252 1
265 256 1
265 260 1
265 264 1
265 266 1
265 267 1
265 270 1
266 137 1
266 238 1
266 239 1
266 256 1
266 263 1
266 264 1
266 265 1
266 267 1
267 233 1
267 236 1
267 256 1
267 258 1
267 262 1
267 263 1
267 264 1
267 265 1
267 266 1
267 270 1
268 25 1
268 67 1
268 237 1
268 247 1
268 257 1
268 311 1
268 318 1
268 333 1
269 230 1
269 232 1
269 251 1
269 260 1
269 270 1
269 273 1
270 239 1
270 240 1
270 242 1
270 243 1
270 244 1
270 248 1
270 253 1
270 256 1
270 265 1
270 267 1
270 269 1
270 280 1
270 289 1
270 295 1
270 298 1
270 305 1
270 306 1
270 399 1
270 401 1
270 402 1
271 177 1
271 230 1
271 250 1
271 258 1
271 260 1
271 263 1
271 273 1
271 278 1
272 1 1
272 237 1
272 283 1
272 294 1
272 303 1
272 308 1
272 309 1
272 310 1
272 311 1
272 315 1
272 316 1
272 317 1
272 318 1
272 330 1
272 338 1
272 339 1
272 403 1
273 177 1
273 223 1
273 230 1
273 250 1
273 252 1
273 256 1
273 269 1
273 271 1
273 280 1
273 287 1
273 293 1
273 300 1
273 301 1
273 306 1
273 399 1
274 229 1
274 233 1
274 236 1
274 243 1
274 244 1
274 275 1
274 278 1
274 298 1
275 177 1
275 229 1
275 233 1
275 235 1
275 236 1
275 274 1
275 276 1
275 298 1
276 239 1
276 249 1
276 263 1
276 275 1
276 277 1
276 281 1
276 282 1
276 284 1
276 289 1
276 291 1
276 297 1
276 301 1
276 399 1
276 402 1
277 239 1
277 276 1
277 279 1
277 281 1
277 282 1
277 288 1
277 291 1
277 297 1
277 298 1
278 177 1
278 223 1
278 231 1
278 232 1
278 263 1
278 271 1
278 274 1
278 279 1
278 280 1
278 281 1
278 282 1
278 284 1
278 285 1
278 286 1
278 287 1
278 289 1
279 177 1
279 223 1
279 231 1
279 232 1
279 244 1
279 277 1
279 278 1
279 280 1
279 281 1
279 282 1
279 284 1
279 285 1
279 286 1
279 287 1
280 223 1
280 231 1
280 232 1
280 250 1
280 270 1
280 273 1
280 278 1
280 279 1
280 281 1
280 282 1
280 284 1
280 285 1
280 286 1
280 287 1
280 289 1
280 290 1
280 291 1
280 293 1
281 177 1
281 223 1
281 231 1
281 232 1
281 244 1
281 263 1
281 276 1
281 277 1
281 278 1
281 279 1
281 280 1
281 282 1
281 284 1
281 285 1
281 287 1
281 289 1
282 223 1
282 231 1
282 232 1
282 263 1
282 276 1
282 277 1
282 278 1
282 279 1
282 280 1
282 281 1
282 284 1
282 285 1
282 286 1
282 287 1
283 1 1
283 11 1
283 97 1
283 272 1
283 294 1
283 303 1
283 309 1
283 312 1
283 318 1
283 340 1
283 342 1
283 346 1
283 364 1
284 223 1
284 231 1
284 232 1
284 276 1
284 278 1
284 279 1
284 280 1
284 281 1
284 282 1
284 285 1
284 286 1
284 287 1
285 223 1
285 231 1
285 232 1
285 244 1
285 278 1
285 279 1
285 280 1
285 281 1
285 282 1
285 284 1
285 287 1
286 223 1
286 231 1
286 278 1
286 279 1
286 280 1
286 282 1
286 284 1
286 287 1
287 223 1
287 231 1
287 232 1
287 273 1
287 278 1
287 279 1
287 280 1
287 281 1
287 282 1
287 284 1
287 285 1
287 286 1
287 291 1
288 177 1
288 249 1
288 250 1
288 263 1
288 277 1
288 289 1
288 291 1
288 292 1
288 298 1
288 400 1
289 223 1
289 231 1
289 239 1
289 249 1
289 250 1
289 270 1
289 276 1
289 278 1
289 280 1
289 281 1
289 288 1
289 290 1
289 291 1
289 293 1
289 298 1
289 397 1
290 239 1
290 249 1
290 280 1
290 289 1
290 291 1
290 298 1
290 302 1
290 397 1
290 404 1
291 223 1
291 239 1
291 276 1
291 277 1
291 280 1
291 287 1
291 288 1
291 289 1
291 290 1
291 293 1
291 297 1
291 298 1
291 301 1
291 302 1
291 306 1
291 401 1
291 402 1
291 404 1
291 405 1
291 406 1
292 249 1
292 288 1
292 400 1
293 273 1
293 280 1
293 289 1
293 291 1
293 297 1
293 300 1
293 397 1
294 116 1
294 272 1
294 283 1
294 303 1
294 308 1
294 309 1
294 310 1
294 312 1
294 314 1
294 315 1
294 325 1
294 332 1
294 337 1
294 360 1
294 403 1
295 270 1
295 402 1
296 297 1
296 298 1
296 304 1
296 407 1
297 239 1
297 276 1
297 277 1
297 291 1
297 293 1
297 296 1
297 298 1
297 300 1
297 301 1
297 302 1
297 306 1
297 402 1
298 239 1
298 249 1
298 270 1
298 274 1
298 275 1
298 277 1
298 288 1
298 289 1
298 290 1
298 291 1
298 296 1
298 297 1
298 299 1
298 302 1
298 402 1
298 404 1
298 406 1
299 298 1
299 305 1
299 402 1
300 248 1
300 273 1
300 293 1
300 297 1
300 301 1
300 304 1
301 273 1
301 276 1
301 291 1
301 297 1
301 300 1
301 302 1
301 305 1
301 306 1
302 239 1
302 290 1
302 291 1
302 297 1
302 298 1
302 301 1
302 304 1
302 306 1
302 402 1
302 404 1
303 116 1
303 272 1
303 283 1
303 294 1
303 318 1
303 353 1
303 354 1
303 390 1
304 296 1
304 300 1
304 302 1
304 305 1
305 270 1
305 299 1
305 301 1
305 304 1
305 306 1
306 270 1
306 273 1
306 291 1
306 297 1
306 301 1
306 302 1
306 305 1
306 402 1
307 25 1
307 217 1
307 349 1
307 359 1
308 178 1
308 189 1
308 227 1
308 272 1
308 294 1
308 309 1
308 310 1
308 311 1
308 312 1
308 318 1
308 321 1
308 322 1
308 324 1
308 338 1
308 345 1
308 390 1
308 408 1
309 1 1
309 7 1
309 97 1
309 189 1
309 217 1
309 272 1
309 283 1
309 294 1
309 308 1
309 310 1
309 311 1
309 312 1
309 318 1
309 321 1
309 323 1
309 325 1
309 327 1
309 330 1
309 334 1
309 338 1
309 340 1
309 341 1
309 342 1
309 345 1
309 357 1
309 362 1
310 7 1
310 272 1
310 294 1
310 308 1
310 309 1
310 311 1
310 312 1
310 321 1
310 357 1
310 362 1
311 178 1
311 189 1
311 199 1
311 227 1
311 268 1
311 272 1
311 308 1
311 309 1
311 310 1
311 312 1
311 336 1
311 338 1
311 341 1
311 343 1
311 345 1
311 346 1
311 356 1
311 408 1
312 283 1
312 294 1
312 308 1
312 309 1
312 310 1
312 311 1
312 318 1
312 342 1
313 314 1
313 317 1
313 321 1
314 149 1
314 189 1
314 294 1
314 313 1
314 317 1
314 318 1
314 322 1
314 337 1
314 341 1
314 343 1
314 346 1
315 14 1
315 272 1
315 294 1
315 316 1
315 317 1
315 318 1
315 339 1
315 348 1
315 349 1
315 350 1
316 36 1
316 272 1
316 315 1
316 318 1
316 346 1
317 20 1
317 24 1
317 27 1
317 30 1
317 38 1
317 46 1
317 47 1
317 48 1
317 71 1
317 74 1
317 75 1
317 77 1
317 79 1
317 80 1
317 81 1
317 82 1
317 83 1
317 84 1
317 85 1
317 86 1
317 94 1
317 116 1
317 219 1
317 227 1
317 272 1
317 313 1
317 314 1
317 315 1
317 318 1
317 325 1
317 342 1
317 343 1
317 369 1
318 1 1
318 15 1
318 20 1
318 24 1
318 29 1
318 31 1
318 38 1
318 44 1
318 46 1
318 47 1
318 48 1
318 59 1
318 70 1
318 71 1
318 74 1
318 80 1
318 83 1
318 85 1
318 91 1
318 93 1
318 94 1
318 95 1
318 96 1
318 110 1
318 130 1
318 147 1
318 227 1
318 257 1
318 268 1
318 272 1
318 283 1
318 303 1
318 308 1
318 309 1
318 312 1
318 314 1
318 315 1
318 316 1
318 317 1
318 324 1
318 332 1
318 333 1
318 334 1
318 338 1
318 339 1
318 340 1
318 342 1
318 369 1
318 390 1
318 403 1
319 14 1
319 24 1
319 25 1
319 67 1
319 97 1
319 217 1
319 328 1
319 339 1
319 360 1
320 321 1
320 322 1
321 308 1
321 309 1
321 310 1
321 313 1
321 320 1
321 322 1
321 332 1
321 342 1
322 308 1
322 314 1
322 320 1
322 321 1
322 331 1
322 332 1
322 342 1
322 343 1
323 15 1
323 16 1
323 29 1
323 48 1
323 309 1
323 324 1
323 325 1
323 342 1
323 343 1
323 346 1
323 350 1
324 18 1
324 308 1
324 318 1
324 323 1
324 325 1
324 337 1
325 16 1
325 28 1
325 37 1
325 48 1
325 77 1
325 79 1
325 95 1
325 294 1
325 309 1
325 317 1
325 323 1
325 324 1
325 346 1
326 327 1
326 329 1
326 330 1
326 331 1
326 344 1
327 309 1
327 326 1
327 329 1
327 330 1
327 331 1
327 346 1
327 403 1
328 14 1
328 24 1
328 25 1
328 45 1
328 116 1
328 319 1
328 339 1
328 360 1
329 326 1
329 327 1
329 330 1
329 331 1
329 337 1
330 272 1
330 309 1
330 326 1
330 327 1
330 329 1
330 331 1
331 237 1
331 322 1
331 326 1
331 327 1
331 329 1
331 330 1
331 337 1
331 343 1
332 12 1
332 15 1
332 16 1
332 294 1
332 318 1
332 321 1
332 322 1
332 336 1
332 403 1
333 1 1
333 50 1
333 57 1
333 66 1
333 74 1
333 268 1
333 318 1
333 334 1
333 335 1
333 340 1
333 342 1
334 76 1
334 88 1
334 113 1
334 115 1
334 117 1
334 309 1
334 318 1
334 333 1
334 335 1
334 342 1
334 344 1
334 345 1
335 333 1
335 334 1
335 348 1
336 237 1
336 311 1
336 332 1
336 348 1
336 350 1
337 8 1
337 116 1
337 294 1
337 314 1
337 324 1
337 329 1
337 331 1
337 338 1
337 340 1
337 341 1
337 342 1
337 346 1
337 356 1
337 357 1
338 7 1
338 149 1
338 272 1
338 308 1
338 309 1
338 311 1
338 318 1
338 337 1
338 340 1
338 341 1
338 342 1
338 353 1
338 354 1
338 356 1
338 357 1
338 366 1
339 118 1
339 272 1
339 315 1
339 318 1
339 319 1
339 328 1
339 382 1
340 26 1
340 116 1
340 283 1
340 309 1
340 318 1
340 333 1
340 337 1
340 338 1
340 341 1
340 342 1
340 346 1
341 18 1
341 26 1
341 32 1
341 149 1
341 309 1
341 311 1
341 314 1
341 337 1
341 338 1
341 340 1
341 356 1
342 4 1
342 7 1
342 97 1
342 283 1
342 309 1
342 312 1
342 317 1
342 318 1
342 321 1
342 322 1
342 323 1
342 333 1
342 334 1
342 337 1
342 338 1
342 340 1
342 343 1
342 344 1
342 345 1
342 346 1
342 350 1
342 355 1
342 356 1
343 97 1
343 311 1
343 314 1
343 317 1
343 322 1
343 323 1
343 331 1
343 342 1
343 344 1
343 345 1
343 346 1
343 350 1
343 363 1
343 364 1
344 97 1
344 326 1
344 334 1
344 342 1
344 343 1
344 345 1
344 346 1
344 350 1
344 354 1
345 97 1
345 308 1
345 309 1
345 311 1
345 334 1
345 342 1
345 343 1
345 344 1
345 346 1
345 350 1
346 283 1
346 311 1
346 314 1
346 316 1
346 323 1
346 325 1
346 327 1
346 337 1
346 340 1
346 342 1
346 343 1
346 344 1
346 345 1
346 350 1
346 356 1
347 348 1
348 315 1
348 335 1
348 336 1
348 347 1
348 350 1
349 3 1
349 14 1
349 25 1
349 36 1
349 45 1
349 56 1
349 67 1
349 217 1
349 307 1
349 315 1
349 360 1
349 368 1
350 315 1
350 323 1
350 336 1
350 342 1
350 343 1
350 344 1
350 345 1
350 346 1
350 348 1
350 351 1
350 352 1
350 356 1
350 357 1
350 409 1
351 350 1
351 352 1
352 350 1
352 351 1
352 356 1
353 1 1
353 15 1
353 43 1
353 46 1
353 48 1
353 303 1
353 338 1
353 354 1
353 356 1
353 364 1
354 1 1
354 43 1
354 44 1
354 54 1
354 58 1
354 63 1
354 65 1
354 66 1
354 68 1
354 73 1
354 303 1
354 338 1
354 344 1
354 353 1
355 5 1
355 342 1
355 356 1
355 357 1
355 358 1
355 361 1
356 5 1
356 12 1
356 19 1
356 20 1
356 21 1
356 38 1
356 311 1
356 337 1
356 338 1
356 341 1
356 342 1
356 346 1
356 350 1
356 352 1
356 353 1
356 355 1
356 357 1
356 358 1
356 363 1
356 364 1
357 7 1
357 23 1
357 46 1
357 48 1
357 309 1
357 310 1
357 337 1
357 338 1
357 350 1
357 355 1
357 356 1
357 358 1
357 361 1
357 364 1
358 5 1
358 355 1
358 356 1
358 357 1
359 1 1
359 2 1
359 4 1
359 5 1
359 6 1
359 8 1
359 10 1
359 11 1
359 13 1
359 307 1
359 361 1
359 362 1
359 365 1
359 366 1
359 367 1
360 3 1
360 14 1
360 25 1
360 36 1
360 45 1
360 56 1
360 67 1
360 97 1
360 168 1
360 217 1
360 294 1
360 319 1
360 328 1
360 349 1
361 1 1
361 2 1
361 4 1
361 5 1
361 6 1
361 7 1
361 10 1
361 12 1
361 21 1
361 26 1
361 29 1
361 355 1
361 357 1
361 359 1
361 362 1
361 363 1
361 364 1
361 365 1
361 366 1
361 367 1
361 410 1
362 1 1
362 2 1
362 4 1
362 5 1
362 6 1
362 7 1
362 8 1
362 9 1
362 10 1
362 11 1
362 12 1
362 21 1
362 35 1
362 309 1
362 310 1
362 359 1
362 361 1
362 363 1
362 364 1
362 365 1
362 366 1
362 367 1
363 1 1
363 2 1
363 4 1
363 5 1
363 6 1
363 7 1
363 9 1
363 10 1
363 11 1
363 12 1
363 15 1
363 50 1
363 343 1
363 356 1
363 361 1
363 362 1
363 364 1
363 365 1
363 366 1
363 367 1
364 1 1
364 2 1
364 4 1
364 5 1
364 6 1
364 7 1
364 8 1
364 10 1
364 11 1
364 12 1
364 15 1
364 17 1
364 18 1
364 26 1
364 51 1
364 283 1
364 343 1
364 353 1
364 356 1
364 357 1
364 361 1
364 362 1
364 363 1
364 365 1
364 366 1
365 1 1
365 4 1
365 5 1
365 6 1
365 7 1
365 9 1
365 11 1
365 30 1
365 359 1
365 361 1
365 362 1
365 363 1
365 364 1
365 366 1
365 367 1
366 1 1
366 2 1
366 5 1
366 6 1
366 7 1
366 8 1
366 10 1
366 11 1
366 12 1
366 338 1
366 359 1
366 361 1
366 362 1
366 363 1
366 364 1
366 365 1
366 367 1
367 5 1
367 6 1
367 7 1
367 8 1
367 9 1
367 11 1
367 12 1
367 27 1
367 359 1
367 361 1
367 362 1
367 363 1
367 365 1
367 366 1
368 3 1
368 14 1
368 25 1
368 36 1
368 45 1
368 67 1
368 78 1
368 349 1
369 9 1
369 18 1
369 19 1
369 21 1
369 32 1
369 317 1
369 318 1
370 25 1
370 78 1
370 89 1
370 97 1
371 37 1
372 37 1
372 94 1
373 37 1
373 147 1
374 70 1
374 75 1
374 77 1
374 80 1
374 81 1
374 82 1
374 83 1
374 84 1
374 85 1
374 87 1
374 88 1
374 91 1
375 75 1
375 80 1
375 81 1
375 85 1
375 86 1
375 88 1
376 79 1
377 86 1
377 157 1
377 160 1
378 94 1
378 174 1
378 175 1
378 176 1
379 94 1
379 162 1
379 166 1
379 167 1
379 169 1
379 170 1
379 185 1
379 188 1
379 191 1
379 192 1
379 194 1
379 195 1
379 197 1
379 198 1
379 200 1
379 201 1
379 203 1
379 204 1
379 205 1
379 206 1
380 101 1
380 102 1
380 103 1
380 104 1
380 107 1
380 112 1
380 126 1
380 132 1
380 133 1
380 134 1
380 136 1
380 138 1
380 139 1
380 142 1
380 144 1
380 146 1
380 147 1
381 101 1
381 197 1
381 213 1
381 218 1
382 118 1
382 339 1
383 142 1
384 142 1
384 162 1
384 163 1
384 164 1
384 167 1
384 171 1
384 177 1
384 187 1
384 188 1
384 190 1
384 191 1
384 194 1
384 195 1
384 197 1
384 198 1
384 200 1
384 201 1
384 202 1
384 203 1
384 204 1
384 205 1
384 206 1
384 215 1
385 155 1
385 158 1
386 166 1
386 177 1
386 196 1
387 167 1
387 170 1
387 171 1
387 181 1
387 187 1
387 188 1
387 190 1
387 191 1
387 192 1
387 194 1
387 195 1
387 196 1
387 197 1
387 198 1
387 200 1
387 201 1
387 202 1
387 203 1
387 205 1
387 206 1
388 177 1
388 230 1
388 233 1
388 236 1
388 238 1
388 239 1
388 240 1
388 241 1
389 177 1
389 243 1
389 249 1
389 251 1
389 252 1
389 254 1
389 258 1
389 259 1
389 260 1
389 262 1
389 263 1
390 189 1
390 303 1
390 308 1
390 318 1
391 207 1
391 209 1
392 207 1
393 210 1
393 211 1
393 213 1
393 216 1
393 218 1
393 220 1
393 222 1
393 224 1
393 228 1
394 224 1
394 225 1
394 226 1
395 230 1
395 244 1
395 248 1
395 252 1
395 253 1
395 256 1
396 234 1
396 236 1
396 242 1
396 243 1
396 244 1
396 245 1
396 246 1
397 239 1
397 289 1
397 290 1
397 293 1
398 249 1
398 251 1
398 252 1
398 255 1
398 258 1
398 261 1
398 263 1
399 249 1
399 270 1
399 273 1
399 276 1
400 249 1
400 250 1
400 288 1
400 292 1
401 270 1
401 291 1
402 270 1
402 276 1
402 291 1
402 295 1
402 297 1
402 298 1
402 299 1
402 302 1
402 306 1
403 272 1
403 294 1
403 318 1
403 327 1
403 332 1
404 290 1
404 291 1
404 298 1
404 302 1
405 291 1
406 291 1
406 298 1
407 296 1
408 308 1
408 311 1
409 350 1
410 361 1
