1 2 1
1 3 1
1 4 1
1 5 1
1 6 1
1 7 1
1 8 1
1 9 1
1 10 1
1 11 1
1 12 1
1 13 1
1 14 1
1 15 1
1 16 1
1 17 1
1 18 1
1 19 1
1 20 1
1 21 1
1 22 1
1 23 1
1 24 1
2 1 1
2 4 1
2 6 1
2 7 1
2 11 1
2 12 1
2 13 1
2 14 1
2 15 1
2 19 1
2 20 1
2 21 1
2 23 1
2 24 1
2 66 1
2 119 1
2 120 1
2 121 1
2 122 1
2 123 1
2 124 1
3 1 1
3 4 1
3 5 1
3 6 1
3 7 1
3 8 1
3 9 1
3 10 1
3 13 1
3 14 1
3 16 1
3 17 1
3 18 1
3 20 1
3 21 1
3 23 1
3 24 1
3 66 1
3 124 1
3 129 1
3 142 1
3 143 1
3 144 1
3 145 1
3 146 1
3 147 1
3 155 1
3 156 1
3 181 1
4 1 1
4 2 1
4 3 1
4 6 1
4 7 1
4 8 1
4 9 1
4 11 1
4 12 1
4 13 1
4 14 1
4 15 1
4 16 1
4 17 1
4 18 1
4 19 1
4 20 1
4 21 1
4 23 1
4 24 1
4 100 1
4 111 1
4 120 1
4 127 1
4 132 1
4 136 1
4 146 1
4 147 1
4 149 1
4 158 1
4 159 1
4 160 1
4 161 1
4 162 1
4 163 1
4 164 1
4 165 1
4 166 1
4 167 1
4 170 1
4 171 1
4 172 1
4 182 1
5 1 1
5 3 1
5 6 1
5 10 1
5 17 1
5 22 1
5 66 1
5 150 1
5 152 1
5 156 1
5 158 1
5 159 1
6 1 1
6 2 1
6 3 1
6 4 1
6 5 1
6 7 1
6 10 1
6 11 1
6 12 1
6 13 1
6 14 1
6 15 1
6 17 1
6 19 1
6 20 1
6 21 1
6 22 1
6 23 1
6 24 1
6 150 1
6 152 1
6 158 1
6 159 1
7 1 1
7 2 1
7 3 1
7 4 1
7 6 1
7 9 1
7 10 1
7 11 1
7 12 1
7 13 1
7 14 1
7 15 1
7 18 1
7 19 1
7 20 1
7 21 1
7 23 1
7 24 1
7 26 1
7 27 1
7 28 1
7 48 1
7 53 1
7 54 1
7 66 1
7 73 1
7 74 1
7 75 1
7 79 1
7 80 1
7 82 1
7 83 1
7 84 1
7 85 1
7 86 1
7 88 1
7 89 1
7 91 1
7 92 1
7 94 1
7 95 1
7 96 1
7 97 1
7 99 1
7 100 1
7 101 1
7 102 1
7 103 1
7 104 1
7 105 1
7 106 1
7 107 1
7 108 1
7 109 1
7 110 1
7 115 1
7 116 1
7 117 1
7 118 1
7 119 1
7 120 1
7 121 1
7 122 1
7 123 1
7 124 1
7 126 1
7 127 1
7 129 1
7 132 1
7 136 1
7 137 1
7 138 1
7 139 1
7 145 1
7 146 1
7 147 1
7 149 1
7 150 1
7 151 1
7 152 1
7 158 1
7 159 1
7 160 1
7 161 1
7 162 1
7 163 1
7 164 1
7 165 1
7 166 1
7 167 1
7 170 1
7 171 1
7 172 1
7 181 1
7 182 1
7 183 1
8 1 1
8 3 1
8 4 1
8 9 1
8 16 1
8 17 1
8 18 1
8 21 1
8 23 1
8 24 1
8 28 1
8 79 1
8 80 1
8 90 1
8 91 1
8 93 1
8 97 1
8 99 1
8 109 1
8 110 1
9 1 1
9 3 1
9 4 1
9 7 1
9 8 1
9 11 1
9 13 1
9 14 1
9 16 1
9 17 1
9 18 1
9 21 1
9 23 1
9 24 1
9 66 1
9 108 1
9 124 1
9 129 1
9 133 1
9 136 1
9 143 1
9 145 1
9 155 1
9 156 1
9 181 1
9 184 1
10 1 1
10 3 1
10 5 1
10 6 1
10 7 1
10 12 1
10 13 1
10 14 1
10 15 1
10 17 1
10 18 1
10 19 1
10 20 1
10 28 1
10 53 1
10 66 1
10 73 1
10 74 1
10 75 1
10 79 1
10 82 1
10 84 1
10 85 1
10 87 1
10 92 1
10 108 1
10 110 1
10 111 1
10 113 1
10 118 1
10 124 1
10 142 1
10 143 1
10 144 1
10 146 1
10 150 1
10 152 1
10 154 1
10 155 1
10 156 1
10 158 1
10 159 1
11 1 1
11 2 1
11 4 1
11 6 1
11 7 1
11 9 1
11 12 1
11 13 1
11 14 1
11 15 1
11 18 1
11 19 1
11 20 1
11 21 1
11 23 1
11 24 1
11 66 1
11 79 1
11 88 1
11 89 1
11 94 1
11 95 1
11 96 1
11 100 1
11 101 1
11 102 1
11 105 1
11 106 1
11 108 1
11 115 1
11 116 1
11 117 1
11 119 1
11 120 1
11 123 1
11 124 1
11 129 1
11 132 1
11 136 1
11 145 1
12 1 1
12 2 1
12 4 1
12 6 1
12 7 1
12 10 1
12 11 1
12 13 1
12 14 1
12 15 1
12 18 1
12 19 1
12 20 1
12 21 1
12 23 1
12 24 1
12 66 1
12 73 1
12 75 1
12 92 1
12 100 1
12 110 1
12 111 1
12 113 1
12 120 1
12 124 1
12 127 1
12 132 1
12 136 1
12 146 1
12 147 1
12 149 1
12 154 1
12 155 1
12 156 1
12 158 1
12 159 1
12 160 1
12 161 1
12 162 1
12 163 1
12 164 1
12 165 1
12 166 1
12 167 1
12 182 1
13 1 1
13 2 1
13 3 1
13 4 1
13 6 1
13 7 1
13 9 1
13 10 1
13 11 1
13 12 1
13 14 1
13 15 1
13 18 1
13 19 1
13 20 1
13 21 1
13 23 1
13 24 1
13 55 1
13 66 1
13 73 1
13 75 1
13 88 1
13 89 1
13 92 1
13 100 1
13 110 1
13 111 1
13 113 1
13 120 1
13 121 1
13 122 1
13 124 1
13 127 1
13 132 1
13 136 1
13 146 1
13 147 1
13 149 1
13 151 1
13 154 1
13 155 1
13 156 1
13 158 1
13 159 1
13 160 1
13 161 1
13 162 1
13 163 1
13 164 1
13 165 1
13 166 1
13 167 1
13 170 1
13 171 1
13 172 1
13 178 1
13 179 1
13 182 1
13 185 1
14 1 1
14 2 1
14 3 1
14 4 1
14 6 1
14 7 1
14 9 1
14 10 1
14 11 1
14 12 1
14 13 1
14 15 1
14 18 1
14 19 1
14 20 1
14 21 1
14 23 1
14 24 1
14 66 1
14 73 1
14 75 1
14 92 1
14 100 1
14 110 1
14 111 1
14 113 1
14 120 1
14 124 1
14 127 1
14 132 1
14 136 1
14 146 1
14 147 1
14 149 1
14 154 1
14 155 1
14 156 1
14 158 1
14 159 1
14 160 1
14 161 1
14 162 1
14 163 1
14 164 1
14 165 1
14 166 1
14 167 1
14 178 1
14 182 1
15 1 1
15 2 1
15 4 1
15 6 1
15 7 1
15 10 1
15 11 1
15 12 1
15 13 1
15 14 1
15 18 1
15 19 1
15 20 1
15 21 1
15 23 1
15 24 1
15 66 1
15 73 1
15 75 1
15 92 1
15 100 1
15 110 1
15 111 1
15 113 1
15 120 1
15 124 1
15 127 1
15 132 1
15 136 1
15 146 1
15 147 1
15 149 1
15 154 1
15 155 1
15 156 1
15 158 1
15 159 1
15 160 1
15 161 1
15 162 1
15 163 1
15 164 1
15 165 1
15 166 1
15 167 1
15 170 1
15 171 1
15 172 1
15 182 1
16 1 1
16 3 1
16 4 1
16 8 1
16 9 1
16 17 1
16 18 1
16 21 1
16 23 1
16 24 1
16 28 1
16 79 1
16 80 1
16 87 1
16 90 1
16 91 1
16 92 1
16 93 1
16 97 1
16 99 1
16 109 1
16 110 1
16 113 1
17 1 1
17 3 1
17 4 1
17 5 1
17 6 1
17 8 1
17 9 1
17 10 1
17 16 1
17 18 1
17 21 1
17 22 1
17 23 1
17 24 1
17 142 1
17 143 1
17 144 1
17 145 1
17 146 1
17 147 1
18 1 1
18 3 1
18 4 1
18 7 1
18 8 1
18 9 1
18 10 1
18 11 1
18 12 1
18 13 1
18 14 1
18 15 1
18 16 1
18 17 1
18 19 1
18 20 1
18 21 1
18 23 1
18 24 1
18 66 1
18 73 1
18 75 1
18 79 1
18 88 1
18 89 1
18 92 1
18 94 1
18 95 1
18 96 1
18 100 1
18 101 1
18 106 1
18 110 1
18 111 1
18 113 1
18 115 1
18 116 1
18 117 1
18 120 1
18 124 1
18 127 1
18 132 1
18 136 1
18 146 1
18 147 1
18 149 1
18 154 1
18 155 1
18 156 1
18 158 1
18 159 1
18 160 1
18 161 1
18 162 1
18 163 1
18 164 1
18 165 1
18 166 1
18 167 1
18 182 1
19 1 1
19 2 1
19 4 1
19 6 1
19 7 1
19 10 1
19 11 1
19 12 1
19 13 1
19 14 1
19 15 1
19 18 1
19 20 1
19 21 1
19 23 1
19 24 1
19 53 1
19 66 1
19 73 1
19 74 1
19 75 1
19 85 1
19 92 1
19 99 1
19 100 1
19 108 1
19 110 1
19 111 1
19 113 1
19 120 1
19 124 1
19 127 1
19 132 1
19 134 1
19 136 1
19 138 1
19 146 1
19 147 1
19 149 1
19 150 1
19 151 1
19 152 1
19 154 1
19 155 1
19 156 1
19 158 1
19 159 1
19 160 1
19 161 1
19 162 1
19 163 1
19 164 1
19 165 1
19 166 1
19 167 1
19 182 1
20 1 1
20 2 1
20 3 1
20 4 1
20 6 1
20 7 1
20 10 1
20 11 1
20 12 1
20 13 1
20 14 1
20 15 1
20 18 1
20 19 1
20 21 1
20 23 1
20 24 1
20 53 1
20 66 1
20 73 1
20 74 1
20 75 1
20 79 1
20 85 1
20 88 1
20 89 1
20 92 1
20 94 1
20 95 1
20 96 1
20 99 1
20 100 1
20 101 1
20 105 1
20 106 1
20 108 1
20 110 1
20 111 1
20 113 1
20 115 1
20 116 1
20 117 1
20 119 1
20 120 1
20 121 1
20 122 1
20 123 1
20 124 1
20 127 1
20 132 1
20 136 1
20 138 1
20 146 1
20 147 1
20 149 1
20 150 1
20 151 1
20 152 1
20 154 1
20 155 1
20 156 1
20 158 1
20 159 1
20 160 1
20 161 1
20 162 1
20 163 1
20 164 1
20 165 1
20 166 1
20 167 1
20 170 1
20 171 1
20 172 1
20 182 1
21 1 1
21 2 1
21 3 1
21 4 1
21 6 1
21 7 1
21 8 1
21 9 1
21 11 1
21 12 1
21 13 1
21 14 1
21 15 1
21 16 1
21 17 1
21 18 1
21 19 1
21 20 1
21 23 1
21 24 1
21 100 1
21 111 1
21 120 1
21 127 1
21 132 1
21 136 1
21 146 1
21 147 1
21 149 1
21 158 1
21 159 1
21 160 1
21 161 1
21 162 1
21 163 1
21 164 1
21 165 1
21 166 1
21 167 1
21 170 1
21 171 1
21 172 1
21 182 1
22 1 1
22 5 1
22 6 1
22 17 1
22 87 1
22 92 1
22 118 1
22 132 1
22 169 1
22 180 1
23 1 1
23 2 1
23 3 1
23 4 1
23 6 1
23 7 1
23 8 1
23 9 1
23 11 1
23 12 1
23 13 1
23 14 1
23 15 1
23 16 1
23 17 1
23 18 1
23 19 1
23 20 1
23 21 1
23 24 1
23 27 1
23 31 1
23 66 1
23 73 1
23 79 1
23 88 1
23 89 1
23 90 1
23 92 1
23 94 1
23 95 1
23 96 1
23 100 1
23 101 1
23 106 1
23 108 1
23 111 1
23 115 1
23 116 1
23 117 1
23 118 1
23 120 1
23 121 1
23 122 1
23 123 1
23 125 1
23 126 1
23 127 1
23 129 1
23 130 1
23 131 1
23 132 1
23 133 1
23 136 1
23 145 1
23 146 1
23 147 1
23 149 1
23 150 1
23 158 1
23 159 1
23 160 1
23 161 1
23 162 1
23 163 1
23 164 1
23 165 1
23 166 1
23 167 1
23 170 1
23 171 1
23 172 1
23 181 1
23 182 1
24 1 1
24 2 1
24 3 1
24 4 1
24 6 1
24 7 1
24 8 1
24 9 1
24 11 1
24 12 1
24 13 1
24 14 1
24 15 1
24 16 1
24 17 1
24 18 1
24 19 1
24 20 1
24 21 1
24 23 1
24 66 1
24 79 1
24 88 1
24 89 1
24 94 1
24 95 1
24 96 1
24 100 1
24 101 1
24 102 1
24 105 1
24 106 1
24 108 1
24 115 1
24 116 1
24 117 1
24 119 1
24 120 1
24 123 1
24 124 1
24 132 1
24 162 1
24 170 1
24 171 1
24 172 1
25 26 1
25 27 1
25 28 1
26 7 1
26 25 1
26 27 1
26 28 1
26 61 1
26 73 1
26 79 1
26 80 1
26 86 1
26 88 1
26 89 1
26 93 1
26 97 1
26 99 1
26 102 1
26 104 1
26 105 1
26 107 1
26 108 1
26 109 1
26 110 1
26 114 1
26 116 1
26 118 1
26 186 1
27 7 1
27 23 1
27 25 1
27 26 1
27 28 1
27 35 1
27 48 1
27 53 1
27 54 1
27 61 1
27 69 1
27 73 1
27 74 1
27 75 1
27 82 1
27 83 1
27 84 1
27 85 1
27 86 1
27 87 1
27 88 1
27 89 1
27 92 1
27 93 1
27 94 1
27 95 1
27 96 1
27 101 1
27 103 1
27 104 1
27 106 1
27 108 1
27 109 1
27 110 1
27 111 1
27 112 1
27 113 1
27 115 1
27 116 1
27 117 1
27 118 1
27 124 1
27 137 1
27 138 1
27 139 1
27 186 1
28 7 1
28 8 1
28 10 1
28 16 1
28 25 1
28 26 1
28 27 1
28 53 1
28 61 1
28 66 1
28 69 1
28 73 1
28 74 1
28 79 1
28 82 1
28 83 1
28 84 1
28 85 1
28 87 1
28 88 1
28 89 1
28 90 1
28 91 1
28 92 1
28 93 1
28 97 1
28 102 1
28 104 1
28 107 1
28 108 1
28 109 1
28 110 1
28 111 1
28 113 1
28 114 1
28 116 1
28 118 1
28 123 1
28 186 1
29 30 1
29 31 1
29 32 1
29 33 1
30 29 1
30 31 1
30 32 1
30 33 1
30 77 1
30 78 1
30 187 1
31 23 1
31 29 1
31 30 1
31 32 1
31 33 1
31 34 1
31 35 1
31 36 1
31 37 1
31 42 1
31 49 1
31 50 1
31 51 1
31 52 1
31 57 1
31 59 1
31 60 1
31 61 1
31 63 1
31 64 1
31 65 1
31 67 1
31 68 1
31 69 1
31 71 1
31 90 1
31 96 1
31 100 1
31 121 1
31 122 1
31 125 1
31 130 1
31 131 1
31 133 1
31 140 1
31 141 1
31 173 1
31 176 1
31 187 1
31 188 1
31 189 1
32 29 1
32 30 1
32 31 1
32 33 1
32 34 1
32 35 1
32 36 1
32 37 1
32 38 1
32 39 1
32 40 1
32 41 1
32 42 1
32 43 1
32 44 1
32 45 1
32 46 1
32 47 1
32 49 1
32 50 1
32 51 1
32 52 1
32 55 1
32 56 1
32 58 1
32 59 1
32 60 1
32 61 1
32 62 1
32 64 1
32 65 1
32 66 1
32 67 1
32 69 1
32 70 1
32 71 1
32 72 1
32 89 1
32 138 1
32 151 1
32 153 1
32 174 1
32 188 1
32 190 1
32 191 1
33 29 1
33 30 1
33 31 1
33 32 1
33 34 1
33 35 1
33 36 1
33 37 1
33 38 1
33 40 1
33 41 1
33 42 1
33 43 1
33 44 1
33 45 1
33 46 1
33 47 1
33 49 1
33 50 1
33 51 1
33 52 1
33 55 1
33 56 1
33 57 1
33 58 1
33 59 1
33 60 1
33 61 1
33 62 1
33 64 1
33 65 1
33 66 1
33 67 1
33 68 1
33 69 1
33 71 1
33 72 1
33 138 1
33 151 1
33 153 1
34 31 1
34 32 1
34 33 1
34 35 1
34 36 1
34 37 1
34 38 1
34 39 1
34 40 1
34 41 1
34 42 1
34 43 1
34 44 1
34 45 1
34 46 1
34 47 1
35 27 1
35 31 1
35 32 1
35 33 1
35 34 1
35 36 1
35 37 1
35 38 1
35 39 1
35 40 1
35 41 1
35 42 1
35 43 1
35 44 1
35 45 1
35 46 1
35 47 1
35 48 1
35 49 1
35 50 1
35 51 1
35 52 1
35 53 1
35 54 1
35 55 1
35 56 1
35 57 1
35 58 1
35 59 1
35 60 1
35 61 1
35 62 1
35 63 1
35 64 1
35 65 1
35 66 1
35 67 1
35 68 1
35 69 1
35 70 1
35 71 1
35 72 1
35 73 1
35 74 1
35 75 1
35 192 1
36 31 1
36 32 1
36 33 1
36 34 1
36 35 1
36 37 1
36 39 1
36 40 1
36 42 1
36 43 1
36 44 1
36 45 1
36 46 1
36 47 1
36 50 1
36 55 1
36 59 1
36 65 1
36 67 1
36 69 1
36 70 1
36 72 1
36 140 1
36 141 1
36 187 1
37 31 1
37 32 1
37 33 1
37 34 1
37 35 1
37 36 1
37 38 1
37 39 1
37 40 1
37 41 1
37 42 1
37 43 1
37 44 1
37 45 1
37 46 1
37 47 1
37 50 1
37 51 1
37 55 1
37 59 1
37 60 1
37 61 1
37 63 1
37 65 1
37 67 1
37 69 1
37 70 1
37 72 1
37 113 1
37 153 1
37 188 1
38 32 1
38 33 1
38 34 1
38 35 1
38 37 1
38 39 1
38 40 1
38 41 1
38 42 1
38 44 1
38 45 1
38 50 1
38 51 1
38 55 1
38 59 1
38 60 1
38 61 1
38 62 1
38 63 1
38 65 1
38 66 1
38 67 1
38 69 1
38 72 1
38 138 1
38 151 1
38 153 1
38 177 1
38 193 1
39 32 1
39 34 1
39 35 1
39 36 1
39 37 1
39 38 1
39 40 1
39 42 1
39 43 1
39 44 1
39 47 1
39 50 1
39 55 1
39 59 1
39 65 1
39 67 1
39 69 1
39 70 1
39 72 1
40 32 1
40 33 1
40 34 1
40 35 1
40 36 1
40 37 1
40 38 1
40 39 1
40 41 1
40 42 1
40 43 1
40 44 1
40 45 1
40 46 1
40 47 1
40 50 1
40 59 1
40 65 1
40 67 1
41 32 1
41 33 1
41 34 1
41 35 1
41 37 1
41 38 1
41 40 1
41 42 1
41 44 1
41 45 1
41 50 1
41 51 1
41 59 1
41 60 1
41 61 1
41 62 1
41 63 1
41 65 1
41 66 1
41 69 1
41 70 1
41 113 1
41 191 1
42 31 1
42 32 1
42 33 1
42 34 1
42 35 1
42 36 1
42 37 1
42 38 1
42 39 1
42 40 1
42 41 1
42 43 1
42 44 1
42 45 1
42 46 1
42 47 1
42 49 1
42 50 1
42 51 1
42 52 1
42 55 1
42 56 1
42 57 1
42 58 1
42 59 1
42 60 1
42 61 1
42 62 1
42 64 1
42 65 1
42 66 1
42 67 1
42 68 1
42 69 1
42 72 1
42 124 1
42 138 1
42 151 1
42 153 1
43 32 1
43 33 1
43 34 1
43 35 1
43 36 1
43 37 1
43 39 1
43 40 1
43 42 1
43 44 1
43 45 1
43 46 1
43 47 1
43 50 1
43 55 1
43 59 1
43 65 1
43 67 1
43 69 1
43 70 1
43 72 1
43 174 1
44 32 1
44 33 1
44 34 1
44 35 1
44 36 1
44 37 1
44 38 1
44 39 1
44 40 1
44 41 1
44 42 1
44 43 1
44 45 1
44 46 1
44 47 1
44 51 1
44 59 1
44 60 1
44 61 1
44 62 1
44 65 1
44 67 1
44 69 1
45 32 1
45 33 1
45 34 1
45 35 1
45 36 1
45 37 1
45 38 1
45 40 1
45 41 1
45 42 1
45 43 1
45 44 1
45 46 1
45 47 1
45 50 1
45 59 1
45 60 1
45 61 1
45 65 1
45 67 1
45 69 1
45 71 1
45 72 1
45 153 1
46 32 1
46 33 1
46 34 1
46 35 1
46 36 1
46 37 1
46 40 1
46 42 1
46 43 1
46 44 1
46 45 1
46 47 1
46 50 1
46 51 1
46 59 1
46 60 1
46 61 1
46 63 1
46 65 1
46 67 1
46 69 1
46 116 1
46 153 1
46 188 1
47 32 1
47 33 1
47 34 1
47 35 1
47 36 1
47 37 1
47 39 1
47 40 1
47 42 1
47 43 1
47 44 1
47 45 1
47 46 1
47 50 1
47 55 1
47 59 1
47 65 1
47 67 1
47 69 1
47 70 1
47 72 1
47 81 1
47 125 1
47 126 1
47 127 1
47 128 1
47 129 1
47 132 1
47 134 1
47 135 1
47 136 1
48 7 1
48 27 1
48 35 1
48 53 1
48 54 1
48 66 1
48 73 1
48 74 1
48 75 1
48 79 1
48 83 1
48 84 1
48 85 1
48 86 1
48 89 1
48 103 1
48 104 1
48 114 1
48 116 1
48 118 1
48 137 1
48 138 1
48 139 1
48 181 1
49 31 1
49 32 1
49 33 1
49 35 1
49 42 1
49 51 1
49 52 1
49 57 1
49 61 1
49 64 1
49 65 1
49 68 1
49 69 1
50 31 1
50 32 1
50 33 1
50 35 1
50 36 1
50 37 1
50 38 1
50 39 1
50 40 1
50 41 1
50 42 1
50 43 1
50 45 1
50 46 1
50 47 1
50 51 1
50 55 1
50 59 1
50 60 1
50 61 1
50 63 1
50 65 1
50 67 1
50 69 1
50 70 1
50 72 1
50 153 1
50 188 1
51 31 1
51 32 1
51 33 1
51 35 1
51 37 1
51 38 1
51 41 1
51 42 1
51 44 1
51 46 1
51 49 1
51 50 1
51 52 1
51 55 1
51 57 1
51 59 1
51 60 1
51 61 1
51 62 1
51 63 1
51 64 1
51 65 1
51 66 1
51 67 1
51 68 1
51 69 1
51 72 1
51 138 1
51 151 1
51 153 1
51 188 1
52 31 1
52 32 1
52 33 1
52 35 1
52 42 1
52 49 1
52 51 1
52 56 1
52 57 1
52 58 1
52 61 1
52 64 1
52 65 1
52 66 1
52 68 1
52 69 1
52 124 1
52 176 1
52 189 1
53 7 1
53 10 1
53 19 1
53 20 1
53 27 1
53 28 1
53 35 1
53 48 1
53 54 1
53 69 1
53 73 1
53 74 1
53 75 1
53 79 1
53 80 1
53 81 1
53 82 1
53 83 1
53 84 1
53 85 1
53 86 1
53 87 1
53 90 1
53 92 1
53 96 1
53 97 1
53 98 1
53 99 1
53 103 1
53 108 1
53 109 1
53 110 1
53 111 1
53 113 1
53 118 1
53 137 1
53 138 1
53 139 1
53 150 1
53 151 1
53 152 1
53 183 1
54 7 1
54 27 1
54 35 1
54 48 1
54 53 1
54 66 1
54 73 1
54 74 1
54 75 1
54 79 1
54 80 1
54 81 1
54 83 1
54 84 1
54 85 1
54 86 1
54 89 1
54 90 1
54 92 1
54 96 1
54 97 1
54 98 1
54 99 1
54 103 1
54 104 1
54 108 1
54 109 1
54 110 1
54 114 1
54 116 1
54 118 1
54 119 1
54 122 1
54 123 1
54 137 1
54 138 1
54 139 1
55 13 1
55 32 1
55 33 1
55 35 1
55 36 1
55 37 1
55 38 1
55 39 1
55 42 1
55 43 1
55 47 1
55 50 1
55 51 1
55 59 1
55 60 1
55 61 1
55 65 1
55 66 1
55 67 1
55 69 1
55 70 1
55 72 1
55 88 1
55 89 1
55 120 1
55 124 1
55 137 1
55 138 1
55 151 1
55 153 1
55 185 1
56 32 1
56 33 1
56 35 1
56 42 1
56 52 1
56 57 1
56 58 1
56 59 1
56 61 1
56 64 1
56 65 1
56 66 1
56 68 1
56 69 1
56 71 1
56 124 1
56 188 1
57 31 1
57 33 1
57 35 1
57 42 1
57 49 1
57 51 1
57 52 1
57 56 1
57 58 1
57 61 1
57 64 1
57 65 1
57 66 1
57 68 1
57 69 1
57 124 1
58 32 1
58 33 1
58 35 1
58 42 1
58 52 1
58 56 1
58 57 1
58 59 1
58 61 1
58 64 1
58 65 1
58 66 1
58 68 1
58 69 1
58 71 1
58 83 1
58 121 1
58 123 1
58 124 1
58 185 1
59 31 1
59 32 1
59 33 1
59 35 1
59 36 1
59 37 1
59 38 1
59 39 1
59 40 1
59 41 1
59 42 1
59 43 1
59 44 1
59 45 1
59 46 1
59 47 1
59 50 1
59 51 1
59 55 1
59 56 1
59 58 1
59 60 1
59 61 1
59 62 1
59 63 1
59 65 1
59 66 1
59 67 1
59 69 1
59 70 1
59 71 1
59 72 1
59 88 1
59 89 1
59 138 1
59 151 1
59 153 1
59 177 1
59 188 1
59 193 1
60 31 1
60 32 1
60 33 1
60 35 1
60 37 1
60 38 1
60 41 1
60 42 1
60 44 1
60 45 1
60 46 1
60 50 1
60 51 1
60 55 1
60 59 1
60 61 1
60 62 1
60 63 1
60 65 1
60 66 1
60 67 1
60 69 1
60 72 1
60 83 1
60 88 1
60 92 1
60 101 1
60 138 1
60 151 1
60 153 1
60 173 1
60 174 1
60 188 1
61 26 1
61 27 1
61 28 1
61 31 1
61 32 1
61 33 1
61 35 1
61 37 1
61 38 1
61 41 1
61 42 1
61 44 1
61 45 1
61 46 1
61 49 1
61 50 1
61 51 1
61 52 1
61 55 1
61 56 1
61 57 1
61 58 1
61 59 1
61 60 1
61 62 1
61 63 1
61 64 1
61 65 1
61 66 1
61 67 1
61 68 1
61 69 1
61 71 1
61 72 1
61 73 1
61 88 1
61 89 1
61 93 1
61 101 1
61 104 1
61 108 1
61 109 1
61 110 1
61 116 1
61 123 1
61 138 1
61 151 1
61 153 1
61 177 1
61 186 1
61 188 1
61 193 1
62 32 1
62 33 1
62 35 1
62 38 1
62 41 1
62 42 1
62 44 1
62 51 1
62 59 1
62 60 1
62 61 1
62 63 1
62 65 1
62 66 1
62 69 1
62 151 1
62 177 1
62 193 1
63 31 1
63 35 1
63 37 1
63 38 1
63 41 1
63 46 1
63 50 1
63 51 1
63 59 1
63 60 1
63 61 1
63 62 1
63 65 1
63 67 1
63 153 1
63 188 1
64 31 1
64 32 1
64 33 1
64 35 1
64 42 1
64 49 1
64 51 1
64 52 1
64 56 1
64 57 1
64 58 1
64 61 1
64 65 1
64 66 1
64 68 1
64 69 1
64 124 1
65 31 1
65 32 1
65 33 1
65 35 1
65 36 1
65 37 1
65 38 1
65 39 1
65 40 1
65 41 1
65 42 1
65 43 1
65 44 1
65 45 1
65 46 1
65 47 1
65 49 1
65 50 1
65 51 1
65 52 1
65 55 1
65 56 1
65 57 1
65 58 1
65 59 1
65 60 1
65 61 1
65 62 1
65 63 1
65 64 1
65 66 1
65 67 1
65 68 1
65 69 1
65 70 1
65 72 1
65 116 1
65 138 1
65 151 1
65 153 1
66 2 1
66 3 1
66 5 1
66 7 1
66 9 1
66 10 1
66 11 1
66 12 1
66 13 1
66 14 1
66 15 1
66 18 1
66 19 1
66 20 1
66 23 1
66 24 1
66 28 1
66 32 1
66 33 1
66 35 1
66 38 1
66 41 1
66 42 1
66 48 1
66 51 1
66 52 1
66 54 1
66 55 1
66 56 1
66 57 1
66 58 1
66 59 1
66 60 1
66 61 1
66 62 1
66 64 1
66 65 1
66 67 1
66 68 1
66 69 1
66 71 1
66 72 1
66 73 1
66 74 1
66 75 1
66 79 1
66 83 1
66 87 1
66 88 1
66 89 1
66 92 1
66 94 1
66 95 1
66 99 1
66 100 1
66 101 1
66 102 1
66 103 1
66 104 1
66 105 1
66 106 1
66 107 1
66 108 1
66 109 1
66 110 1
66 111 1
66 112 1
66 113 1
66 114 1
66 115 1
66 116 1
66 117 1
66 119 1
66 120 1
66 121 1
66 122 1
66 123 1
66 124 1
66 133 1
66 135 1
66 138 1
66 146 1
66 148 1
66 151 1
66 152 1
66 153 1
66 154 1
66 155 1
66 156 1
66 166 1
66 167 1
66 177 1
66 178 1
66 179 1
66 180 1
66 181 1
66 184 1
66 185 1
66 193 1
66 194 1
67 31 1
67 32 1
67 33 1
67 35 1
67 36 1
67 37 1
67 38 1
67 39 1
67 40 1
67 42 1
67 43 1
67 44 1
67 45 1
67 46 1
67 47 1
67 50 1
67 51 1
67 55 1
67 59 1
67 60 1
67 61 1
67 63 1
67 65 1
67 66 1
67 69 1
67 70 1
67 72 1
67 138 1
67 151 1
67 153 1
67 188 1
68 31 1
68 33 1
68 35 1
68 42 1
68 49 1
68 51 1
68 52 1
68 56 1
68 57 1
68 58 1
68 61 1
68 64 1
68 65 1
68 66 1
68 69 1
68 124 1
68 188 1
69 27 1
69 28 1
69 31 1
69 32 1
69 33 1
69 35 1
69 36 1
69 37 1
69 38 1
69 39 1
69 41 1
69 42 1
69 43 1
69 44 1
69 45 1
69 46 1
69 47 1
69 49 1
69 50 1
69 51 1
69 52 1
69 53 1
69 55 1
69 56 1
69 57 1
69 58 1
69 59 1
69 60 1
69 61 1
69 62 1
69 64 1
69 65 1
69 66 1
69 67 1
69 68 1
69 70 1
69 71 1
69 72 1
69 73 1
69 83 1
69 87 1
69 92 1
69 113 1
69 118 1
69 119 1
69 123 1
69 124 1
69 138 1
69 140 1
69 151 1
69 153 1
69 176 1
69 189 1
69 195 1
70 32 1
70 35 1
70 36 1
70 37 1
70 39 1
70 41 1
70 43 1
70 47 1
70 50 1
70 55 1
70 59 1
70 65 1
70 67 1
70 69 1
70 72 1
70 113 1
70 173 1
70 174 1
70 175 1
70 190 1
71 31 1
71 32 1
71 33 1
71 35 1
71 45 1
71 56 1
71 58 1
71 59 1
71 61 1
71 66 1
71 69 1
71 141 1
72 32 1
72 33 1
72 35 1
72 36 1
72 37 1
72 38 1
72 39 1
72 42 1
72 43 1
72 45 1
72 47 1
72 50 1
72 51 1
72 55 1
72 59 1
72 60 1
72 61 1
72 65 1
72 66 1
72 67 1
72 69 1
72 70 1
72 138 1
72 151 1
72 153 1
73 7 1
73 10 1
73 12 1
73 13 1
73 14 1
73 15 1
73 18 1
73 19 1
73 20 1
73 23 1
73 26 1
73 27 1
73 28 1
73 35 1
73 48 1
73 53 1
73 54 1
73 61 1
73 66 1
73 69 1
73 74 1
73 75 1
73 79 1
73 82 1
73 83 1
73 84 1
73 85 1
73 86 1
73 87 1
73 88 1
73 89 1
73 92 1
73 93 1
73 96 1
73 103 1
73 104 1
73 108 1
73 109 1
73 110 1
73 111 1
73 113 1
73 116 1
73 118 1
73 121 1
73 124 1
73 137 1
73 138 1
73 139 1
73 146 1
73 152 1
73 154 1
73 155 1
73 156 1
73 180 1
73 186 1
73 194 1
74 7 1
74 10 1
74 19 1
74 20 1
74 27 1
74 28 1
74 35 1
74 48 1
74 53 1
74 54 1
74 66 1
74 73 1
74 75 1
74 79 1
74 80 1
74 81 1
74 82 1
74 83 1
74 84 1
74 85 1
74 86 1
74 87 1
74 90 1
74 92 1
74 96 1
74 97 1
74 98 1
74 99 1
74 103 1
74 108 1
74 109 1
74 110 1
74 111 1
74 113 1
74 118 1
74 119 1
74 122 1
74 123 1
74 137 1
74 138 1
74 139 1
74 150 1
74 151 1
74 152 1
74 183 1
75 7 1
75 10 1
75 12 1
75 13 1
75 14 1
75 15 1
75 18 1
75 19 1
75 20 1
75 27 1
75 35 1
75 48 1
75 53 1
75 54 1
75 66 1
75 73 1
75 74 1
75 79 1
75 82 1
75 84 1
75 85 1
75 86 1
75 92 1
75 103 1
75 110 1
75 111 1
75 113 1
75 118 1
75 124 1
75 137 1
75 138 1
75 139 1
75 146 1
75 154 1
75 155 1
75 156 1
76 77 1
76 78 1
77 30 1
77 76 1
77 78 1
78 30 1
78 76 1
78 77 1
78 175 1
79 7 1
79 8 1
79 10 1
79 11 1
79 16 1
79 18 1
79 20 1
79 23 1
79 24 1
79 26 1
79 28 1
79 48 1
79 53 1
79 54 1
79 66 1
79 73 1
79 74 1
79 75 1
79 80 1
79 81 1
79 82 1
79 83 1
79 84 1
79 85 1
79 86 1
79 87 1
79 88 1
79 89 1
79 90 1
79 91 1
79 92 1
79 93 1
79 94 1
79 95 1
79 96 1
79 97 1
79 98 1
79 99 1
79 100 1
79 101 1
79 102 1
79 103 1
79 104 1
79 105 1
79 106 1
79 107 1
79 108 1
79 109 1
79 110 1
79 111 1
79 112 1
79 113 1
79 114 1
79 115 1
79 116 1
79 117 1
79 118 1
80 7 1
80 8 1
80 16 1
80 26 1
80 53 1
80 54 1
80 74 1
80 79 1
80 81 1
80 83 1
80 86 1
80 88 1
80 89 1
80 90 1
80 93 1
80 97 1
80 98 1
80 99 1
80 102 1
80 104 1
80 105 1
80 107 1
80 108 1
80 109 1
80 110 1
80 116 1
80 118 1
81 47 1
81 53 1
81 54 1
81 74 1
81 79 1
81 80 1
81 83 1
81 90 1
81 97 1
81 98 1
81 99 1
81 108 1
81 109 1
81 110 1
81 125 1
81 126 1
81 127 1
81 128 1
81 129 1
81 132 1
81 134 1
81 135 1
81 136 1
82 7 1
82 10 1
82 27 1
82 28 1
82 53 1
82 73 1
82 74 1
82 75 1
82 79 1
82 83 1
82 84 1
82 85 1
82 87 1
82 89 1
82 91 1
82 92 1
82 93 1
82 103 1
82 108 1
82 109 1
82 110 1
82 111 1
82 113 1
82 116 1
82 118 1
82 124 1
83 7 1
83 27 1
83 28 1
83 48 1
83 53 1
83 54 1
83 58 1
83 60 1
83 66 1
83 69 1
83 73 1
83 74 1
83 79 1
83 80 1
83 81 1
83 82 1
83 87 1
83 88 1
83 89 1
83 90 1
83 92 1
83 97 1
83 98 1
83 99 1
83 101 1
83 102 1
83 104 1
83 108 1
83 109 1
83 110 1
83 113 1
83 114 1
83 116 1
83 118 1
83 121 1
83 122 1
83 123 1
83 124 1
83 135 1
83 137 1
83 183 1
83 185 1
84 7 1
84 10 1
84 27 1
84 28 1
84 48 1
84 53 1
84 54 1
84 73 1
84 74 1
84 75 1
84 79 1
84 82 1
84 85 1
84 86 1
84 87 1
84 92 1
84 103 1
84 108 1
84 110 1
84 111 1
84 113 1
84 118 1
84 137 1
84 138 1
84 139 1
85 7 1
85 10 1
85 19 1
85 20 1
85 27 1
85 28 1
85 48 1
85 53 1
85 54 1
85 73 1
85 74 1
85 75 1
85 79 1
85 82 1
85 84 1
85 86 1
85 87 1
85 92 1
85 96 1
85 99 1
85 103 1
85 108 1
85 110 1
85 111 1
85 113 1
85 118 1
85 137 1
85 138 1
85 139 1
85 150 1
85 151 1
85 152 1
86 7 1
86 26 1
86 27 1
86 48 1
86 53 1
86 54 1
86 73 1
86 74 1
86 75 1
86 79 1
86 80 1
86 84 1
86 85 1
86 88 1
86 89 1
86 96 1
86 97 1
86 99 1
86 102 1
86 103 1
86 104 1
86 105 1
86 107 1
86 108 1
86 112 1
86 116 1
86 118 1
86 127 1
86 137 1
86 138 1
86 139 1
86 158 1
86 159 1
87 10 1
87 16 1
87 22 1
87 27 1
87 28 1
87 53 1
87 66 1
87 69 1
87 73 1
87 74 1
87 79 1
87 82 1
87 83 1
87 84 1
87 85 1
87 89 1
87 92 1
87 93 1
87 102 1
87 108 1
87 110 1
87 111 1
87 113 1
87 116 1
87 118 1
87 124 1
87 132 1
87 169 1
87 180 1
88 7 1
88 11 1
88 13 1
88 18 1
88 20 1
88 23 1
88 24 1
88 26 1
88 27 1
88 28 1
88 55 1
88 59 1
88 60 1
88 61 1
88 66 1
88 73 1
88 79 1
88 80 1
88 83 1
88 86 1
88 89 1
88 93 1
88 94 1
88 95 1
88 96 1
88 97 1
88 99 1
88 100 1
88 101 1
88 102 1
88 104 1
88 105 1
88 106 1
88 107 1
88 108 1
88 109 1
88 110 1
88 112 1
88 115 1
88 116 1
88 117 1
88 118 1
88 120 1
88 121 1
88 122 1
88 123 1
88 124 1
88 151 1
88 152 1
88 182 1
88 185 1
88 186 1
88 194 1
89 7 1
89 11 1
89 13 1
89 18 1
89 20 1
89 23 1
89 24 1
89 26 1
89 27 1
89 28 1
89 32 1
89 48 1
89 54 1
89 55 1
89 59 1
89 61 1
89 66 1
89 73 1
89 79 1
89 80 1
89 82 1
89 83 1
89 86 1
89 87 1
89 88 1
89 92 1
89 93 1
89 94 1
89 95 1
89 96 1
89 97 1
89 99 1
89 100 1
89 101 1
89 102 1
89 104 1
89 105 1
89 106 1
89 107 1
89 108 1
89 109 1
89 110 1
89 111 1
89 112 1
89 113 1
89 114 1
89 115 1
89 116 1
89 117 1
89 118 1
89 120 1
89 121 1
89 122 1
89 123 1
89 124 1
89 151 1
89 152 1
89 181 1
89 185 1
89 186 1
89 194 1
89 196 1
90 8 1
90 16 1
90 23 1
90 28 1
90 31 1
90 53 1
90 54 1
90 74 1
90 79 1
90 80 1
90 81 1
90 83 1
90 91 1
90 92 1
90 96 1
90 97 1
90 98 1
90 99 1
90 100 1
90 108 1
90 109 1
90 110 1
90 118 1
90 121 1
90 122 1
90 125 1
90 130 1
90 131 1
90 133 1
90 137 1
91 7 1
91 8 1
91 16 1
91 28 1
91 79 1
91 82 1
91 90 1
91 109 1
91 110 1
92 7 1
92 10 1
92 12 1
92 13 1
92 14 1
92 15 1
92 16 1
92 18 1
92 19 1
92 20 1
92 22 1
92 23 1
92 27 1
92 28 1
92 53 1
92 54 1
92 60 1
92 66 1
92 69 1
92 73 1
92 74 1
92 75 1
92 79 1
92 82 1
92 83 1
92 84 1
92 85 1
92 87 1
92 89 1
92 90 1
92 93 1
92 96 1
92 99 1
92 102 1
92 105 1
92 108 1
92 110 1
92 111 1
92 113 1
92 114 1
92 116 1
92 118 1
92 119 1
92 121 1
92 122 1
92 123 1
92 124 1
92 132 1
92 133 1
92 137 1
92 146 1
92 154 1
92 155 1
92 156 1
92 169 1
92 180 1
92 182 1
92 183 1
92 196 1
93 8 1
93 16 1
93 26 1
93 27 1
93 28 1
93 61 1
93 73 1
93 79 1
93 80 1
93 82 1
93 87 1
93 88 1
93 89 1
93 92 1
93 97 1
93 99 1
93 104 1
93 108 1
93 109 1
93 110 1
93 116 1
93 118 1
93 181 1
93 186 1
94 7 1
94 11 1
94 18 1
94 20 1
94 23 1
94 24 1
94 27 1
94 66 1
94 79 1
94 88 1
94 89 1
94 95 1
94 96 1
94 99 1
94 100 1
94 101 1
94 102 1
94 104 1
94 106 1
94 112 1
94 115 1
94 116 1
94 117 1
94 121 1
94 122 1
94 152 1
94 194 1
95 7 1
95 11 1
95 18 1
95 20 1
95 23 1
95 24 1
95 27 1
95 66 1
95 79 1
95 88 1
95 89 1
95 94 1
95 96 1
95 99 1
95 100 1
95 101 1
95 104 1
95 106 1
95 112 1
95 115 1
95 116 1
95 117 1
95 121 1
95 122 1
95 152 1
95 194 1
96 7 1
96 11 1
96 18 1
96 20 1
96 23 1
96 24 1
96 27 1
96 31 1
96 53 1
96 54 1
96 73 1
96 74 1
96 79 1
96 85 1
96 86 1
96 88 1
96 89 1
96 90 1
96 92 1
96 94 1
96 95 1
96 100 1
96 101 1
96 106 1
96 111 1
96 115 1
96 116 1
96 117 1
96 118 1
96 121 1
96 122 1
96 125 1
96 126 1
96 127 1
96 130 1
96 131 1
96 133 1
96 139 1
96 150 1
96 158 1
96 159 1
97 7 1
97 8 1
97 16 1
97 26 1
97 28 1
97 53 1
97 54 1
97 74 1
97 79 1
97 80 1
97 81 1
97 83 1
97 86 1
97 88 1
97 89 1
97 90 1
97 93 1
97 98 1
97 99 1
97 102 1
97 104 1
97 105 1
97 107 1
97 108 1
97 109 1
97 110 1
97 116 1
97 118 1
98 53 1
98 54 1
98 74 1
98 79 1
98 80 1
98 81 1
98 83 1
98 90 1
98 97 1
98 99 1
98 108 1
98 109 1
98 110 1
99 7 1
99 8 1
99 16 1
99 19 1
99 20 1
99 26 1
99 53 1
99 54 1
99 66 1
99 74 1
99 79 1
99 80 1
99 81 1
99 83 1
99 85 1
99 86 1
99 88 1
99 89 1
99 90 1
99 92 1
99 93 1
99 94 1
99 95 1
99 97 1
99 98 1
99 101 1
99 102 1
99 104 1
99 105 1
99 106 1
99 107 1
99 108 1
99 109 1
99 110 1
99 115 1
99 116 1
99 117 1
99 118 1
99 123 1
99 137 1
99 138 1
99 150 1
99 151 1
99 152 1
100 4 1
100 7 1
100 11 1
100 12 1
100 13 1
100 14 1
100 15 1
100 18 1
100 19 1
100 20 1
100 21 1
100 23 1
100 24 1
100 31 1
100 66 1
100 79 1
100 88 1
100 89 1
100 90 1
100 94 1
100 95 1
100 96 1
100 101 1
100 106 1
100 115 1
100 116 1
100 117 1
100 120 1
100 121 1
100 122 1
100 125 1
100 127 1
100 130 1
100 131 1
100 132 1
100 133 1
100 136 1
100 146 1
100 147 1
100 149 1
100 155 1
100 158 1
100 159 1
100 160 1
100 161 1
100 162 1
100 163 1
100 164 1
100 165 1
100 166 1
100 167 1
100 178 1
100 179 1
100 182 1
100 185 1
101 7 1
101 11 1
101 18 1
101 20 1
101 23 1
101 24 1
101 27 1
101 60 1
101 61 1
101 66 1
101 79 1
101 83 1
101 88 1
101 89 1
101 94 1
101 95 1
101 96 1
101 99 1
101 100 1
101 104 1
101 106 1
101 107 1
101 112 1
101 115 1
101 116 1
101 117 1
101 121 1
101 122 1
101 123 1
101 152 1
101 194 1
102 7 1
102 11 1
102 24 1
102 26 1
102 28 1
102 66 1
102 79 1
102 80 1
102 83 1
102 86 1
102 87 1
102 88 1
102 89 1
102 92 1
102 94 1
102 97 1
102 99 1
102 104 1
102 105 1
102 107 1
102 108 1
102 110 1
102 113 1
102 114 1
102 116 1
102 118 1
102 119 1
102 123 1
102 124 1
103 7 1
103 27 1
103 48 1
103 53 1
103 54 1
103 66 1
103 73 1
103 74 1
103 75 1
103 79 1
103 82 1
103 84 1
103 85 1
103 86 1
103 111 1
103 118 1
103 121 1
103 137 1
103 138 1
103 139 1
103 152 1
103 180 1
103 194 1
104 7 1
104 26 1
104 27 1
104 28 1
104 48 1
104 54 1
104 61 1
104 66 1
104 73 1
104 79 1
104 80 1
104 83 1
104 86 1
104 88 1
104 89 1
104 93 1
104 94 1
104 95 1
104 97 1
104 99 1
104 101 1
104 102 1
104 105 1
104 106 1
104 107 1
104 108 1
104 109 1
104 110 1
104 112 1
104 114 1
104 115 1
104 116 1
104 117 1
104 118 1
104 186 1
105 7 1
105 11 1
105 20 1
105 24 1
105 26 1
105 66 1
105 79 1
105 80 1
105 86 1
105 88 1
105 89 1
105 92 1
105 97 1
105 99 1
105 102 1
105 104 1
105 107 1
105 108 1
105 116 1
105 118 1
105 119 1
105 123 1
105 124 1
106 7 1
106 11 1
106 18 1
106 20 1
106 23 1
106 24 1
106 27 1
106 66 1
106 79 1
106 88 1
106 89 1
106 94 1
106 95 1
106 96 1
106 99 1
106 100 1
106 101 1
106 104 1
106 107 1
106 112 1
106 115 1
106 116 1
106 117 1
106 121 1
106 122 1
106 152 1
106 194 1
107 7 1
107 26 1
107 28 1
107 66 1
107 79 1
107 80 1
107 86 1
107 88 1
107 89 1
107 97 1
107 99 1
107 101 1
107 102 1
107 104 1
107 105 1
107 106 1
107 108 1
107 112 1
107 114 1
107 115 1
107 116 1
107 117 1
107 118 1
108 7 1
108 9 1
108 10 1
108 11 1
108 19 1
108 20 1
108 23 1
108 24 1
108 26 1
108 27 1
108 28 1
108 53 1
108 54 1
108 61 1
108 66 1
108 73 1
108 74 1
108 79 1
108 80 1
108 81 1
108 82 1
108 83 1
108 84 1
108 85 1
108 86 1
108 87 1
108 88 1
108 89 1
108 90 1
108 92 1
108 93 1
108 97 1
108 98 1
108 99 1
108 102 1
108 104 1
108 105 1
108 107 1
108 109 1
108 110 1
108 111 1
108 113 1
108 116 1
108 118 1
108 119 1
108 122 1
108 123 1
108 124 1
108 133 1
108 138 1
108 150 1
108 151 1
108 152 1
108 155 1
108 178 1
108 180 1
108 181 1
108 184 1
108 186 1
109 7 1
109 8 1
109 16 1
109 26 1
109 27 1
109 28 1
109 53 1
109 54 1
109 61 1
109 66 1
109 73 1
109 74 1
109 79 1
109 80 1
109 81 1
109 82 1
109 83 1
109 88 1
109 89 1
109 90 1
109 91 1
109 93 1
109 97 1
109 98 1
109 99 1
109 104 1
109 108 1
109 110 1
109 116 1
109 123 1
109 186 1
110 7 1
110 8 1
110 10 1
110 12 1
110 13 1
110 14 1
110 15 1
110 16 1
110 18 1
110 19 1
110 20 1
110 26 1
110 27 1
110 28 1
110 53 1
110 54 1
110 61 1
110 66 1
110 73 1
110 74 1
110 75 1
110 79 1
110 80 1
110 81 1
110 82 1
110 83 1
110 84 1
110 85 1
110 87 1
110 88 1
110 89 1
110 90 1
110 91 1
110 92 1
110 93 1
110 97 1
110 98 1
110 99 1
110 102 1
110 104 1
110 108 1
110 109 1
110 111 1
110 113 1
110 116 1
110 118 1
110 123 1
110 124 1
110 146 1
110 154 1
110 155 1
110 156 1
110 186 1
111 4 1
111 10 1
111 12 1
111 13 1
111 14 1
111 15 1
111 18 1
111 19 1
111 20 1
111 21 1
111 23 1
111 27 1
111 28 1
111 53 1
111 66 1
111 73 1
111 74 1
111 75 1
111 79 1
111 82 1
111 84 1
111 85 1
111 87 1
111 89 1
111 92 1
111 96 1
111 103 1
111 108 1
111 110 1
111 113 1
111 116 1
111 118 1
111 120 1
111 121 1
111 124 1
111 137 1
111 139 1
111 146 1
111 152 1
111 154 1
111 155 1
111 156 1
111 165 1
111 166 1
111 167 1
111 180 1
111 182 1
111 194 1
112 27 1
112 66 1
112 79 1
112 86 1
112 88 1
112 89 1
112 94 1
112 95 1
112 101 1
112 104 1
112 106 1
112 107 1
112 115 1
112 116 1
112 117 1
112 121 1
112 122 1
112 152 1
112 182 1
112 194 1
113 10 1
113 12 1
113 13 1
113 14 1
113 15 1
113 16 1
113 18 1
113 19 1
113 20 1
113 27 1
113 28 1
113 37 1
113 41 1
113 53 1
113 66 1
113 69 1
113 70 1
113 73 1
113 74 1
113 75 1
113 79 1
113 82 1
113 83 1
113 84 1
113 85 1
113 87 1
113 89 1
113 92 1
113 102 1
113 108 1
113 110 1
113 111 1
113 116 1
113 118 1
113 124 1
113 146 1
113 154 1
113 155 1
113 156 1
114 26 1
114 28 1
114 48 1
114 54 1
114 66 1
114 79 1
114 83 1
114 89 1
114 92 1
114 102 1
114 104 1
114 107 1
114 116 1
114 123 1
114 197 1
115 7 1
115 11 1
115 18 1
115 20 1
115 23 1
115 24 1
115 27 1
115 66 1
115 79 1
115 88 1
115 89 1
115 94 1
115 95 1
115 96 1
115 99 1
115 100 1
115 101 1
115 104 1
115 106 1
115 107 1
115 112 1
115 116 1
115 117 1
115 121 1
115 122 1
115 152 1
115 194 1
116 7 1
116 11 1
116 18 1
116 20 1
116 23 1
116 24 1
116 26 1
116 27 1
116 28 1
116 46 1
116 48 1
116 54 1
116 61 1
116 65 1
116 66 1
116 73 1
116 79 1
116 80 1
116 82 1
116 83 1
116 86 1
116 87 1
116 88 1
116 89 1
116 92 1
116 93 1
116 94 1
116 95 1
116 96 1
116 97 1
116 99 1
116 100 1
116 101 1
116 102 1
116 104 1
116 105 1
116 106 1
116 107 1
116 108 1
116 109 1
116 110 1
116 111 1
116 112 1
116 113 1
116 114 1
116 115 1
116 117 1
116 118 1
116 121 1
116 122 1
116 124 1
116 152 1
116 186 1
116 194 1
116 196 1
117 7 1
117 11 1
117 18 1
117 20 1
117 23 1
117 24 1
117 27 1
117 66 1
117 79 1
117 88 1
117 89 1
117 94 1
117 95 1
117 96 1
117 99 1
117 100 1
117 101 1
117 104 1
117 106 1
117 107 1
117 112 1
117 115 1
117 116 1
117 121 1
117 122 1
117 123 1
117 152 1
117 194 1
118 7 1
118 10 1
118 22 1
118 23 1
118 26 1
118 27 1
118 28 1
118 48 1
118 53 1
118 54 1
118 69 1
118 73 1
118 74 1
118 75 1
118 79 1
118 80 1
118 82 1
118 83 1
118 84 1
118 85 1
118 86 1
118 87 1
118 88 1
118 89 1
118 90 1
118 92 1
118 93 1
118 96 1
118 97 1
118 99 1
118 102 1
118 103 1
118 104 1
118 105 1
118 107 1
118 108 1
118 110 1
118 111 1
118 113 1
118 116 1
118 132 1
118 137 1
118 138 1
118 139 1
118 169 1
118 180 1
119 2 1
119 7 1
119 11 1
119 20 1
119 24 1
119 54 1
119 66 1
119 69 1
119 74 1
119 92 1
119 102 1
119 105 1
119 108 1
119 121 1
119 122 1
119 123 1
119 124 1
120 2 1
120 4 1
120 7 1
120 11 1
120 12 1
120 13 1
120 14 1
120 15 1
120 18 1
120 19 1
120 20 1
120 21 1
120 23 1
120 24 1
120 55 1
120 66 1
120 88 1
120 89 1
120 100 1
120 111 1
120 124 1
120 127 1
120 132 1
120 134 1
120 136 1
120 146 1
120 147 1
120 149 1
120 150 1
120 151 1
120 156 1
120 158 1
120 159 1
120 160 1
120 161 1
120 162 1
120 163 1
120 164 1
120 165 1
120 166 1
120 167 1
120 182 1
120 185 1
121 2 1
121 7 1
121 13 1
121 20 1
121 23 1
121 31 1
121 58 1
121 66 1
121 73 1
121 83 1
121 88 1
121 89 1
121 90 1
121 92 1
121 94 1
121 95 1
121 96 1
121 100 1
121 101 1
121 103 1
121 106 1
121 111 1
121 112 1
121 115 1
121 116 1
121 117 1
121 119 1
121 122 1
121 123 1
121 124 1
121 125 1
121 130 1
121 131 1
121 133 1
121 152 1
121 155 1
121 178 1
121 179 1
121 180 1
121 185 1
121 194 1
122 2 1
122 7 1
122 13 1
122 20 1
122 23 1
122 31 1
122 54 1
122 66 1
122 74 1
122 83 1
122 88 1
122 89 1
122 90 1
122 92 1
122 94 1
122 95 1
122 96 1
122 100 1
122 101 1
122 106 1
122 108 1
122 112 1
122 115 1
122 116 1
122 117 1
122 119 1
122 121 1
122 123 1
122 124 1
122 125 1
122 130 1
122 131 1
122 133 1
122 152 1
122 155 1
122 178 1
122 179 1
122 185 1
122 194 1
123 2 1
123 7 1
123 11 1
123 20 1
123 23 1
123 24 1
123 28 1
123 54 1
123 58 1
123 61 1
123 66 1
123 69 1
123 74 1
123 83 1
123 88 1
123 89 1
123 92 1
123 99 1
123 101 1
123 102 1
123 105 1
123 108 1
123 109 1
123 110 1
123 114 1
123 117 1
123 119 1
123 121 1
123 122 1
123 124 1
123 185 1
124 2 1
124 3 1
124 7 1
124 9 1
124 10 1
124 11 1
124 12 1
124 13 1
124 14 1
124 15 1
124 18 1
124 19 1
124 20 1
124 24 1
124 27 1
124 42 1
124 52 1
124 55 1
124 56 1
124 57 1
124 58 1
124 64 1
124 66 1
124 68 1
124 69 1
124 73 1
124 75 1
124 82 1
124 83 1
124 87 1
124 88 1
124 89 1
124 92 1
124 102 1
124 105 1
124 108 1
124 110 1
124 111 1
124 113 1
124 116 1
124 119 1
124 120 1
124 121 1
124 122 1
124 123 1
124 146 1
124 151 1
124 154 1
124 155 1
124 156 1
124 178 1
124 185 1
125 23 1
125 31 1
125 47 1
125 81 1
125 90 1
125 96 1
125 100 1
125 121 1
125 122 1
125 126 1
125 127 1
125 128 1
125 129 1
125 130 1
125 131 1
125 132 1
125 133 1
125 134 1
125 135 1
125 136 1
126 7 1
126 23 1
126 47 1
126 81 1
126 96 1
126 125 1
126 127 1
126 128 1
126 129 1
126 132 1
126 134 1
126 135 1
126 136 1
127 4 1
127 7 1
127 12 1
127 13 1
127 14 1
127 15 1
127 18 1
127 19 1
127 20 1
127 21 1
127 23 1
127 47 1
127 81 1
127 86 1
127 96 1
127 100 1
127 120 1
127 125 1
127 126 1
127 128 1
127 129 1
127 132 1
127 134 1
127 135 1
127 136 1
127 139 1
127 145 1
127 146 1
127 147 1
127 149 1
127 158 1
127 159 1
127 160 1
127 161 1
127 162 1
127 163 1
127 164 1
127 165 1
127 166 1
127 167 1
127 182 1
128 47 1
128 81 1
128 125 1
128 126 1
128 127 1
128 129 1
128 130 1
128 132 1
128 134 1
128 135 1
128 136 1
128 145 1
128 146 1
128 160 1
128 161 1
128 162 1
128 164 1
128 168 1
128 169 1
129 3 1
129 7 1
129 9 1
129 11 1
129 23 1
129 47 1
129 81 1
129 125 1
129 126 1
129 127 1
129 128 1
129 132 1
129 134 1
129 135 1
129 136 1
129 145 1
129 176 1
129 181 1
129 189 1
130 23 1
130 31 1
130 90 1
130 96 1
130 100 1
130 121 1
130 122 1
130 125 1
130 128 1
130 131 1
130 132 1
130 133 1
130 136 1
130 145 1
130 160 1
130 161 1
130 168 1
130 169 1
130 176 1
130 189 1
131 23 1
131 31 1
131 90 1
131 96 1
131 100 1
131 121 1
131 122 1
131 125 1
131 130 1
131 133 1
131 136 1
131 140 1
131 152 1
132 4 1
132 7 1
132 11 1
132 12 1
132 13 1
132 14 1
132 15 1
132 18 1
132 19 1
132 20 1
132 21 1
132 22 1
132 23 1
132 24 1
132 47 1
132 81 1
132 87 1
132 92 1
132 100 1
132 118 1
132 120 1
132 125 1
132 126 1
132 127 1
132 128 1
132 129 1
132 130 1
132 134 1
132 135 1
132 136 1
132 145 1
132 146 1
132 147 1
132 149 1
132 158 1
132 159 1
132 160 1
132 161 1
132 162 1
132 163 1
132 164 1
132 165 1
132 166 1
132 167 1
132 168 1
132 169 1
132 170 1
132 171 1
132 172 1
132 180 1
132 182 1
133 9 1
133 23 1
133 31 1
133 66 1
133 90 1
133 92 1
133 96 1
133 100 1
133 108 1
133 121 1
133 122 1
133 125 1
133 130 1
133 131 1
133 181 1
133 184 1
134 19 1
134 47 1
134 81 1
134 120 1
134 125 1
134 126 1
134 127 1
134 128 1
134 129 1
134 132 1
134 135 1
134 136 1
134 145 1
134 150 1
134 162 1
134 165 1
134 166 1
134 167 1
135 47 1
135 66 1
135 81 1
135 83 1
135 125 1
135 126 1
135 127 1
135 128 1
135 129 1
135 132 1
135 134 1
135 136 1
135 147 1
135 155 1
135 159 1
135 163 1
135 172 1
135 178 1
135 184 1
136 4 1
136 7 1
136 9 1
136 11 1
136 12 1
136 13 1
136 14 1
136 15 1
136 18 1
136 19 1
136 20 1
136 21 1
136 23 1
136 47 1
136 81 1
136 100 1
136 120 1
136 125 1
136 126 1
136 127 1
136 128 1
136 129 1
136 130 1
136 131 1
136 132 1
136 134 1
136 135 1
136 145 1
136 146 1
136 147 1
136 149 1
136 150 1
136 152 1
136 158 1
136 159 1
136 160 1
136 161 1
136 162 1
136 163 1
136 164 1
136 165 1
136 166 1
136 167 1
136 168 1
136 169 1
136 182 1
137 7 1
137 27 1
137 48 1
137 53 1
137 54 1
137 55 1
137 73 1
137 74 1
137 75 1
137 83 1
137 84 1
137 85 1
137 86 1
137 90 1
137 92 1
137 99 1
137 103 1
137 111 1
137 118 1
137 138 1
137 139 1
138 7 1
138 19 1
138 20 1
138 27 1
138 32 1
138 33 1
138 38 1
138 42 1
138 48 1
138 51 1
138 53 1
138 54 1
138 55 1
138 59 1
138 60 1
138 61 1
138 65 1
138 66 1
138 67 1
138 69 1
138 72 1
138 73 1
138 74 1
138 75 1
138 84 1
138 85 1
138 86 1
138 99 1
138 103 1
138 108 1
138 118 1
138 137 1
138 139 1
138 150 1
138 151 1
138 152 1
138 153 1
139 7 1
139 27 1
139 48 1
139 53 1
139 54 1
139 73 1
139 74 1
139 75 1
139 84 1
139 85 1
139 86 1
139 96 1
139 103 1
139 111 1
139 118 1
139 127 1
139 137 1
139 138 1
139 158 1
139 159 1
140 31 1
140 36 1
140 69 1
140 131 1
140 141 1
140 187 1
141 31 1
141 36 1
141 71 1
141 140 1
141 187 1
142 3 1
142 10 1
142 17 1
142 143 1
142 144 1
142 145 1
142 146 1
142 147 1
143 3 1
143 9 1
143 10 1
143 17 1
143 142 1
143 144 1
143 145 1
143 146 1
143 147 1
144 3 1
144 10 1
144 17 1
144 142 1
144 143 1
144 145 1
144 146 1
144 147 1
145 3 1
145 7 1
145 9 1
145 11 1
145 17 1
145 23 1
145 127 1
145 128 1
145 129 1
145 130 1
145 132 1
145 134 1
145 136 1
145 142 1
145 143 1
145 144 1
145 146 1
145 147 1
145 160 1
145 161 1
145 162 1
145 164 1
145 168 1
145 169 1
146 3 1
146 4 1
146 7 1
146 10 1
146 12 1
146 13 1
146 14 1
146 15 1
146 17 1
146 18 1
146 19 1
146 20 1
146 21 1
146 23 1
146 66 1
146 73 1
146 75 1
146 92 1
146 100 1
146 110 1
146 111 1
146 113 1
146 120 1
146 124 1
146 127 1
146 128 1
146 132 1
146 136 1
146 142 1
146 143 1
146 144 1
146 145 1
146 147 1
146 149 1
146 154 1
146 155 1
146 156 1
146 158 1
146 159 1
146 160 1
146 161 1
146 162 1
146 163 1
146 164 1
146 165 1
146 166 1
146 167 1
146 182 1
147 3 1
147 4 1
147 7 1
147 12 1
147 13 1
147 14 1
147 15 1
147 17 1
147 18 1
147 19 1
147 20 1
147 21 1
147 23 1
147 100 1
147 120 1
147 127 1
147 132 1
147 135 1
147 136 1
147 142 1
147 143 1
147 144 1
147 145 1
147 146 1
147 149 1
147 158 1
147 159 1
147 160 1
147 161 1
147 162 1
147 163 1
147 164 1
147 165 1
147 166 1
147 167 1
147 172 1
147 182 1
147 184 1
148 66 1
148 149 1
149 4 1
149 7 1
149 12 1
149 13 1
149 14 1
149 15 1
149 18 1
149 19 1
149 20 1
149 21 1
149 23 1
149 100 1
149 120 1
149 127 1
149 132 1
149 136 1
149 146 1
149 147 1
149 148 1
149 158 1
149 159 1
149 160 1
149 161 1
149 162 1
149 163 1
149 164 1
149 165 1
149 166 1
149 167 1
149 182 1
150 5 1
150 6 1
150 7 1
150 10 1
150 19 1
150 20 1
150 23 1
150 53 1
150 74 1
150 85 1
150 96 1
150 99 1
150 108 1
150 120 1
150 134 1
150 136 1
150 138 1
150 151 1
150 152 1
150 158 1
150 159 1
150 162 1
150 165 1
150 166 1
150 167 1
150 170 1
150 171 1
151 7 1
151 13 1
151 19 1
151 20 1
151 32 1
151 33 1
151 38 1
151 42 1
151 51 1
151 53 1
151 55 1
151 59 1
151 60 1
151 61 1
151 62 1
151 65 1
151 66 1
151 67 1
151 69 1
151 72 1
151 74 1
151 85 1
151 88 1
151 89 1
151 99 1
151 108 1
151 120 1
151 124 1
151 138 1
151 150 1
151 152 1
151 153 1
151 177 1
151 183 1
151 185 1
151 193 1
152 5 1
152 6 1
152 7 1
152 10 1
152 19 1
152 20 1
152 53 1
152 66 1
152 73 1
152 74 1
152 85 1
152 88 1
152 89 1
152 94 1
152 95 1
152 99 1
152 101 1
152 103 1
152 106 1
152 108 1
152 111 1
152 112 1
152 115 1
152 116 1
152 117 1
152 121 1
152 122 1
152 131 1
152 136 1
152 138 1
152 150 1
152 151 1
152 156 1
152 158 1
152 159 1
152 170 1
152 171 1
152 180 1
152 194 1
153 32 1
153 33 1
153 37 1
153 38 1
153 42 1
153 45 1
153 46 1
153 50 1
153 51 1
153 55 1
153 59 1
153 60 1
153 61 1
153 63 1
153 65 1
153 66 1
153 67 1
153 69 1
153 72 1
153 138 1
153 151 1
153 188 1
154 10 1
154 12 1
154 13 1
154 14 1
154 15 1
154 18 1
154 19 1
154 20 1
154 66 1
154 73 1
154 75 1
154 92 1
154 110 1
154 111 1
154 113 1
154 124 1
154 146 1
154 155 1
154 156 1
155 3 1
155 9 1
155 10 1
155 12 1
155 13 1
155 14 1
155 15 1
155 18 1
155 19 1
155 20 1
155 66 1
155 73 1
155 75 1
155 92 1
155 100 1
155 108 1
155 110 1
155 111 1
155 113 1
155 121 1
155 122 1
155 124 1
155 135 1
155 146 1
155 154 1
155 156 1
155 178 1
155 179 1
155 185 1
156 3 1
156 5 1
156 9 1
156 10 1
156 12 1
156 13 1
156 14 1
156 15 1
156 18 1
156 19 1
156 20 1
156 66 1
156 73 1
156 75 1
156 92 1
156 110 1
156 111 1
156 113 1
156 120 1
156 124 1
156 146 1
156 152 1
156 154 1
156 155 1
156 167 1
157 196 1
158 4 1
158 5 1
158 6 1
158 7 1
158 10 1
158 12 1
158 13 1
158 14 1
158 15 1
158 18 1
158 19 1
158 20 1
158 21 1
158 23 1
158 86 1
158 96 1
158 100 1
158 120 1
158 127 1
158 132 1
158 136 1
158 139 1
158 146 1
158 147 1
158 149 1
158 150 1
158 152 1
158 159 1
158 160 1
158 161 1
158 162 1
158 163 1
158 164 1
158 165 1
158 166 1
158 167 1
158 172 1
158 182 1
158 184 1
159 4 1
159 5 1
159 6 1
159 7 1
159 10 1
159 12 1
159 13 1
159 14 1
159 15 1
159 18 1
159 19 1
159 20 1
159 21 1
159 23 1
159 86 1
159 96 1
159 100 1
159 120 1
159 127 1
159 132 1
159 135 1
159 136 1
159 139 1
159 146 1
159 147 1
159 149 1
159 150 1
159 152 1
159 158 1
159 160 1
159 161 1
159 162 1
159 163 1
159 164 1
159 165 1
159 166 1
159 167 1
159 172 1
159 182 1
159 184 1
160 4 1
160 7 1
160 12 1
160 13 1
160 14 1
160 15 1
160 18 1
160 19 1
160 20 1
160 21 1
160 23 1
160 100 1
160 120 1
160 127 1
160 128 1
160 130 1
160 132 1
160 136 1
160 145 1
160 146 1
160 147 1
160 149 1
160 158 1
160 159 1
160 161 1
160 162 1
160 163 1
160 164 1
160 165 1
160 166 1
160 167 1
160 168 1
160 169 1
160 182 1
161 4 1
161 7 1
161 12 1
161 13 1
161 14 1
161 15 1
161 18 1
161 19 1
161 20 1
161 21 1
161 23 1
161 100 1
161 120 1
161 127 1
161 128 1
161 130 1
161 132 1
161 136 1
161 145 1
161 146 1
161 147 1
161 149 1
161 158 1
161 159 1
161 160 1
161 162 1
161 163 1
161 164 1
161 165 1
161 166 1
161 167 1
161 168 1
161 169 1
161 182 1
162 4 1
162 7 1
162 12 1
162 13 1
162 14 1
162 15 1
162 18 1
162 19 1
162 20 1
162 21 1
162 23 1
162 24 1
162 100 1
162 120 1
162 127 1
162 128 1
162 132 1
162 134 1
162 136 1
162 145 1
162 146 1
162 147 1
162 149 1
162 150 1
162 158 1
162 159 1
162 160 1
162 161 1
162 163 1
162 164 1
162 165 1
162 166 1
162 167 1
162 170 1
162 171 1
162 172 1
162 182 1
163 4 1
163 7 1
163 12 1
163 13 1
163 14 1
163 15 1
163 18 1
163 19 1
163 20 1
163 21 1
163 23 1
163 100 1
163 120 1
163 127 1
163 132 1
163 135 1
163 136 1
163 146 1
163 147 1
163 149 1
163 158 1
163 159 1
163 160 1
163 161 1
163 162 1
163 164 1
163 165 1
163 166 1
163 167 1
163 172 1
163 182 1
163 184 1
164 4 1
164 7 1
164 12 1
164 13 1
164 14 1
164 15 1
164 18 1
164 19 1
164 20 1
164 21 1
164 23 1
164 100 1
164 120 1
164 127 1
164 128 1
164 132 1
164 136 1
164 145 1
164 146 1
164 147 1
164 149 1
164 158 1
164 159 1
164 160 1
164 161 1
164 162 1
164 163 1
164 165 1
164 166 1
164 167 1
164 182 1
165 4 1
165 7 1
165 12 1
165 13 1
165 14 1
165 15 1
165 18 1
165 19 1
165 20 1
165 21 1
165 23 1
165 100 1
165 111 1
165 120 1
165 127 1
165 132 1
165 134 1
165 136 1
165 146 1
165 147 1
165 149 1
165 150 1
165 158 1
165 159 1
165 160 1
165 161 1
165 162 1
165 163 1
165 164 1
165 166 1
165 167 1
165 182 1
166 4 1
166 7 1
166 12 1
166 13 1
166 14 1
166 15 1
166 18 1
166 19 1
166 20 1
166 21 1
166 23 1
166 66 1
166 100 1
166 111 1
166 120 1
166 127 1
166 132 1
166 134 1
166 136 1
166 146 1
166 147 1
166 149 1
166 150 1
166 158 1
166 159 1
166 160 1
166 161 1
166 162 1
166 163 1
166 164 1
166 165 1
166 167 1
166 182 1
167 4 1
167 7 1
167 12 1
167 13 1
167 14 1
167 15 1
167 18 1
167 19 1
167 20 1
167 21 1
167 23 1
167 66 1
167 100 1
167 111 1
167 120 1
167 127 1
167 132 1
167 134 1
167 136 1
167 146 1
167 147 1
167 149 1
167 150 1
167 156 1
167 158 1
167 159 1
167 160 1
167 161 1
167 162 1
167 163 1
167 164 1
167 165 1
167 166 1
167 182 1
168 128 1
168 130 1
168 132 1
168 136 1
168 145 1
168 160 1
168 161 1
168 169 1
168 198 1
169 22 1
169 87 1
169 92 1
169 118 1
169 128 1
169 130 1
169 132 1
169 136 1
169 145 1
169 160 1
169 161 1
169 168 1
169 180 1
170 4 1
170 7 1
170 13 1
170 15 1
170 20 1
170 21 1
170 23 1
170 24 1
170 132 1
170 150 1
170 152 1
170 162 1
170 171 1
170 172 1
171 4 1
171 7 1
171 13 1
171 15 1
171 20 1
171 21 1
171 23 1
171 24 1
171 132 1
171 150 1
171 152 1
171 162 1
171 170 1
171 172 1
172 4 1
172 7 1
172 13 1
172 15 1
172 20 1
172 21 1
172 23 1
172 24 1
172 132 1
172 135 1
172 147 1
172 158 1
172 159 1
172 162 1
172 163 1
172 170 1
172 171 1
172 184 1
173 31 1
173 60 1
173 70 1
173 174 1
173 175 1
174 32 1
174 43 1
174 60 1
174 70 1
174 173 1
174 175 1
175 70 1
175 78 1
175 173 1
175 174 1
175 190 1
176 31 1
176 52 1
176 69 1
176 129 1
176 130 1
176 189 1
177 38 1
177 59 1
177 61 1
177 62 1
177 66 1
177 151 1
177 193 1
178 13 1
178 14 1
178 66 1
178 100 1
178 108 1
178 121 1
178 122 1
178 124 1
178 135 1
178 155 1
178 179 1
178 185 1
179 13 1
179 66 1
179 100 1
179 121 1
179 122 1
179 155 1
179 178 1
179 185 1
180 22 1
180 66 1
180 73 1
180 87 1
180 92 1
180 103 1
180 108 1
180 111 1
180 118 1
180 121 1
180 132 1
180 152 1
180 169 1
180 194 1
181 3 1
181 7 1
181 9 1
181 23 1
181 48 1
181 66 1
181 89 1
181 93 1
181 108 1
181 129 1
181 133 1
182 4 1
182 7 1
182 12 1
182 13 1
182 14 1
182 15 1
182 18 1
182 19 1
182 20 1
182 21 1
182 23 1
182 88 1
182 92 1
182 100 1
182 111 1
182 112 1
182 120 1
182 127 1
182 132 1
182 136 1
182 146 1
182 147 1
182 149 1
182 158 1
182 159 1
182 160 1
182 161 1
182 162 1
182 163 1
182 164 1
182 165 1
182 166 1
182 167 1
183 7 1
183 53 1
183 74 1
183 83 1
183 92 1
183 151 1
184 9 1
184 66 1
184 108 1
184 133 1
184 135 1
184 147 1
184 158 1
184 159 1
184 163 1
184 172 1
185 13 1
185 55 1
185 58 1
185 66 1
185 83 1
185 88 1
185 89 1
185 100 1
185 120 1
185 121 1
185 122 1
185 123 1
185 124 1
185 151 1
185 155 1
185 178 1
185 179 1
186 26 1
186 27 1
186 28 1
186 61 1
186 73 1
186 88 1
186 89 1
186 93 1
186 104 1
186 108 1
186 109 1
186 110 1
186 116 1
187 30 1
187 31 1
187 36 1
187 140 1
187 141 1
188 31 1
188 32 1
188 37 1
188 46 1
188 50 1
188 51 1
188 56 1
188 59 1
188 60 1
188 61 1
188 63 1
188 67 1
188 68 1
188 153 1
189 31 1
189 52 1
189 69 1
189 129 1
189 130 1
189 176 1
190 32 1
190 70 1
190 175 1
191 32 1
191 41 1
192 35 1
193 38 1
193 59 1
193 61 1
193 62 1
193 66 1
193 151 1
193 177 1
194 66 1
194 73 1
194 88 1
194 89 1
194 94 1
194 95 1
194 101 1
194 103 1
194 106 1
194 111 1
194 112 1
194 115 1
194 116 1
194 117 1
194 121 1
194 122 1
194 152 1
194 180 1
195 69 1
196 89 1
196 92 1
196 116 1
196 157 1
197 114 1
198 168 1
