1 4 1
1 11 1
1 13 1
1 17 1
1 19 1
1 25 1
1 29 1
1 33 1
1 45 1
1 66 1
1 86 1
1 112 1
1 113 1
1 156 1
1 180 1
2 4 1
2 8 1
2 12 1
2 17 1
2 18 1
2 19 1
2 24 1
2 29 1
2 32 1
2 75 1
2 86 1
2 87 1
2 94 1
2 104 1
2 106 1
2 128 1
2 133 1
2 134 1
2 163 1
2 164 1
2 213 1
3 15 1
3 16 1
3 18 1
3 20 1
3 23 1
3 69 1
3 71 1
3 78 1
3 84 1
3 86 1
3 98 1
3 99 1
3 100 1
3 104 1
3 105 1
3 119 1
3 123 1
3 139 1
3 154 1
3 159 1
3 189 1
4 1 1
4 2 1
4 8 1
4 13 1
4 14 1
4 16 1
4 18 1
4 19 1
4 23 1
4 24 1
4 29 1
4 31 1
4 33 1
4 37 1
4 55 1
4 57 1
4 65 1
4 68 1
4 71 1
4 82 1
4 90 1
4 91 1
4 94 1
4 112 1
4 113 1
4 148 1
4 163 1
4 167 1
4 180 1
4 191 1
5 26 1
5 27 1
5 35 1
5 39 1
5 65 1
5 79 1
5 93 1
5 144 1
5 146 1
5 155 1
5 159 1
5 169 1
5 171 1
5 184 1
5 192 1
5 199 1
5 205 1
5 213 1
6 31 1
6 58 1
6 67 1
6 129 1
6 140 1
6 155 1
6 158 1
6 163 1
6 167 1
6 186 1
6 196 1
6 200 1
6 214 1
7 20 1
7 21 1
7 27 1
7 30 1
7 34 1
7 64 1
7 85 1
7 97 1
7 103 1
7 122 1
7 123 1
7 160 1
7 181 1
7 190 1
7 202 1
8 2 1
8 4 1
8 11 1
8 19 1
8 75 1
8 129 1
8 130 1
8 133 1
8 163 1
8 164 1
8 175 1
8 198 1
9 36 1
9 37 1
9 44 1
9 53 1
9 55 1
9 60 1
9 61 1
9 66 1
10 13 1
10 14 1
10 17 1
10 29 1
10 39 1
10 57 1
10 58 1
10 67 1
10 74 1
10 77 1
10 84 1
10 87 1
10 96 1
10 116 1
10 120 1
10 131 1
10 150 1
10 163 1
11 1 1
11 8 1
11 13 1
11 14 1
11 16 1
11 17 1
11 19 1
11 24 1
11 25 1
11 29 1
11 33 1
11 79 1
11 86 1
11 114 1
11 121 1
11 133 1
11 180 1
12 2 1
12 18 1
12 22 1
12 29 1
12 101 1
12 111 1
12 121 1
12 124 1
12 130 1
12 133 1
12 164 1
12 192 1
12 197 1
13 1 1
13 4 1
13 10 1
13 11 1
13 17 1
13 18 1
13 19 1
13 24 1
13 29 1
13 71 1
13 79 1
13 113 1
14 4 1
14 10 1
14 11 1
14 16 1
14 17 1
14 18 1
14 19 1
14 24 1
14 29 1
14 71 1
14 79 1
14 86 1
14 114 1
14 210 1
15 3 1
15 18 1
15 31 1
15 52 1
15 54 1
15 63 1
15 68 1
15 72 1
15 92 1
15 105 1
15 144 1
15 145 1
15 157 1
15 191 1
15 211 1
16 3 1
16 4 1
16 11 1
16 14 1
16 17 1
16 20 1
16 23 1
16 24 1
16 25 1
16 28 1
16 31 1
16 34 1
16 45 1
16 55 1
16 71 1
16 79 1
16 93 1
16 99 1
16 104 1
16 112 1
16 113 1
16 114 1
16 134 1
16 136 1
16 154 1
16 165 1
16 170 1
16 189 1
16 191 1
16 205 1
16 208 1
16 216 1
17 1 1
17 2 1
17 10 1
17 11 1
17 13 1
17 14 1
17 16 1
17 18 1
17 19 1
17 24 1
17 25 1
17 27 1
17 29 1
17 31 1
17 33 1
17 71 1
17 79 1
17 86 1
17 93 1
17 112 1
17 113 1
17 134 1
17 149 1
17 156 1
17 169 1
17 173 1
17 180 1
18 2 1
18 3 1
18 4 1
18 12 1
18 13 1
18 14 1
18 15 1
18 17 1
18 29 1
18 31 1
18 74 1
18 105 1
18 121 1
18 133 1
18 134 1
18 140 1
18 156 1
18 157 1
18 163 1
18 164 1
18 167 1
18 188 1
18 213 1
19 1 1
19 2 1
19 4 1
19 8 1
19 11 1
19 13 1
19 14 1
19 17 1
19 23 1
19 26 1
19 29 1
19 31 1
19 65 1
19 118 1
19 133 1
19 166 1
20 3 1
20 7 1
20 16 1
20 23 1
20 25 1
20 98 1
20 99 1
20 100 1
20 113 1
20 114 1
20 119 1
20 139 1
20 154 1
20 165 1
20 189 1
21 7 1
21 30 1
21 34 1
21 85 1
21 160 1
21 179 1
21 181 1
21 197 1
21 199 1
21 202 1
21 205 1
22 12 1
22 29 1
22 40 1
22 111 1
22 121 1
22 124 1
22 133 1
22 164 1
22 193 1
23 3 1
23 4 1
23 16 1
23 19 1
23 20 1
23 29 1
23 31 1
23 42 1
23 65 1
23 69 1
23 90 1
23 118 1
23 133 1
23 148 1
23 182 1
23 195 1
24 2 1
24 4 1
24 11 1
24 13 1
24 14 1
24 16 1
24 17 1
24 25 1
24 29 1
24 40 1
24 71 1
24 79 1
24 93 1
24 105 1
24 112 1
24 113 1
24 121 1
24 134 1
24 152 1
24 169 1
24 216 1
25 1 1
25 11 1
25 16 1
25 17 1
25 20 1
25 24 1
25 38 1
25 55 1
25 71 1
25 79 1
25 95 1
25 108 1
25 112 1
25 134 1
25 152 1
25 165 1
25 196 1
26 5 1
26 19 1
26 27 1
26 30 1
26 35 1
26 65 1
26 93 1
26 147 1
26 162 1
26 169 1
26 171 1
26 184 1
26 199 1
27 5 1
27 7 1
27 17 1
27 26 1
27 30 1
27 35 1
27 47 1
27 79 1
27 81 1
27 85 1
27 93 1
27 97 1
27 134 1
27 144 1
27 159 1
27 169 1
27 171 1
27 184 1
27 186 1
27 201 1
27 202 1
28 16 1
28 30 1
28 43 1
28 49 1
28 56 1
28 62 1
28 69 1
28 71 1
28 114 1
28 122 1
28 123 1
28 141 1
28 182 1
28 191 1
28 194 1
29 1 1
29 2 1
29 4 1
29 10 1
29 11 1
29 12 1
29 13 1
29 14 1
29 17 1
29 18 1
29 19 1
29 22 1
29 23 1
29 24 1
29 39 1
29 68 1
29 148 1
29 168 1
30 7 1
30 21 1
30 26 1
30 27 1
30 28 1
30 34 1
30 43 1
30 51 1
30 56 1
30 62 1
30 85 1
30 97 1
30 122 1
30 123 1
30 160 1
30 181 1
30 182 1
30 187 1
30 195 1
30 202 1
31 4 1
31 6 1
31 15 1
31 16 1
31 17 1
31 18 1
31 19 1
31 23 1
31 87 1
31 89 1
31 94 1
31 129 1
31 130 1
31 133 1
31 134 1
31 140 1
31 149 1
31 152 1
31 156 1
31 173 1
31 192 1
31 213 1
32 2 1
32 67 1
32 87 1
32 95 1
32 106 1
32 130 1
32 164 1
32 185 1
32 201 1
33 1 1
33 4 1
33 11 1
33 17 1
33 39 1
33 57 1
33 68 1
33 70 1
33 71 1
33 72 1
33 180 1
33 196 1
34 7 1
34 16 1
34 21 1
34 30 1
34 85 1
34 160 1
34 181 1
34 197 1
34 199 1
34 202 1
34 205 1
35 5 1
35 26 1
35 27 1
35 65 1
35 79 1
35 93 1
35 134 1
35 144 1
35 146 1
35 159 1
35 169 1
35 171 1
35 184 1
36 9 1
36 65 1
36 208 1
37 4 1
37 9 1
37 39 1
37 44 1
37 46 1
37 47 1
37 51 1
37 53 1
37 54 1
37 55 1
37 58 1
37 65 1
37 66 1
37 68 1
37 74 1
37 81 1
37 90 1
37 105 1
37 128 1
37 129 1
37 131 1
37 167 1
37 172 1
37 214 1
38 25 1
38 39 1
38 41 1
38 46 1
38 50 1
38 55 1
38 60 1
38 66 1
38 108 1
38 125 1
38 126 1
38 127 1
38 151 1
38 153 1
38 155 1
38 156 1
38 175 1
38 190 1
38 196 1
38 200 1
38 213 1
39 5 1
39 10 1
39 29 1
39 33 1
39 37 1
39 38 1
39 41 1
39 44 1
39 58 1
39 60 1
39 62 1
39 65 1
39 68 1
39 72 1
39 88 1
39 101 1
39 107 1
39 133 1
39 137 1
39 143 1
39 147 1
39 158 1
39 162 1
39 163 1
39 167 1
39 172 1
39 187 1
39 199 1
39 216 1
40 22 1
40 24 1
40 48 1
40 88 1
40 105 1
40 149 1
40 166 1
40 193 1
40 211 1
41 38 1
41 39 1
41 42 1
41 44 1
41 48 1
41 53 1
41 54 1
41 55 1
41 59 1
41 66 1
41 73 1
41 76 1
41 81 1
41 91 1
41 94 1
41 104 1
41 126 1
41 149 1
41 155 1
41 159 1
41 186 1
41 213 1
41 214 1
42 23 1
42 41 1
42 43 1
42 44 1
42 46 1
42 47 1
42 48 1
42 51 1
42 54 1
42 55 1
42 56 1
42 59 1
42 60 1
42 61 1
42 62 1
42 66 1
42 76 1
42 102 1
42 127 1
42 135 1
42 137 1
42 140 1
42 187 1
42 195 1
42 197 1
43 28 1
43 30 1
43 42 1
43 46 1
43 47 1
43 50 1
43 51 1
43 56 1
43 59 1
43 60 1
43 62 1
43 64 1
43 69 1
43 76 1
43 80 1
43 85 1
43 97 1
43 102 1
43 103 1
43 122 1
43 127 1
43 135 1
43 137 1
43 158 1
43 195 1
43 209 1
44 9 1
44 37 1
44 39 1
44 41 1
44 42 1
44 47 1
44 48 1
44 50 1
44 53 1
44 54 1
44 55 1
44 59 1
44 60 1
44 61 1
44 65 1
44 66 1
44 73 1
44 127 1
44 213 1
44 215 1
45 1 1
45 16 1
45 71 1
45 97 1
45 112 1
45 134 1
45 165 1
45 166 1
45 180 1
46 37 1
46 38 1
46 42 1
46 43 1
46 47 1
46 59 1
46 65 1
46 76 1
46 125 1
46 127 1
46 147 1
46 151 1
46 153 1
46 156 1
46 158 1
46 175 1
46 194 1
46 197 1
46 215 1
47 27 1
47 37 1
47 42 1
47 43 1
47 44 1
47 46 1
47 48 1
47 50 1
47 53 1
47 54 1
47 55 1
47 59 1
47 61 1
47 66 1
47 73 1
47 78 1
47 86 1
47 153 1
47 155 1
47 214 1
48 40 1
48 41 1
48 42 1
48 44 1
48 47 1
48 53 1
48 54 1
48 55 1
48 59 1
48 63 1
48 66 1
48 73 1
48 90 1
48 91 1
48 126 1
48 144 1
48 145 1
48 146 1
48 155 1
48 157 1
48 191 1
48 211 1
48 214 1
49 28 1
49 138 1
49 142 1
49 147 1
49 162 1
49 174 1
49 178 1
49 182 1
49 187 1
49 212 1
50 38 1
50 43 1
50 44 1
50 47 1
50 53 1
50 59 1
50 60 1
50 76 1
50 127 1
50 137 1
50 151 1
50 153 1
50 159 1
50 209 1
51 30 1
51 37 1
51 42 1
51 43 1
51 54 1
51 56 1
51 59 1
51 62 1
51 64 1
51 76 1
51 80 1
51 102 1
51 103 1
51 105 1
51 137 1
51 157 1
51 209 1
52 15 1
52 54 1
52 63 1
52 105 1
52 153 1
52 157 1
52 211 1
53 9 1
53 37 1
53 41 1
53 44 1
53 47 1
53 48 1
53 50 1
53 54 1
53 55 1
53 66 1
53 73 1
53 74 1
53 84 1
53 127 1
54 15 1
54 37 1
54 41 1
54 42 1
54 44 1
54 47 1
54 48 1
54 51 1
54 52 1
54 53 1
54 55 1
54 63 1
54 66 1
54 73 1
54 74 1
54 81 1
54 103 1
54 104 1
54 105 1
54 126 1
54 157 1
54 187 1
54 191 1
54 196 1
54 208 1
54 213 1
55 4 1
55 9 1
55 16 1
55 25 1
55 37 1
55 38 1
55 41 1
55 42 1
55 44 1
55 47 1
55 48 1
55 53 1
55 54 1
55 59 1
55 60 1
55 63 1
55 66 1
55 73 1
55 151 1
55 153 1
55 170 1
55 171 1
55 191 1
55 211 1
56 28 1
56 30 1
56 42 1
56 43 1
56 51 1
56 62 1
56 69 1
56 117 1
56 122 1
56 217 1
57 4 1
57 10 1
57 33 1
57 74 1
57 116 1
57 129 1
57 180 1
58 6 1
58 10 1
58 37 1
58 39 1
58 90 1
58 104 1
58 129 1
58 148 1
58 167 1
58 217 1
59 41 1
59 42 1
59 43 1
59 44 1
59 46 1
59 47 1
59 48 1
59 50 1
59 51 1
59 55 1
59 63 1
59 66 1
59 76 1
59 127 1
59 137 1
59 140 1
59 151 1
59 153 1
59 155 1
59 156 1
59 159 1
59 163 1
59 171 1
59 195 1
60 9 1
60 38 1
60 39 1
60 42 1
60 43 1
60 44 1
60 50 1
60 55 1
60 61 1
60 66 1
60 68 1
60 110 1
60 151 1
60 153 1
60 175 1
60 190 1
60 196 1
60 215 1
61 9 1
61 42 1
61 44 1
61 47 1
61 60 1
61 62 1
61 66 1
61 97 1
61 108 1
61 110 1
61 117 1
61 122 1
61 151 1
61 187 1
61 190 1
61 204 1
62 28 1
62 30 1
62 39 1
62 42 1
62 43 1
62 51 1
62 56 1
62 61 1
62 102 1
62 117 1
62 122 1
62 137 1
62 187 1
62 209 1
63 15 1
63 48 1
63 52 1
63 54 1
63 55 1
63 59 1
63 66 1
63 126 1
63 144 1
63 146 1
63 155 1
63 156 1
63 157 1
63 159 1
63 191 1
63 194 1
63 211 1
64 7 1
64 43 1
64 51 1
64 76 1
64 80 1
64 85 1
64 102 1
64 103 1
64 117 1
64 122 1
64 127 1
64 137 1
64 158 1
64 206 1
64 208 1
64 209 1
65 4 1
65 5 1
65 19 1
65 23 1
65 26 1
65 35 1
65 36 1
65 37 1
65 39 1
65 44 1
65 46 1
65 66 1
65 94 1
65 110 1
65 129 1
65 171 1
66 1 1
66 9 1
66 37 1
66 38 1
66 41 1
66 42 1
66 44 1
66 47 1
66 48 1
66 53 1
66 54 1
66 55 1
66 59 1
66 60 1
66 61 1
66 63 1
66 65 1
66 73 1
66 173 1
67 6 1
67 10 1
67 32 1
67 68 1
67 73 1
67 87 1
67 90 1
67 96 1
67 105 1
67 166 1
67 200 1
68 4 1
68 15 1
68 29 1
68 33 1
68 37 1
68 39 1
68 60 1
68 67 1
68 72 1
68 101 1
68 180 1
69 3 1
69 23 1
69 28 1
69 43 1
69 56 1
69 104 1
69 195 1
69 208 1
70 33 1
70 180 1
71 3 1
71 4 1
71 13 1
71 14 1
71 16 1
71 17 1
71 24 1
71 25 1
71 28 1
71 33 1
71 45 1
71 79 1
71 83 1
71 84 1
71 88 1
71 89 1
71 94 1
71 97 1
71 100 1
71 105 1
71 112 1
71 113 1
71 114 1
71 133 1
71 134 1
71 152 1
71 154 1
71 165 1
71 166 1
71 170 1
71 180 1
71 187 1
71 189 1
71 194 1
71 212 1
72 15 1
72 33 1
72 39 1
72 68 1
72 101 1
72 116 1
72 133 1
72 152 1
72 180 1
73 41 1
73 44 1
73 47 1
73 48 1
73 53 1
73 54 1
73 55 1
73 66 1
73 67 1
74 10 1
74 18 1
74 37 1
74 53 1
74 54 1
74 57 1
74 75 1
74 77 1
74 81 1
74 84 1
74 90 1
74 96 1
74 131 1
74 150 1
74 157 1
74 177 1
74 192 1
74 213 1
75 2 1
75 8 1
75 74 1
75 77 1
75 84 1
75 96 1
75 128 1
75 129 1
75 150 1
75 155 1
75 157 1
75 166 1
75 198 1
75 213 1
76 41 1
76 42 1
76 43 1
76 46 1
76 50 1
76 51 1
76 59 1
76 64 1
76 80 1
76 102 1
76 103 1
76 117 1
76 120 1
76 127 1
76 137 1
76 179 1
76 187 1
76 206 1
76 209 1
76 213 1
77 10 1
77 74 1
77 75 1
77 84 1
77 90 1
77 96 1
77 150 1
78 3 1
78 47 1
78 83 1
78 86 1
78 100 1
78 113 1
78 114 1
78 181 1
79 5 1
79 11 1
79 13 1
79 14 1
79 16 1
79 17 1
79 24 1
79 25 1
79 27 1
79 35 1
79 71 1
79 86 1
79 93 1
79 112 1
79 134 1
79 155 1
79 169 1
79 171 1
80 43 1
80 51 1
80 64 1
80 76 1
80 88 1
80 102 1
80 103 1
80 117 1
80 127 1
80 135 1
80 137 1
80 206 1
80 209 1
80 214 1
81 27 1
81 37 1
81 41 1
81 54 1
81 74 1
81 86 1
81 90 1
81 91 1
81 123 1
81 140 1
81 141 1
81 144 1
81 146 1
81 148 1
81 149 1
81 155 1
81 163 1
81 191 1
81 213 1
81 215 1
82 4 1
82 96 1
82 167 1
82 203 1
83 71 1
83 78 1
83 86 1
83 100 1
83 114 1
83 119 1
84 3 1
84 10 1
84 53 1
84 71 1
84 74 1
84 75 1
84 77 1
84 90 1
84 91 1
84 94 1
84 96 1
84 101 1
84 105 1
84 106 1
84 131 1
85 7 1
85 21 1
85 27 1
85 30 1
85 34 1
85 43 1
85 64 1
85 102 1
85 103 1
85 122 1
85 147 1
85 160 1
85 179 1
85 187 1
86 1 1
86 2 1
86 3 1
86 11 1
86 14 1
86 17 1
86 47 1
86 78 1
86 79 1
86 81 1
86 83 1
86 87 1
86 90 1
86 91 1
86 100 1
86 104 1
86 106 1
86 113 1
86 114 1
86 140 1
86 148 1
86 149 1
86 165 1
86 191 1
86 203 1
86 207 1
86 213 1
86 217 1
87 2 1
87 10 1
87 31 1
87 32 1
87 67 1
87 86 1
87 94 1
87 96 1
87 104 1
87 106 1
87 204 1
88 39 1
88 40 1
88 71 1
88 80 1
88 100 1
88 101 1
88 105 1
88 116 1
88 119 1
88 132 1
88 157 1
88 193 1
89 31 1
89 71 1
89 149 1
90 4 1
90 23 1
90 37 1
90 48 1
90 58 1
90 67 1
90 74 1
90 77 1
90 81 1
90 84 1
90 86 1
90 91 1
90 92 1
90 94 1
90 96 1
90 105 1
90 106 1
90 128 1
90 148 1
90 157 1
90 167 1
90 191 1
90 214 1
91 4 1
91 41 1
91 48 1
91 81 1
91 84 1
91 86 1
91 90 1
91 92 1
91 94 1
91 101 1
91 104 1
91 105 1
91 106 1
91 126 1
91 140 1
91 148 1
91 149 1
91 155 1
91 157 1
91 191 1
91 203 1
91 211 1
91 213 1
91 214 1
92 15 1
92 90 1
92 91 1
92 94 1
92 116 1
92 140 1
92 148 1
92 157 1
92 214 1
93 5 1
93 16 1
93 17 1
93 24 1
93 26 1
93 27 1
93 35 1
93 79 1
93 134 1
93 169 1
93 184 1
93 216 1
94 2 1
94 4 1
94 31 1
94 41 1
94 65 1
94 71 1
94 84 1
94 87 1
94 90 1
94 91 1
94 92 1
94 101 1
94 106 1
94 128 1
94 136 1
94 149 1
94 152 1
94 154 1
94 155 1
94 157 1
94 165 1
94 166 1
94 200 1
94 203 1
94 214 1
95 25 1
95 32 1
95 108 1
95 126 1
95 140 1
95 151 1
95 155 1
95 187 1
95 190 1
95 204 1
95 216 1
96 10 1
96 67 1
96 74 1
96 75 1
96 77 1
96 82 1
96 84 1
96 87 1
96 90 1
96 106 1
96 131 1
96 150 1
96 163 1
97 7 1
97 27 1
97 30 1
97 43 1
97 45 1
97 61 1
97 71 1
97 102 1
97 123 1
97 160 1
97 181 1
97 182 1
97 187 1
97 202 1
97 206 1
98 3 1
98 20 1
98 99 1
98 100 1
98 119 1
98 139 1
98 154 1
98 156 1
98 165 1
98 189 1
99 3 1
99 16 1
99 20 1
99 98 1
99 119 1
99 139 1
99 154 1
99 156 1
99 165 1
99 189 1
100 3 1
100 20 1
100 71 1
100 78 1
100 83 1
100 86 1
100 88 1
100 98 1
100 113 1
100 114 1
100 150 1
100 189 1
101 12 1
101 39 1
101 68 1
101 72 1
101 84 1
101 88 1
101 91 1
101 94 1
101 116 1
101 166 1
101 213 1
101 214 1
101 217 1
102 42 1
102 43 1
102 51 1
102 62 1
102 64 1
102 76 1
102 80 1
102 85 1
102 97 1
102 103 1
102 117 1
102 125 1
102 127 1
102 135 1
102 137 1
102 178 1
102 197 1
102 206 1
102 209 1
103 7 1
103 43 1
103 51 1
103 54 1
103 64 1
103 76 1
103 80 1
103 85 1
103 102 1
103 122 1
103 127 1
103 135 1
103 137 1
103 158 1
103 179 1
103 187 1
103 206 1
103 208 1
103 209 1
103 216 1
104 2 1
104 3 1
104 16 1
104 41 1
104 54 1
104 58 1
104 69 1
104 86 1
104 87 1
104 91 1
104 106 1
104 129 1
104 149 1
104 214 1
105 3 1
105 15 1
105 18 1
105 24 1
105 37 1
105 40 1
105 51 1
105 52 1
105 54 1
105 67 1
105 71 1
105 84 1
105 88 1
105 90 1
105 91 1
105 128 1
105 136 1
105 139 1
105 145 1
105 148 1
105 157 1
105 158 1
105 166 1
105 167 1
106 2 1
106 32 1
106 84 1
106 86 1
106 87 1
106 90 1
106 91 1
106 94 1
106 96 1
106 104 1
107 39 1
107 111 1
107 121 1
107 124 1
107 130 1
107 133 1
107 155 1
107 164 1
107 173 1
107 177 1
107 185 1
107 188 1
107 192 1
107 211 1
108 25 1
108 38 1
108 61 1
108 95 1
108 125 1
108 151 1
108 153 1
108 175 1
108 190 1
108 196 1
108 200 1
108 204 1
108 208 1
109 114 1
109 115 1
109 132 1
109 135 1
109 168 1
109 207 1
110 60 1
110 61 1
110 65 1
110 127 1
110 129 1
110 137 1
110 151 1
110 161 1
110 170 1
110 172 1
110 175 1
110 182 1
110 187 1
110 194 1
110 200 1
110 214 1
110 215 1
111 12 1
111 22 1
111 107 1
111 121 1
111 124 1
111 130 1
111 133 1
111 164 1
111 173 1
111 177 1
111 192 1
112 1 1
112 4 1
112 16 1
112 17 1
112 24 1
112 25 1
112 45 1
112 71 1
112 79 1
112 113 1
112 114 1
112 134 1
112 152 1
112 156 1
112 165 1
113 1 1
113 4 1
113 13 1
113 16 1
113 17 1
113 20 1
113 24 1
113 71 1
113 78 1
113 86 1
113 100 1
113 112 1
113 114 1
113 139 1
113 165 1
113 184 1
113 189 1
114 11 1
114 14 1
114 16 1
114 20 1
114 28 1
114 71 1
114 78 1
114 83 1
114 86 1
114 100 1
114 109 1
114 112 1
114 113 1
114 119 1
114 157 1
114 165 1
114 207 1
115 109 1
115 132 1
115 135 1
115 168 1
115 179 1
115 197 1
115 205 1
115 207 1
116 10 1
116 57 1
116 72 1
116 88 1
116 92 1
116 101 1
116 154 1
116 157 1
116 170 1
117 56 1
117 61 1
117 62 1
117 64 1
117 76 1
117 80 1
117 102 1
117 125 1
117 135 1
117 137 1
117 158 1
117 172 1
117 187 1
117 209 1
118 19 1
118 23 1
118 121 1
118 133 1
118 203 1
119 3 1
119 20 1
119 83 1
119 88 1
119 98 1
119 99 1
119 114 1
120 10 1
120 76 1
120 121 1
120 129 1
120 132 1
120 133 1
120 136 1
120 152 1
120 170 1
120 171 1
120 182 1
120 194 1
121 11 1
121 12 1
121 18 1
121 22 1
121 24 1
121 107 1
121 111 1
121 118 1
121 120 1
121 124 1
121 130 1
121 133 1
121 164 1
121 173 1
121 177 1
121 185 1
121 192 1
122 7 1
122 28 1
122 30 1
122 43 1
122 56 1
122 61 1
122 62 1
122 64 1
122 85 1
122 103 1
122 123 1
122 158 1
122 179 1
122 187 1
123 3 1
123 7 1
123 28 1
123 30 1
123 81 1
123 97 1
123 122 1
123 160 1
123 181 1
123 182 1
123 202 1
123 208 1
123 212 1
124 12 1
124 22 1
124 107 1
124 111 1
124 121 1
124 130 1
124 133 1
124 155 1
124 164 1
124 173 1
124 177 1
124 188 1
124 192 1
124 213 1
125 38 1
125 46 1
125 102 1
125 108 1
125 117 1
125 129 1
125 135 1
125 137 1
125 147 1
125 151 1
125 179 1
125 187 1
125 190 1
125 194 1
125 204 1
125 209 1
126 38 1
126 41 1
126 48 1
126 54 1
126 63 1
126 91 1
126 95 1
126 127 1
126 144 1
126 146 1
126 155 1
126 156 1
126 158 1
126 169 1
126 190 1
126 194 1
126 201 1
126 206 1
126 209 1
126 210 1
126 214 1
126 216 1
127 38 1
127 42 1
127 43 1
127 44 1
127 46 1
127 50 1
127 53 1
127 59 1
127 64 1
127 76 1
127 80 1
127 102 1
127 103 1
127 110 1
127 126 1
127 137 1
127 151 1
127 155 1
127 194 1
127 209 1
127 215 1
128 2 1
128 37 1
128 75 1
128 90 1
128 94 1
128 105 1
128 130 1
128 148 1
128 155 1
128 167 1
128 175 1
128 198 1
129 6 1
129 8 1
129 31 1
129 37 1
129 57 1
129 58 1
129 65 1
129 75 1
129 104 1
129 110 1
129 120 1
129 125 1
129 130 1
129 136 1
129 151 1
129 158 1
129 170 1
129 175 1
129 190 1
129 194 1
129 198 1
129 200 1
129 203 1
129 208 1
129 214 1
130 8 1
130 12 1
130 31 1
130 32 1
130 107 1
130 111 1
130 121 1
130 124 1
130 128 1
130 129 1
130 141 1
130 155 1
130 164 1
130 173 1
130 175 1
130 177 1
130 188 1
130 192 1
130 198 1
130 201 1
131 10 1
131 37 1
131 74 1
131 84 1
131 96 1
131 186 1
132 88 1
132 109 1
132 115 1
132 120 1
132 135 1
132 141 1
132 168 1
132 193 1
133 2 1
133 8 1
133 11 1
133 12 1
133 18 1
133 19 1
133 22 1
133 23 1
133 31 1
133 39 1
133 71 1
133 72 1
133 107 1
133 111 1
133 118 1
133 120 1
133 121 1
133 124 1
133 155 1
133 164 1
133 166 1
133 192 1
133 203 1
133 213 1
134 2 1
134 16 1
134 17 1
134 18 1
134 24 1
134 25 1
134 27 1
134 31 1
134 35 1
134 45 1
134 71 1
134 79 1
134 93 1
134 112 1
134 167 1
135 42 1
135 43 1
135 80 1
135 102 1
135 103 1
135 109 1
135 115 1
135 117 1
135 125 1
135 132 1
135 137 1
135 168 1
135 179 1
135 190 1
135 195 1
135 196 1
135 197 1
135 205 1
135 206 1
135 207 1
135 209 1
136 16 1
136 94 1
136 105 1
136 120 1
136 129 1
136 140 1
136 148 1
136 157 1
136 191 1
136 208 1
137 39 1
137 42 1
137 43 1
137 50 1
137 51 1
137 59 1
137 62 1
137 64 1
137 76 1
137 80 1
137 102 1
137 103 1
137 110 1
137 117 1
137 125 1
137 127 1
137 135 1
137 158 1
137 206 1
137 209 1
138 49 1
138 142 1
138 147 1
138 161 1
138 162 1
138 174 1
138 178 1
138 182 1
138 183 1
138 187 1
138 194 1
138 206 1
138 212 1
138 216 1
139 3 1
139 20 1
139 98 1
139 99 1
139 105 1
139 113 1
139 189 1
140 6 1
140 18 1
140 31 1
140 42 1
140 59 1
140 81 1
140 86 1
140 91 1
140 92 1
140 95 1
140 136 1
140 143 1
140 144 1
140 146 1
140 148 1
140 155 1
140 158 1
140 159 1
140 160 1
140 163 1
140 167 1
140 170 1
140 172 1
140 175 1
140 191 1
140 214 1
141 28 1
141 81 1
141 130 1
141 132 1
141 166 1
142 49 1
142 138 1
142 147 1
142 155 1
142 160 1
142 161 1
142 162 1
142 174 1
142 178 1
142 182 1
142 183 1
142 187 1
142 194 1
142 206 1
142 212 1
142 216 1
143 39 1
143 140 1
143 144 1
143 146 1
143 155 1
143 157 1
143 158 1
143 159 1
143 163 1
143 187 1
144 5 1
144 15 1
144 27 1
144 35 1
144 48 1
144 63 1
144 81 1
144 126 1
144 140 1
144 143 1
144 146 1
144 153 1
144 155 1
144 156 1
144 157 1
144 158 1
144 159 1
144 163 1
144 166 1
144 169 1
144 171 1
144 183 1
144 211 1
145 15 1
145 48 1
145 105 1
145 155 1
145 157 1
145 188 1
145 192 1
145 211 1
146 5 1
146 35 1
146 48 1
146 63 1
146 81 1
146 126 1
146 140 1
146 143 1
146 144 1
146 153 1
146 155 1
146 156 1
146 157 1
146 158 1
146 159 1
146 161 1
146 162 1
146 166 1
146 169 1
146 171 1
146 211 1
147 26 1
147 39 1
147 46 1
147 49 1
147 85 1
147 125 1
147 138 1
147 142 1
147 155 1
147 156 1
147 158 1
147 159 1
147 160 1
147 161 1
147 162 1
147 174 1
147 178 1
147 182 1
147 183 1
147 187 1
147 190 1
147 194 1
147 197 1
147 199 1
147 201 1
147 206 1
147 209 1
147 210 1
147 212 1
147 216 1
148 4 1
148 23 1
148 29 1
148 58 1
148 81 1
148 86 1
148 90 1
148 91 1
148 92 1
148 105 1
148 128 1
148 136 1
148 140 1
148 155 1
148 163 1
148 167 1
148 170 1
148 172 1
148 191 1
148 211 1
148 214 1
149 17 1
149 31 1
149 40 1
149 41 1
149 81 1
149 86 1
149 89 1
149 91 1
149 94 1
149 104 1
149 155 1
149 157 1
149 170 1
149 203 1
149 213 1
149 214 1
150 10 1
150 74 1
150 75 1
150 77 1
150 96 1
150 100 1
150 163 1
151 38 1
151 46 1
151 50 1
151 55 1
151 59 1
151 60 1
151 61 1
151 95 1
151 108 1
151 110 1
151 125 1
151 127 1
151 129 1
151 153 1
151 155 1
151 156 1
151 158 1
151 159 1
151 170 1
151 175 1
151 187 1
151 190 1
151 194 1
151 196 1
151 200 1
151 214 1
151 215 1
151 216 1
152 24 1
152 25 1
152 31 1
152 71 1
152 72 1
152 94 1
152 112 1
152 120 1
152 156 1
152 167 1
152 170 1
152 194 1
153 38 1
153 46 1
153 47 1
153 50 1
153 52 1
153 55 1
153 59 1
153 60 1
153 108 1
153 144 1
153 146 1
153 151 1
153 155 1
153 156 1
153 158 1
153 159 1
153 167 1
153 170 1
153 187 1
153 196 1
153 204 1
153 215 1
154 3 1
154 16 1
154 20 1
154 71 1
154 94 1
154 98 1
154 99 1
154 116 1
154 156 1
154 157 1
154 165 1
154 166 1
154 189 1
154 191 1
155 5 1
155 6 1
155 38 1
155 41 1
155 47 1
155 48 1
155 59 1
155 63 1
155 75 1
155 79 1
155 81 1
155 91 1
155 94 1
155 95 1
155 107 1
155 124 1
155 126 1
155 127 1
155 128 1
155 130 1
155 133 1
155 140 1
155 142 1
155 143 1
155 144 1
155 145 1
155 146 1
155 147 1
155 148 1
155 149 1
155 151 1
155 153 1
155 156 1
155 157 1
155 158 1
155 159 1
155 160 1
155 162 1
155 163 1
155 166 1
155 167 1
155 168 1
155 169 1
155 170 1
155 171 1
155 172 1
155 174 1
155 175 1
155 177 1
155 188 1
155 192 1
155 194 1
155 201 1
155 211 1
155 213 1
155 214 1
156 1 1
156 17 1
156 18 1
156 31 1
156 38 1
156 46 1
156 59 1
156 63 1
156 98 1
156 99 1
156 112 1
156 126 1
156 144 1
156 146 1
156 147 1
156 151 1
156 152 1
156 153 1
156 154 1
156 155 1
156 157 1
156 158 1
156 159 1
156 170 1
156 171 1
156 187 1
156 194 1
156 199 1
156 201 1
156 210 1
156 211 1
156 212 1
156 215 1
157 15 1
157 18 1
157 48 1
157 51 1
157 52 1
157 54 1
157 63 1
157 74 1
157 75 1
157 88 1
157 90 1
157 91 1
157 92 1
157 94 1
157 105 1
157 114 1
157 116 1
157 136 1
157 143 1
157 144 1
157 145 1
157 146 1
157 149 1
157 154 1
157 155 1
157 156 1
157 158 1
157 159 1
157 169 1
157 177 1
157 191 1
157 192 1
157 200 1
157 211 1
158 6 1
158 39 1
158 43 1
158 46 1
158 64 1
158 103 1
158 105 1
158 117 1
158 122 1
158 126 1
158 129 1
158 137 1
158 140 1
158 143 1
158 144 1
158 146 1
158 147 1
158 151 1
158 153 1
158 155 1
158 156 1
158 157 1
158 159 1
158 160 1
158 162 1
158 163 1
158 167 1
158 168 1
158 172 1
158 178 1
158 182 1
158 186 1
158 187 1
158 190 1
158 194 1
158 195 1
158 209 1
158 212 1
158 214 1
158 215 1
158 216 1
159 3 1
159 5 1
159 27 1
159 35 1
159 41 1
159 50 1
159 59 1
159 63 1
159 140 1
159 143 1
159 144 1
159 146 1
159 147 1
159 151 1
159 153 1
159 155 1
159 156 1
159 157 1
159 158 1
159 161 1
159 162 1
159 163 1
159 171 1
159 178 1
159 183 1
159 187 1
159 194 1
159 199 1
159 201 1
159 212 1
159 215 1
160 7 1
160 21 1
160 30 1
160 34 1
160 85 1
160 97 1
160 123 1
160 140 1
160 142 1
160 147 1
160 155 1
160 158 1
160 162 1
160 170 1
160 173 1
160 174 1
160 181 1
160 182 1
160 187 1
160 202 1
160 212 1
161 110 1
161 138 1
161 142 1
161 146 1
161 147 1
161 159 1
161 162 1
161 170 1
161 174 1
161 178 1
161 182 1
161 187 1
161 206 1
161 212 1
162 26 1
162 39 1
162 49 1
162 138 1
162 142 1
162 146 1
162 147 1
162 155 1
162 158 1
162 159 1
162 160 1
162 161 1
162 174 1
162 178 1
162 182 1
162 183 1
162 187 1
162 194 1
162 199 1
162 206 1
162 212 1
163 2 1
163 4 1
163 6 1
163 8 1
163 10 1
163 18 1
163 39 1
163 59 1
163 81 1
163 96 1
163 140 1
163 143 1
163 144 1
163 148 1
163 150 1
163 155 1
163 158 1
163 159 1
163 167 1
163 175 1
163 191 1
163 193 1
163 213 1
163 214 1
163 216 1
164 2 1
164 8 1
164 12 1
164 18 1
164 22 1
164 32 1
164 107 1
164 111 1
164 121 1
164 124 1
164 130 1
164 133 1
164 166 1
164 173 1
164 192 1
164 193 1
165 16 1
165 20 1
165 25 1
165 45 1
165 71 1
165 86 1
165 94 1
165 98 1
165 99 1
165 112 1
165 113 1
165 114 1
165 154 1
165 189 1
165 191 1
166 19 1
166 40 1
166 45 1
166 67 1
166 71 1
166 75 1
166 94 1
166 101 1
166 105 1
166 133 1
166 141 1
166 144 1
166 146 1
166 154 1
166 155 1
166 164 1
166 185 1
166 191 1
166 193 1
166 194 1
167 4 1
167 6 1
167 18 1
167 37 1
167 39 1
167 58 1
167 82 1
167 90 1
167 105 1
167 128 1
167 134 1
167 140 1
167 148 1
167 152 1
167 153 1
167 155 1
167 158 1
167 163 1
167 170 1
167 172 1
168 29 1
168 109 1
168 115 1
168 132 1
168 135 1
168 155 1
168 158 1
168 179 1
168 195 1
168 197 1
168 205 1
168 207 1
168 216 1
169 5 1
169 17 1
169 24 1
169 26 1
169 27 1
169 35 1
169 79 1
169 93 1
169 126 1
169 144 1
169 146 1
169 155 1
169 157 1
169 171 1
169 184 1
169 201 1
169 205 1
169 207 1
169 216 1
170 16 1
170 55 1
170 71 1
170 110 1
170 116 1
170 120 1
170 129 1
170 140 1
170 148 1
170 149 1
170 151 1
170 152 1
170 153 1
170 155 1
170 156 1
170 160 1
170 161 1
170 167 1
170 187 1
170 190 1
170 200 1
170 204 1
170 212 1
170 216 1
171 5 1
171 26 1
171 27 1
171 35 1
171 55 1
171 59 1
171 65 1
171 79 1
171 120 1
171 144 1
171 146 1
171 155 1
171 156 1
171 159 1
171 169 1
171 184 1
172 37 1
172 39 1
172 110 1
172 117 1
172 140 1
172 148 1
172 155 1
172 158 1
172 167 1
172 175 1
172 182 1
172 191 1
172 198 1
172 200 1
172 214 1
173 17 1
173 31 1
173 66 1
173 107 1
173 111 1
173 121 1
173 124 1
173 130 1
173 160 1
173 164 1
173 177 1
173 185 1
173 188 1
173 192 1
173 193 1
173 211 1
174 49 1
174 138 1
174 142 1
174 147 1
174 155 1
174 160 1
174 161 1
174 162 1
174 178 1
174 182 1
174 187 1
174 199 1
174 206 1
174 212 1
175 8 1
175 38 1
175 46 1
175 60 1
175 108 1
175 110 1
175 128 1
175 129 1
175 130 1
175 140 1
175 151 1
175 155 1
175 163 1
175 172 1
175 190 1
175 198 1
175 200 1
175 203 1
175 204 1
176 184 1
176 186 1
176 194 1
176 196 1
176 197 1
176 201 1
176 206 1
176 210 1
176 211 1
177 74 1
177 107 1
177 111 1
177 121 1
177 124 1
177 130 1
177 155 1
177 157 1
177 173 1
177 185 1
177 188 1
177 192 1
177 211 1
178 49 1
178 102 1
178 138 1
178 142 1
178 147 1
178 158 1
178 159 1
178 161 1
178 162 1
178 174 1
178 182 1
178 183 1
178 187 1
178 199 1
178 205 1
178 206 1
178 212 1
178 216 1
179 21 1
179 76 1
179 85 1
179 103 1
179 115 1
179 122 1
179 125 1
179 135 1
179 168 1
179 187 1
179 195 1
179 197 1
179 205 1
179 206 1
179 207 1
180 1 1
180 4 1
180 11 1
180 17 1
180 33 1
180 45 1
180 57 1
180 68 1
180 70 1
180 71 1
180 72 1
181 7 1
181 21 1
181 30 1
181 34 1
181 78 1
181 97 1
181 123 1
181 160 1
181 197 1
181 202 1
182 23 1
182 28 1
182 30 1
182 49 1
182 97 1
182 110 1
182 120 1
182 123 1
182 138 1
182 142 1
182 147 1
182 158 1
182 160 1
182 161 1
182 162 1
182 172 1
182 174 1
182 178 1
182 183 1
182 187 1
182 190 1
182 194 1
182 197 1
182 209 1
182 212 1
182 216 1
183 138 1
183 142 1
183 144 1
183 147 1
183 159 1
183 162 1
183 178 1
183 182 1
183 187 1
183 195 1
183 197 1
183 199 1
183 201 1
183 212 1
184 5 1
184 26 1
184 27 1
184 35 1
184 93 1
184 113 1
184 169 1
184 171 1
184 176 1
184 186 1
184 191 1
184 195 1
184 196 1
184 199 1
184 201 1
184 205 1
184 210 1
184 211 1
185 32 1
185 107 1
185 121 1
185 166 1
185 173 1
185 177 1
185 188 1
185 192 1
185 193 1
186 6 1
186 27 1
186 41 1
186 131 1
186 158 1
186 176 1
186 184 1
186 192 1
186 196 1
186 197 1
186 199 1
186 201 1
186 210 1
186 211 1
186 213 1
187 30 1
187 39 1
187 42 1
187 49 1
187 54 1
187 61 1
187 62 1
187 71 1
187 76 1
187 85 1
187 95 1
187 97 1
187 103 1
187 110 1
187 117 1
187 122 1
187 125 1
187 138 1
187 142 1
187 143 1
187 147 1
187 151 1
187 153 1
187 156 1
187 158 1
187 159 1
187 160 1
187 161 1
187 162 1
187 170 1
187 174 1
187 178 1
187 179 1
187 182 1
187 183 1
187 190 1
187 191 1
187 194 1
187 196 1
187 197 1
187 199 1
187 201 1
187 202 1
187 203 1
187 206 1
187 211 1
187 212 1
187 214 1
187 215 1
187 216 1
188 18 1
188 107 1
188 124 1
188 130 1
188 145 1
188 155 1
188 173 1
188 177 1
188 185 1
188 192 1
188 196 1
188 211 1
189 3 1
189 16 1
189 20 1
189 71 1
189 98 1
189 99 1
189 100 1
189 113 1
189 139 1
189 154 1
189 165 1
190 7 1
190 38 1
190 60 1
190 61 1
190 95 1
190 108 1
190 125 1
190 126 1
190 129 1
190 135 1
190 147 1
190 151 1
190 158 1
190 170 1
190 175 1
190 182 1
190 187 1
190 195 1
190 196 1
190 197 1
190 199 1
190 200 1
190 204 1
190 210 1
190 212 1
190 216 1
191 4 1
191 15 1
191 16 1
191 28 1
191 48 1
191 54 1
191 55 1
191 63 1
191 81 1
191 86 1
191 90 1
191 91 1
191 136 1
191 140 1
191 148 1
191 154 1
191 157 1
191 163 1
191 165 1
191 166 1
191 172 1
191 184 1
191 187 1
191 196 1
191 199 1
191 203 1
191 208 1
191 211 1
192 5 1
192 12 1
192 31 1
192 74 1
192 107 1
192 111 1
192 121 1
192 124 1
192 130 1
192 133 1
192 145 1
192 155 1
192 157 1
192 164 1
192 173 1
192 177 1
192 185 1
192 186 1
192 188 1
192 211 1
193 22 1
193 40 1
193 88 1
193 132 1
193 163 1
193 164 1
193 166 1
193 173 1
193 185 1
193 195 1
194 28 1
194 46 1
194 63 1
194 71 1
194 110 1
194 120 1
194 125 1
194 126 1
194 127 1
194 129 1
194 138 1
194 142 1
194 147 1
194 151 1
194 152 1
194 155 1
194 156 1
194 158 1
194 159 1
194 162 1
194 166 1
194 176 1
194 182 1
194 187 1
194 196 1
194 199 1
194 200 1
194 201 1
194 203 1
194 204 1
194 209 1
194 210 1
194 212 1
194 215 1
195 23 1
195 30 1
195 42 1
195 43 1
195 59 1
195 69 1
195 135 1
195 158 1
195 168 1
195 179 1
195 183 1
195 184 1
195 190 1
195 193 1
195 196 1
195 208 1
196 6 1
196 25 1
196 33 1
196 38 1
196 54 1
196 60 1
196 108 1
196 135 1
196 151 1
196 153 1
196 176 1
196 184 1
196 186 1
196 187 1
196 188 1
196 190 1
196 191 1
196 194 1
196 195 1
196 199 1
196 200 1
196 204 1
196 205 1
196 206 1
196 207 1
196 208 1
196 210 1
196 211 1
196 215 1
196 216 1
197 12 1
197 21 1
197 34 1
197 42 1
197 46 1
197 102 1
197 115 1
197 135 1
197 147 1
197 168 1
197 176 1
197 179 1
197 181 1
197 182 1
197 183 1
197 186 1
197 187 1
197 190 1
197 202 1
197 205 1
197 207 1
197 208 1
197 209 1
197 212 1
198 8 1
198 75 1
198 128 1
198 129 1
198 130 1
198 172 1
198 175 1
198 200 1
198 203 1
198 204 1
199 5 1
199 21 1
199 26 1
199 34 1
199 39 1
199 147 1
199 156 1
199 159 1
199 162 1
199 174 1
199 178 1
199 183 1
199 184 1
199 186 1
199 187 1
199 190 1
199 191 1
199 194 1
199 196 1
199 201 1
199 204 1
199 205 1
199 207 1
199 210 1
199 211 1
199 212 1
199 215 1
199 216 1
200 6 1
200 38 1
200 67 1
200 94 1
200 108 1
200 110 1
200 129 1
200 151 1
200 157 1
200 170 1
200 172 1
200 175 1
200 190 1
200 194 1
200 196 1
200 198 1
200 203 1
200 204 1
201 27 1
201 32 1
201 126 1
201 130 1
201 147 1
201 155 1
201 156 1
201 159 1
201 169 1
201 176 1
201 183 1
201 184 1
201 186 1
201 187 1
201 194 1
201 199 1
201 205 1
201 210 1
201 211 1
201 212 1
201 215 1
201 216 1
202 7 1
202 21 1
202 27 1
202 30 1
202 34 1
202 97 1
202 123 1
202 160 1
202 181 1
202 187 1
202 197 1
203 82 1
203 86 1
203 91 1
203 94 1
203 118 1
203 129 1
203 133 1
203 149 1
203 175 1
203 187 1
203 191 1
203 194 1
203 198 1
203 200 1
203 204 1
203 213 1
204 61 1
204 87 1
204 95 1
204 108 1
204 125 1
204 153 1
204 170 1
204 175 1
204 190 1
204 194 1
204 196 1
204 198 1
204 199 1
204 200 1
204 203 1
205 5 1
205 16 1
205 21 1
205 34 1
205 115 1
205 135 1
205 168 1
205 169 1
205 178 1
205 179 1
205 184 1
205 196 1
205 197 1
205 199 1
205 201 1
205 207 1
205 216 1
206 64 1
206 76 1
206 80 1
206 97 1
206 102 1
206 103 1
206 126 1
206 135 1
206 137 1
206 138 1
206 142 1
206 147 1
206 161 1
206 162 1
206 174 1
206 176 1
206 178 1
206 179 1
206 187 1
206 196 1
206 209 1
206 212 1
206 216 1
207 86 1
207 109 1
207 114 1
207 115 1
207 135 1
207 168 1
207 169 1
207 179 1
207 196 1
207 197 1
207 199 1
207 205 1
208 16 1
208 36 1
208 54 1
208 64 1
208 69 1
208 103 1
208 108 1
208 123 1
208 129 1
208 136 1
208 191 1
208 195 1
208 196 1
208 197 1
208 212 1
209 43 1
209 50 1
209 51 1
209 62 1
209 64 1
209 76 1
209 80 1
209 102 1
209 103 1
209 117 1
209 125 1
209 126 1
209 127 1
209 135 1
209 137 1
209 147 1
209 158 1
209 182 1
209 194 1
209 197 1
209 206 1
209 212 1
209 216 1
210 14 1
210 126 1
210 147 1
210 156 1
210 176 1
210 184 1
210 186 1
210 190 1
210 194 1
210 196 1
210 199 1
210 201 1
210 211 1
210 215 1
211 15 1
211 40 1
211 48 1
211 52 1
211 55 1
211 63 1
211 91 1
211 107 1
211 144 1
211 145 1
211 146 1
211 148 1
211 155 1
211 156 1
211 157 1
211 173 1
211 176 1
211 177 1
211 184 1
211 186 1
211 187 1
211 188 1
211 191 1
211 192 1
211 196 1
211 199 1
211 201 1
211 210 1
212 49 1
212 71 1
212 123 1
212 138 1
212 142 1
212 147 1
212 156 1
212 158 1
212 159 1
212 160 1
212 161 1
212 162 1
212 170 1
212 174 1
212 178 1
212 182 1
212 183 1
212 187 1
212 190 1
212 194 1
212 197 1
212 199 1
212 201 1
212 206 1
212 208 1
212 209 1
212 216 1
213 2 1
213 5 1
213 18 1
213 31 1
213 38 1
213 41 1
213 44 1
213 54 1
213 74 1
213 75 1
213 76 1
213 81 1
213 86 1
213 91 1
213 101 1
213 124 1
213 133 1
213 149 1
213 155 1
213 163 1
213 186 1
213 203 1
213 214 1
213 217 1
214 6 1
214 37 1
214 41 1
214 47 1
214 48 1
214 80 1
214 90 1
214 91 1
214 92 1
214 94 1
214 101 1
214 104 1
214 110 1
214 126 1
214 129 1
214 140 1
214 148 1
214 149 1
214 151 1
214 155 1
214 158 1
214 163 1
214 172 1
214 187 1
214 213 1
214 216 1
215 44 1
215 46 1
215 60 1
215 81 1
215 110 1
215 127 1
215 151 1
215 153 1
215 156 1
215 158 1
215 159 1
215 187 1
215 194 1
215 196 1
215 199 1
215 201 1
215 210 1
216 16 1
216 24 1
216 39 1
216 93 1
216 95 1
216 103 1
216 126 1
216 138 1
216 142 1
216 147 1
216 151 1
216 158 1
216 163 1
216 168 1
216 169 1
216 170 1
216 178 1
216 182 1
216 187 1
216 190 1
216 196 1
216 199 1
216 201 1
216 205 1
216 206 1
216 209 1
216 212 1
216 214 1
217 56 1
217 58 1
217 86 1
217 101 1
217 213 1
