1 8 1
1 58 1
1 78 1
1 87 1
1 89 1
1 218 1
1 219 1
2 11 1
2 55 1
2 89 1
2 97 1
2 99 1
3 9 1
3 14 1
3 16 1
3 20 1
3 29 1
3 31 1
3 33 1
3 35 1
3 37 1
3 44 1
3 46 1
3 51 1
3 60 1
3 62 1
3 69 1
4 7 1
4 33 1
4 38 1
4 71 1
4 93 1
4 102 1
4 105 1
4 106 1
5 10 1
5 12 1
5 15 1
5 52 1
5 56 1
5 60 1
5 61 1
5 65 1
5 67 1
5 98 1
6 29 1
6 31 1
6 43 1
6 56 1
6 93 1
6 98 1
7 4 1
7 23 1
7 38 1
7 80 1
7 91 1
7 93 1
7 105 1
7 106 1
8 1 1
8 30 1
8 36 1
8 55 1
8 63 1
8 83 1
8 97 1
8 220 1
9 3 1
9 21 1
9 22 1
9 23 1
9 29 1
9 42 1
9 51 1
9 97 1
10 5 1
10 21 1
10 56 1
10 61 1
10 79 1
10 85 1
10 88 1
10 221 1
10 222 1
11 2 1
11 17 1
11 26 1
11 28 1
11 36 1
11 49 1
11 55 1
11 58 1
11 76 1
11 83 1
11 89 1
11 92 1
11 97 1
11 104 1
12 5 1
12 31 1
12 41 1
12 42 1
12 60 1
12 101 1
12 105 1
13 20 1
13 37 1
13 82 1
13 103 1
14 3 1
14 29 1
14 57 1
14 87 1
14 223 1
15 5 1
15 29 1
15 54 1
15 224 1
16 3 1
16 29 1
16 37 1
16 97 1
17 11 1
17 36 1
17 48 1
17 89 1
17 99 1
18 49 1
18 79 1
18 82 1
18 83 1
18 92 1
18 104 1
19 36 1
19 41 1
19 52 1
19 78 1
19 95 1
20 3 1
20 13 1
20 29 1
20 35 1
20 37 1
20 46 1
20 47 1
20 82 1
20 88 1
20 94 1
21 9 1
21 10 1
21 23 1
21 42 1
21 52 1
21 77 1
21 224 1
22 9 1
22 23 1
22 24 1
22 34 1
22 51 1
22 54 1
22 55 1
22 66 1
22 77 1
22 78 1
22 89 1
23 7 1
23 9 1
23 21 1
23 22 1
23 27 1
23 44 1
23 51 1
23 54 1
23 77 1
23 86 1
23 90 1
24 22 1
24 29 1
24 93 1
24 94 1
25 26 1
25 29 1
25 54 1
25 66 1
25 102 1
26 11 1
26 25 1
26 32 1
26 42 1
26 45 1
26 76 1
27 23 1
27 30 1
27 49 1
27 62 1
27 76 1
27 77 1
27 78 1
27 91 1
27 100 1
27 225 1
28 11 1
28 36 1
28 48 1
28 49 1
28 55 1
28 66 1
28 89 1
28 94 1
28 97 1
28 221 1
28 226 1
29 3 1
29 6 1
29 9 1
29 14 1
29 15 1
29 16 1
29 20 1
29 24 1
29 25 1
29 31 1
29 32 1
29 33 1
29 36 1
29 37 1
29 39 1
29 41 1
29 46 1
29 56 1
29 57 1
29 75 1
29 79 1
29 80 1
29 93 1
29 97 1
29 98 1
29 99 1
30 8 1
30 27 1
30 89 1
30 97 1
30 99 1
30 102 1
31 3 1
31 6 1
31 12 1
31 29 1
31 33 1
31 35 1
31 39 1
31 44 1
31 51 1
31 54 1
31 56 1
31 57 1
31 69 1
31 79 1
32 26 1
32 29 1
32 55 1
32 108 1
32 220 1
33 3 1
33 4 1
33 29 1
33 31 1
33 35 1
33 69 1
33 87 1
33 93 1
34 22 1
34 65 1
34 71 1
34 73 1
34 92 1
34 97 1
34 102 1
34 105 1
35 3 1
35 20 1
35 31 1
35 33 1
35 44 1
35 45 1
35 46 1
35 51 1
35 224 1
36 8 1
36 11 1
36 17 1
36 19 1
36 28 1
36 29 1
36 41 1
36 53 1
36 76 1
36 80 1
36 92 1
36 93 1
36 94 1
36 95 1
36 97 1
36 99 1
36 107 1
37 3 1
37 13 1
37 16 1
37 20 1
37 29 1
37 43 1
37 46 1
37 52 1
37 62 1
38 4 1
38 7 1
38 105 1
38 106 1
39 29 1
39 31 1
39 41 1
40 44 1
40 46 1
40 51 1
40 81 1
40 86 1
40 90 1
40 96 1
40 99 1
41 12 1
41 19 1
41 29 1
41 36 1
41 39 1
41 46 1
41 55 1
41 72 1
41 75 1
41 80 1
41 93 1
41 95 1
42 9 1
42 12 1
42 21 1
42 26 1
42 45 1
42 57 1
42 87 1
42 100 1
42 101 1
43 6 1
43 37 1
43 46 1
43 67 1
43 69 1
43 72 1
43 81 1
43 96 1
43 98 1
43 102 1
44 3 1
44 23 1
44 31 1
44 35 1
44 40 1
44 54 1
44 94 1
44 99 1
45 26 1
45 35 1
45 42 1
45 49 1
45 59 1
45 60 1
45 84 1
45 95 1
45 100 1
45 101 1
46 3 1
46 20 1
46 29 1
46 35 1
46 37 1
46 40 1
46 41 1
46 43 1
46 47 1
46 57 1
46 64 1
46 81 1
46 82 1
46 85 1
46 87 1
46 90 1
46 100 1
46 220 1
47 20 1
47 46 1
47 58 1
47 82 1
47 91 1
47 92 1
47 100 1
47 107 1
48 17 1
48 28 1
48 50 1
48 55 1
48 58 1
48 78 1
48 96 1
48 99 1
48 220 1
49 11 1
49 18 1
49 27 1
49 28 1
49 45 1
49 54 1
49 56 1
50 48 1
50 78 1
50 79 1
50 83 1
50 94 1
50 96 1
50 220 1
51 3 1
51 9 1
51 22 1
51 23 1
51 31 1
51 35 1
51 40 1
51 65 1
51 86 1
51 99 1
51 224 1
52 5 1
52 19 1
52 21 1
52 37 1
52 61 1
52 65 1
52 81 1
52 97 1
52 98 1
52 99 1
53 36 1
53 55 1
53 83 1
53 96 1
53 97 1
53 101 1
53 107 1
53 108 1
54 15 1
54 22 1
54 23 1
54 25 1
54 31 1
54 44 1
54 49 1
54 56 1
54 62 1
54 88 1
54 93 1
54 94 1
54 222 1
55 2 1
55 8 1
55 11 1
55 22 1
55 28 1
55 32 1
55 41 1
55 48 1
55 53 1
55 64 1
55 66 1
55 91 1
55 104 1
55 107 1
55 108 1
56 5 1
56 6 1
56 10 1
56 29 1
56 31 1
56 49 1
56 54 1
56 68 1
56 72 1
56 73 1
56 82 1
56 90 1
56 93 1
57 14 1
57 29 1
57 31 1
57 42 1
57 46 1
57 61 1
57 73 1
57 74 1
57 98 1
58 1 1
58 11 1
58 47 1
58 48 1
58 71 1
58 83 1
58 97 1
58 108 1
58 220 1
59 45 1
59 64 1
59 69 1
59 100 1
60 3 1
60 5 1
60 12 1
60 45 1
60 68 1
60 81 1
60 84 1
60 101 1
61 5 1
61 10 1
61 52 1
61 57 1
61 67 1
61 79 1
61 81 1
61 83 1
61 218 1
62 3 1
62 27 1
62 37 1
62 54 1
62 90 1
62 91 1
62 101 1
63 8 1
63 103 1
63 220 1
64 46 1
64 55 1
64 59 1
64 69 1
64 99 1
65 5 1
65 34 1
65 51 1
65 52 1
65 69 1
65 87 1
65 101 1
65 102 1
65 218 1
66 22 1
66 25 1
66 28 1
66 55 1
66 91 1
66 94 1
67 5 1
67 43 1
67 61 1
67 83 1
67 87 1
67 92 1
67 98 1
67 218 1
68 56 1
68 60 1
68 87 1
68 88 1
68 103 1
69 3 1
69 31 1
69 33 1
69 43 1
69 59 1
69 64 1
69 65 1
69 101 1
69 102 1
70 92 1
70 93 1
70 96 1
70 105 1
71 4 1
71 34 1
71 58 1
71 105 1
71 107 1
72 41 1
72 43 1
72 56 1
72 100 1
73 34 1
73 56 1
73 57 1
74 57 1
74 88 1
75 29 1
75 41 1
75 93 1
76 11 1
76 26 1
76 27 1
76 36 1
76 89 1
77 21 1
77 22 1
77 23 1
77 27 1
78 1 1
78 19 1
78 22 1
78 27 1
78 48 1
78 50 1
78 95 1
78 220 1
79 10 1
79 18 1
79 29 1
79 31 1
79 50 1
79 61 1
79 81 1
80 7 1
80 29 1
80 36 1
80 41 1
80 93 1
80 105 1
81 40 1
81 43 1
81 46 1
81 52 1
81 60 1
81 61 1
81 79 1
81 99 1
82 13 1
82 18 1
82 20 1
82 46 1
82 47 1
82 56 1
83 8 1
83 11 1
83 18 1
83 50 1
83 53 1
83 58 1
83 61 1
83 67 1
83 92 1
83 104 1
83 105 1
84 45 1
84 60 1
84 95 1
84 101 1
84 103 1
85 10 1
85 46 1
85 87 1
85 222 1
86 23 1
86 40 1
86 51 1
86 92 1
86 97 1
87 1 1
87 14 1
87 33 1
87 42 1
87 46 1
87 65 1
87 67 1
87 68 1
87 85 1
87 89 1
87 101 1
87 218 1
88 10 1
88 20 1
88 54 1
88 68 1
88 74 1
88 93 1
88 95 1
89 1 1
89 2 1
89 11 1
89 17 1
89 22 1
89 28 1
89 30 1
89 76 1
89 87 1
89 91 1
89 92 1
89 108 1
89 218 1
90 23 1
90 40 1
90 46 1
90 56 1
90 62 1
91 7 1
91 27 1
91 47 1
91 55 1
91 62 1
91 66 1
91 89 1
91 92 1
91 103 1
92 11 1
92 18 1
92 34 1
92 36 1
92 47 1
92 67 1
92 70 1
92 83 1
92 86 1
92 89 1
92 91 1
92 95 1
92 96 1
92 99 1
92 100 1
93 4 1
93 6 1
93 7 1
93 24 1
93 29 1
93 33 1
93 36 1
93 41 1
93 54 1
93 56 1
93 70 1
93 75 1
93 80 1
93 88 1
93 98 1
93 105 1
93 107 1
94 20 1
94 24 1
94 28 1
94 36 1
94 44 1
94 50 1
94 54 1
94 66 1
94 99 1
94 102 1
95 19 1
95 36 1
95 41 1
95 45 1
95 78 1
95 84 1
95 88 1
95 92 1
95 99 1
96 40 1
96 43 1
96 48 1
96 50 1
96 53 1
96 70 1
96 92 1
96 105 1
96 108 1
97 2 1
97 8 1
97 9 1
97 11 1
97 16 1
97 28 1
97 29 1
97 30 1
97 34 1
97 36 1
97 52 1
97 53 1
97 58 1
97 86 1
97 99 1
97 100 1
98 5 1
98 6 1
98 29 1
98 43 1
98 52 1
98 57 1
98 67 1
98 93 1
99 2 1
99 17 1
99 29 1
99 30 1
99 36 1
99 40 1
99 44 1
99 48 1
99 51 1
99 52 1
99 64 1
99 81 1
99 92 1
99 94 1
99 95 1
99 97 1
100 27 1
100 42 1
100 45 1
100 46 1
100 47 1
100 59 1
100 72 1
100 92 1
100 97 1
100 101 1
100 223 1
101 12 1
101 42 1
101 45 1
101 53 1
101 60 1
101 62 1
101 65 1
101 69 1
101 84 1
101 87 1
101 100 1
102 4 1
102 25 1
102 30 1
102 34 1
102 43 1
102 65 1
102 69 1
102 94 1
102 226 1
103 13 1
103 63 1
103 68 1
103 84 1
103 91 1
103 108 1
103 220 1
103 225 1
104 11 1
104 18 1
104 55 1
104 83 1
105 4 1
105 7 1
105 12 1
105 34 1
105 38 1
105 70 1
105 71 1
105 80 1
105 83 1
105 93 1
105 96 1
105 106 1
106 4 1
106 7 1
106 38 1
106 105 1
107 36 1
107 47 1
107 53 1
107 55 1
107 71 1
107 93 1
107 219 1
108 32 1
108 53 1
108 55 1
108 58 1
108 89 1
108 96 1
108 103 1
109 111 1
109 118 1
109 119 1
109 126 1
109 132 1
109 227 1
110 112 1
110 114 1
110 118 1
110 133 1
110 228 1
111 109 1
111 113 1
111 114 1
111 133 1
111 136 1
111 138 1
111 140 1
111 228 1
112 110 1
112 114 1
112 133 1
112 228 1
113 111 1
113 114 1
113 116 1
113 117 1
113 118 1
113 119 1
113 121 1
113 122 1
113 123 1
113 124 1
113 126 1
113 127 1
113 128 1
113 129 1
113 130 1
113 131 1
113 132 1
113 134 1
113 136 1
113 137 1
113 138 1
113 140 1
113 141 1
113 143 1
113 144 1
113 145 1
113 150 1
113 152 1
114 110 1
114 111 1
114 112 1
114 113 1
114 123 1
114 130 1
114 132 1
114 137 1
114 143 1
115 116 1
115 119 1
115 132 1
116 113 1
116 115 1
116 118 1
116 128 1
116 132 1
116 133 1
116 135 1
116 142 1
116 228 1
117 113 1
117 120 1
117 131 1
117 134 1
117 135 1
117 141 1
118 109 1
118 110 1
118 113 1
118 116 1
118 132 1
118 137 1
118 143 1
119 109 1
119 113 1
119 115 1
119 123 1
119 149 1
119 227 1
119 228 1
120 117 1
120 131 1
120 132 1
120 135 1
121 113 1
121 122 1
121 134 1
121 136 1
121 143 1
121 149 1
121 151 1
121 229 1
122 113 1
122 121 1
122 124 1
122 125 1
122 127 1
122 132 1
122 141 1
123 113 1
123 114 1
123 119 1
123 132 1
123 143 1
123 144 1
124 113 1
124 122 1
124 128 1
124 136 1
124 139 1
124 140 1
124 147 1
125 122 1
125 139 1
125 144 1
125 229 1
125 230 1
126 109 1
126 113 1
126 129 1
126 132 1
126 138 1
126 141 1
126 144 1
126 146 1
127 113 1
127 122 1
127 139 1
127 141 1
127 145 1
127 150 1
128 113 1
128 116 1
128 124 1
128 136 1
128 140 1
128 144 1
129 113 1
129 126 1
129 132 1
129 148 1
130 113 1
130 114 1
130 131 1
130 136 1
130 142 1
130 143 1
130 149 1
131 113 1
131 117 1
131 120 1
131 130 1
131 134 1
131 135 1
131 143 1
131 149 1
131 150 1
132 109 1
132 113 1
132 114 1
132 115 1
132 116 1
132 118 1
132 120 1
132 122 1
132 123 1
132 126 1
132 129 1
132 133 1
132 135 1
132 136 1
132 137 1
132 138 1
132 140 1
132 141 1
132 143 1
132 147 1
132 152 1
132 228 1
133 110 1
133 111 1
133 112 1
133 116 1
133 132 1
133 228 1
134 113 1
134 117 1
134 121 1
134 131 1
134 135 1
134 136 1
134 138 1
134 144 1
135 116 1
135 117 1
135 120 1
135 131 1
135 132 1
135 134 1
135 136 1
135 138 1
135 140 1
136 111 1
136 113 1
136 121 1
136 124 1
136 128 1
136 130 1
136 132 1
136 134 1
136 135 1
136 138 1
136 139 1
136 143 1
136 144 1
136 146 1
136 147 1
136 148 1
136 150 1
136 151 1
137 113 1
137 114 1
137 118 1
137 132 1
137 149 1
137 152 1
137 228 1
138 111 1
138 113 1
138 126 1
138 132 1
138 134 1
138 135 1
138 136 1
138 140 1
138 143 1
138 145 1
139 124 1
139 125 1
139 127 1
139 136 1
139 142 1
139 144 1
139 146 1
139 230 1
140 111 1
140 113 1
140 124 1
140 128 1
140 132 1
140 135 1
140 138 1
141 113 1
141 117 1
141 122 1
141 126 1
141 127 1
141 132 1
141 142 1
141 145 1
141 149 1
141 229 1
142 116 1
142 130 1
142 139 1
142 141 1
142 152 1
143 113 1
143 114 1
143 118 1
143 121 1
143 123 1
143 130 1
143 131 1
143 132 1
143 136 1
143 138 1
143 147 1
143 150 1
144 113 1
144 123 1
144 125 1
144 126 1
144 128 1
144 134 1
144 136 1
144 139 1
144 150 1
144 230 1
145 113 1
145 127 1
145 138 1
145 141 1
145 152 1
145 229 1
146 126 1
146 136 1
146 139 1
147 124 1
147 132 1
147 136 1
147 143 1
147 151 1
148 129 1
148 136 1
148 152 1
149 119 1
149 121 1
149 130 1
149 131 1
149 137 1
149 141 1
150 113 1
150 127 1
150 131 1
150 136 1
150 143 1
150 144 1
151 121 1
151 136 1
151 147 1
152 113 1
152 132 1
152 137 1
152 142 1
152 145 1
152 148 1
152 228 1
153 160 1
153 161 1
153 162 1
153 165 1
153 167 1
153 174 1
153 184 1
154 157 1
154 160 1
154 167 1
154 177 1
154 231 1
155 160 1
155 171 1
155 180 1
155 232 1
156 170 1
156 172 1
156 173 1
156 178 1
156 233 1
156 234 1
156 235 1
157 154 1
157 164 1
157 167 1
157 170 1
157 177 1
157 236 1
158 160 1
158 163 1
158 165 1
158 166 1
158 170 1
158 176 1
158 179 1
158 185 1
158 235 1
158 236 1
158 237 1
159 161 1
159 167 1
159 175 1
159 176 1
159 179 1
159 186 1
159 231 1
160 153 1
160 154 1
160 155 1
160 158 1
160 161 1
160 164 1
160 167 1
160 176 1
160 183 1
161 153 1
161 159 1
161 160 1
161 169 1
161 171 1
161 173 1
161 175 1
161 176 1
161 179 1
161 182 1
162 153 1
162 165 1
162 174 1
162 175 1
162 184 1
163 158 1
163 176 1
163 182 1
163 233 1
164 157 1
164 160 1
164 175 1
164 176 1
164 177 1
165 153 1
165 158 1
165 162 1
165 166 1
165 168 1
165 173 1
165 183 1
165 184 1
165 233 1
165 234 1
165 235 1
166 158 1
166 165 1
166 168 1
166 172 1
166 173 1
166 178 1
166 234 1
166 236 1
166 237 1
167 153 1
167 154 1
167 157 1
167 159 1
167 160 1
167 174 1
167 175 1
167 176 1
167 186 1
168 165 1
168 166 1
168 170 1
168 172 1
168 173 1
168 179 1
168 235 1
168 236 1
168 237 1
169 161 1
169 171 1
169 175 1
169 176 1
169 179 1
170 156 1
170 157 1
170 158 1
170 168 1
170 172 1
170 178 1
170 183 1
170 236 1
170 237 1
171 155 1
171 161 1
171 169 1
171 175 1
171 176 1
171 182 1
171 234 1
172 156 1
172 166 1
172 168 1
172 170 1
172 178 1
172 183 1
172 234 1
172 237 1
173 156 1
173 161 1
173 165 1
173 166 1
173 168 1
173 178 1
173 183 1
173 233 1
173 236 1
173 237 1
174 153 1
174 162 1
174 167 1
174 179 1
174 182 1
175 159 1
175 161 1
175 162 1
175 164 1
175 167 1
175 169 1
175 171 1
175 176 1
175 181 1
175 184 1
175 231 1
175 233 1
175 237 1
176 158 1
176 159 1
176 160 1
176 161 1
176 163 1
176 164 1
176 167 1
176 169 1
176 171 1
176 175 1
176 179 1
176 181 1
176 182 1
176 186 1
176 233 1
177 154 1
177 157 1
177 164 1
177 178 1
177 179 1
177 231 1
178 156 1
178 166 1
178 170 1
178 172 1
178 173 1
178 177 1
178 179 1
178 233 1
178 237 1
179 158 1
179 159 1
179 161 1
179 168 1
179 169 1
179 174 1
179 176 1
179 177 1
179 178 1
179 181 1
180 155 1
180 232 1
181 175 1
181 176 1
181 179 1
182 161 1
182 163 1
182 171 1
182 174 1
182 176 1
182 186 1
182 233 1
183 160 1
183 165 1
183 170 1
183 172 1
183 173 1
184 153 1
184 162 1
184 165 1
184 175 1
184 234 1
185 158 1
185 231 1
186 159 1
186 167 1
186 176 1
186 182 1
186 233 1
187 191 1
187 192 1
187 206 1
187 209 1
187 216 1
187 238 1
188 192 1
188 197 1
188 206 1
188 212 1
188 216 1
189 192 1
189 193 1
189 199 1
189 200 1
189 201 1
189 205 1
189 207 1
189 208 1
189 209 1
189 239 1
190 191 1
190 206 1
190 207 1
190 208 1
190 209 1
190 210 1
190 212 1
190 216 1
191 187 1
191 190 1
191 192 1
191 193 1
191 194 1
191 200 1
191 201 1
191 204 1
191 206 1
191 207 1
191 208 1
191 209 1
191 212 1
191 214 1
192 187 1
192 188 1
192 189 1
192 191 1
192 193 1
192 199 1
192 200 1
192 201 1
192 206 1
192 207 1
192 208 1
192 209 1
192 214 1
192 216 1
193 189 1
193 191 1
193 192 1
193 197 1
193 205 1
193 207 1
193 208 1
193 210 1
193 217 1
194 191 1
194 200 1
194 206 1
194 210 1
194 212 1
194 214 1
195 204 1
195 212 1
195 215 1
195 216 1
196 204 1
196 206 1
196 207 1
196 212 1
196 213 1
196 214 1
196 216 1
196 217 1
197 188 1
197 193 1
197 198 1
197 199 1
197 202 1
197 204 1
197 216 1
197 240 1
198 197 1
198 204 1
198 215 1
198 240 1
199 189 1
199 192 1
199 197 1
199 208 1
199 216 1
199 239 1
200 189 1
200 191 1
200 192 1
200 194 1
200 201 1
200 205 1
200 206 1
200 207 1
200 208 1
200 209 1
200 212 1
201 189 1
201 191 1
201 192 1
201 200 1
201 206 1
201 207 1
201 208 1
201 212 1
202 197 1
202 204 1
202 215 1
202 240 1
203 215 1
203 240 1
204 191 1
204 195 1
204 196 1
204 197 1
204 198 1
204 202 1
204 214 1
204 215 1
204 217 1
204 240 1
205 189 1
205 193 1
205 200 1
205 206 1
205 207 1
205 208 1
205 210 1
205 211 1
205 213 1
205 217 1
206 187 1
206 188 1
206 190 1
206 191 1
206 192 1
206 194 1
206 196 1
206 200 1
206 201 1
206 205 1
206 207 1
206 208 1
206 209 1
206 212 1
207 189 1
207 190 1
207 191 1
207 192 1
207 193 1
207 196 1
207 200 1
207 201 1
207 205 1
207 206 1
207 208 1
207 210 1
207 212 1
207 214 1
207 215 1
208 189 1
208 190 1
208 191 1
208 192 1
208 193 1
208 199 1
208 200 1
208 201 1
208 205 1
208 206 1
208 207 1
208 210 1
209 187 1
209 189 1
209 190 1
209 191 1
209 192 1
209 200 1
209 206 1
209 211 1
209 212 1
209 213 1
209 215 1
210 190 1
210 193 1
210 194 1
210 205 1
210 207 1
210 208 1
211 205 1
211 209 1
211 213 1
211 216 1
211 217 1
212 188 1
212 190 1
212 191 1
212 194 1
212 195 1
212 196 1
212 200 1
212 201 1
212 206 1
212 207 1
212 209 1
212 217 1
213 196 1
213 205 1
213 209 1
213 211 1
213 216 1
214 191 1
214 192 1
214 194 1
214 196 1
214 204 1
214 207 1
214 216 1
214 241 1
215 195 1
215 198 1
215 202 1
215 203 1
215 204 1
215 207 1
215 209 1
215 240 1
216 187 1
216 188 1
216 190 1
216 192 1
216 195 1
216 196 1
216 197 1
216 199 1
216 211 1
216 213 1
216 214 1
216 217 1
217 193 1
217 196 1
217 204 1
217 205 1
217 211 1
217 212 1
217 216 1
217 241 1
218 1 1
218 61 1
218 65 1
218 67 1
218 87 1
218 89 1
219 1 1
219 107 1
220 8 1
220 32 1
220 46 1
220 48 1
220 50 1
220 58 1
220 63 1
220 78 1
220 103 1
221 10 1
221 28 1
222 10 1
222 54 1
222 85 1
223 14 1
223 100 1
224 15 1
224 21 1
224 35 1
224 51 1
225 27 1
225 103 1
226 28 1
226 102 1
227 109 1
227 119 1
228 110 1
228 111 1
228 112 1
228 116 1
228 119 1
228 132 1
228 133 1
228 137 1
228 152 1
229 121 1
229 125 1
229 141 1
229 145 1
230 125 1
230 139 1
230 144 1
231 154 1
231 159 1
231 175 1
231 177 1
231 185 1
232 155 1
232 180 1
233 156 1
233 163 1
233 165 1
233 173 1
233 175 1
233 176 1
233 178 1
233 182 1
233 186 1
234 156 1
234 165 1
234 166 1
234 171 1
234 172 1
234 184 1
235 156 1
235 158 1
235 165 1
235 168 1
236 157 1
236 158 1
236 166 1
236 168 1
236 170 1
236 173 1
237 158 1
237 166 1
237 168 1
237 170 1
237 172 1
237 173 1
237 175 1
237 178 1
238 187 1
239 189 1
239 199 1
240 197 1
240 198 1
240 202 1
240 203 1
240 204 1
240 215 1
241 214 1
241 217 1
