1 1029 1
2 1029 1
3 1029 1
4 1029 1
5 1029 1
6 1029 1
7 1029 1
8 1030 1
9 1030 1
10 1030 1
11 1030 1
12 1030 1
13 1030 1
14 1030 1
15 1030 1
16 1030 1
17 1030 1
18 1031 1
19 1031 1
20 1031 1
21 1031 1
22 1031 1
23 1031 1
24 1031 1
25 1031 1
26 1031 1
27 1031 1
28 1032 1
29 1032 1
30 1032 1
31 1032 1
32 1032 1
33 1032 1
34 1032 1
35 1032 1
36 1032 1
37 1032 1
38 1033 1
39 1033 1
40 1033 1
41 1033 1
42 1033 1
43 1033 1
44 1033 1
45 1033 1
46 1033 1
47 1033 1
48 1034 1
49 1034 1
50 1034 1
51 1034 1
52 1034 1
53 1034 1
54 405 1
55 244 1
56 405 1
57 405 1
58 406 1
59 246 1
60 410 1
61 1035 1
62 751 1
63 933 1
64 1035 1
65 1035 1
66 991 1
67 472 1
68 934 1
69 254 1
70 254 1
71 1035 1
72 991 1
73 1035 1
74 264 1
75 268 1
76 270 1
77 436 1
78 248 1
79 473 1
80 265 1
81 441 1
82 1036 1
83 1036 1
84 447 1
85 432 1
86 267 1
87 450 1
88 278 1
89 453 1
90 433 1
91 434 1
92 451 1
93 934 1
94 1036 1
95 454 1
96 433 1
97 464 1
98 1036 1
99 250 1
100 251 1
101 242 1
102 643 1
103 255 1
104 1034 1
105 662 1
106 675 1
107 1034 1
108 255 1
109 884 1
110 1034 1
111 1035 1
112 676 1
113 691 1
114 1284 1
115 432 1
116 693 1
117 432 1
118 702 1
119 702 1
120 703 1
121 1036 1
122 923 1
123 923 1
124 436 1
125 747 1
126 202 1
127 805 1
128 751 1
129 255 1
130 1034 1
131 1035 1
132 1035 1
133 1036 1
134 1037 1
135 1037 1
136 1037 1
137 1037 1
138 1037 1
139 1037 1
140 1037 1
141 1037 1
142 1037 1
143 1037 1
144 1038 1
145 1038 1
146 1038 1
147 1038 1
148 1038 1
149 1038 1
150 1038 1
151 1038 1
152 1038 1
153 1038 1
154 1039 1
155 1039 1
156 1039 1
157 1039 1
158 1039 1
159 1039 1
160 1039 1
161 1039 1
162 1039 1
163 1039 1
164 1040 1
165 1040 1
166 1040 1
167 1040 1
168 1040 1
169 1040 1
170 1040 1
171 1040 1
172 1040 1
173 1040 1
174 1041 1
175 1041 1
176 1041 1
177 1041 1
178 1041 1
179 1041 1
180 1041 1
181 1041 1
182 1041 1
183 1041 1
184 1042 1
185 1042 1
186 1042 1
187 1042 1
188 1042 1
189 1042 1
190 1042 1
191 1042 1
192 1042 1
193 1042 1
194 1043 1
195 1043 1
196 1043 1
197 1043 1
198 1043 1
199 1043 1
200 1043 1
201 1043 1
202 126 1
202 1043 1
203 1043 1
204 1044 1
205 1044 1
206 1044 1
207 1044 1
208 1044 1
209 1044 1
210 1044 1
211 1044 1
212 1044 1
213 1044 1
214 1045 1
215 1045 1
216 1045 1
217 1045 1
218 1045 1
219 1045 1
220 1045 1
221 1045 1
222 1045 1
223 1045 1
224 1046 1
225 1046 1
226 1046 1
227 1046 1
228 1046 1
229 1046 1
230 1046 1
231 1046 1
232 1046 1
233 1046 1
234 1047 1
235 1047 1
236 1047 1
237 1047 1
238 1047 1
239 1047 1
240 1047 1
241 1047 1
242 101 1
242 1047 1
243 1047 1
244 55 1
244 1048 1
245 1048 1
246 59 1
246 1048 1
247 1048 1
248 78 1
248 1048 1
249 1048 1
250 99 1
250 1048 1
251 100 1
251 1048 1
252 1048 1
253 1048 1
254 69 1
254 70 1
254 1049 1
255 103 1
255 108 1
255 129 1
255 1049 1
256 1080 1
257 1081 1
258 1049 1
259 1049 1
260 1049 1
261 1049 1
262 1081 1
263 1049 1
264 74 1
264 1049 1
265 80 1
265 1049 1
266 1049 1
267 86 1
267 1050 1
268 75 1
268 1118 1
269 1050 1
270 76 1
270 1050 1
271 1050 1
272 1050 1
273 1050 1
274 1050 1
275 1050 1
276 1050 1
277 1050 1
278 88 1
278 1051 1
279 1051 1
280 1051 1
281 1051 1
282 1051 1
283 1051 1
284 1051 1
285 1051 1
286 1051 1
287 1051 1
288 1052 1
289 1052 1
290 1052 1
291 1052 1
292 1052 1
293 1052 1
294 1052 1
295 1052 1
296 1052 1
297 1052 1
298 1053 1
299 1053 1
300 1053 1
301 1053 1
302 1053 1
303 1053 1
304 1053 1
305 1053 1
306 1053 1
307 1053 1
308 1054 1
309 1054 1
310 1054 1
311 1054 1
312 1054 1
313 1054 1
314 1054 1
315 1054 1
316 1054 1
317 1054 1
318 1055 1
319 1055 1
320 1055 1
321 1055 1
322 1055 1
323 1055 1
324 1055 1
325 1055 1
326 1055 1
327 1055 1
328 1056 1
329 1056 1
330 1056 1
331 1056 1
332 1056 1
333 1056 1
334 1056 1
335 1056 1
336 1056 1
337 1056 1
338 1057 1
339 1057 1
340 1057 1
341 1057 1
342 1057 1
343 1057 1
344 1057 1
345 1057 1
346 1057 1
347 1057 1
348 1058 1
349 1058 1
350 1058 1
351 1058 1
352 1058 1
353 1058 1
354 1058 1
355 1058 1
356 1058 1
357 1058 1
358 1059 1
359 1059 1
360 1059 1
361 1059 1
362 1059 1
363 1059 1
364 1059 1
365 1059 1
366 1059 1
367 1059 1
368 1060 1
369 1060 1
370 1060 1
371 1060 1
372 1060 1
373 1060 1
374 1060 1
375 1060 1
376 1060 1
377 1060 1
378 1061 1
379 1061 1
380 1061 1
381 1061 1
382 1061 1
383 1061 1
384 1061 1
385 1061 1
386 1061 1
387 1061 1
388 1062 1
389 1062 1
390 1062 1
391 1062 1
392 1062 1
393 1062 1
394 1062 1
395 1062 1
396 1062 1
397 1062 1
398 1063 1
399 1063 1
400 1063 1
401 1063 1
402 1063 1
403 1063 1
404 1063 1
405 54 1
405 56 1
405 57 1
405 1063 1
406 58 1
406 1063 1
407 1063 1
408 1064 1
409 1064 1
410 60 1
410 1064 1
411 1064 1
412 1064 1
413 1064 1
414 1064 1
415 1064 1
416 1064 1
417 1064 1
418 1065 1
419 1065 1
420 1065 1
421 1065 1
422 1065 1
423 1065 1
424 1065 1
425 1065 1
426 1065 1
427 1065 1
428 1066 1
429 1066 1
430 1066 1
431 1066 1
432 85 1
432 115 1
432 117 1
432 1066 1
433 90 1
433 96 1
433 1066 1
434 91 1
434 1066 1
435 1066 1
436 77 1
436 124 1
436 1066 1
437 1066 1
438 1067 1
439 1067 1
440 1067 1
441 81 1
441 1067 1
442 1067 1
443 1067 1
444 1067 1
445 1067 1
446 1067 1
447 84 1
447 1067 1
448 1068 1
449 1068 1
450 87 1
450 1068 1
451 92 1
451 1068 1
452 1068 1
453 89 1
453 1068 1
454 95 1
454 1068 1
455 1068 1
456 1068 1
457 1068 1
458 1069 1
459 1069 1
460 1069 1
461 1069 1
462 1069 1
463 1069 1
464 97 1
464 1069 1
465 1069 1
466 1069 1
467 1069 1
468 1070 1
469 1070 1
470 1070 1
471 1070 1
472 67 1
472 1070 1
473 79 1
473 1070 1
474 1070 1
475 1070 1
476 1070 1
477 1070 1
478 1071 1
479 1071 1
480 1071 1
481 1071 1
482 1071 1
483 1071 1
484 1071 1
485 1071 1
486 1071 1
487 1071 1
488 1072 1
489 1072 1
490 1072 1
491 1072 1
492 1072 1
493 1072 1
494 1072 1
495 1072 1
496 1072 1
497 1072 1
498 1073 1
499 1073 1
500 1299 1
501 1300 1
502 1073 1
503 1073 1
504 1301 1
505 1073 1
506 1073 1
507 1073 1
508 1073 1
509 1073 1
510 1073 1
511 1074 1
512 1074 1
513 1074 1
514 1074 1
515 1074 1
516 1074 1
517 1074 1
518 1074 1
519 1074 1
520 1091 1
521 1092 1
522 1075 1
523 1075 1
524 1075 1
525 1075 1
526 1074 1
527 1091 1
528 1075 1
529 1075 1
530 1075 1
531 1075 1
532 1119 1
533 1119 1
534 1075 1
535 1076 1
536 1076 1
537 1076 1
538 1075 1
539 1119 1
540 1076 1
541 1076 1
542 1076 1
543 1076 1
544 1076 1
545 1076 1
546 1076 1
547 1077 1
548 1077 1
549 1077 1
550 1077 1
551 1077 1
552 1077 1
553 1077 1
554 1077 1
555 1077 1
556 1077 1
557 1078 1
558 1078 1
559 1078 1
560 1078 1
561 1078 1
562 1078 1
563 1078 1
564 1078 1
565 1078 1
566 1078 1
567 1079 1
568 1079 1
569 1079 1
570 1079 1
571 1079 1
572 1079 1
573 1079 1
574 1079 1
575 1079 1
576 1079 1
577 1080 1
578 1080 1
579 1080 1
580 1080 1
581 1080 1
582 1080 1
583 1028 1
584 1080 1
585 1080 1
586 1080 1
587 1081 1
588 1081 1
589 1081 1
590 1081 1
591 1081 1
592 1081 1
593 1081 1
594 1081 1
595 1082 1
596 1082 1
597 1082 1
598 1082 1
599 1082 1
600 1082 1
601 1082 1
602 1082 1
603 1082 1
604 1082 1
605 1083 1
606 1083 1
607 1083 1
608 1083 1
609 1083 1
610 1083 1
611 1083 1
612 1083 1
613 1083 1
614 1083 1
615 1084 1
616 1084 1
617 1084 1
618 1084 1
619 1084 1
620 1084 1
621 1084 1
622 1084 1
623 1084 1
624 1084 1
625 1085 1
626 1085 1
627 1085 1
628 1085 1
629 1085 1
630 1085 1
631 1085 1
632 1085 1
633 1085 1
634 1085 1
635 1086 1
636 1086 1
637 1086 1
638 1086 1
639 1086 1
640 1086 1
641 1086 1
642 1086 1
643 102 1
643 1086 1
644 1086 1
645 1087 1
646 1087 1
647 1087 1
648 1087 1
649 1087 1
650 1087 1
651 1087 1
652 1087 1
653 1087 1
654 1087 1
655 1088 1
656 1088 1
657 1088 1
658 1088 1
659 1088 1
660 1088 1
661 1088 1
662 105 1
662 1088 1
663 1088 1
664 1088 1
665 1089 1
666 1089 1
667 1089 1
668 1089 1
669 1089 1
670 1089 1
671 1089 1
672 1089 1
673 1089 1
674 1089 1
675 106 1
675 1090 1
676 112 1
676 1090 1
677 1090 1
678 1090 1
679 1090 1
680 1090 1
681 1090 1
682 1090 1
683 1090 1
684 1090 1
685 1091 1
686 1091 1
687 1091 1
688 1091 1
689 1091 1
690 1091 1
691 113 1
691 1119 1
692 1119 1
693 116 1
693 1091 1
694 1119 1
695 1092 1
696 1092 1
697 1091 1
698 1092 1
699 1092 1
700 1092 1
701 1092 1
702 118 1
702 119 1
702 1093 1
703 120 1
703 1302 1
704 1093 1
705 1303 1
706 1304 1
707 1093 1
708 1093 1
709 1093 1
710 1093 1
711 1093 1
712 1093 1
713 1119 1
714 1176 1
715 1093 1
716 1094 1
717 1094 1
718 1094 1
719 1093 1
720 1119 1
721 1094 1
722 1094 1
723 1094 1
724 1094 1
725 1094 1
726 1094 1
727 1094 1
728 1095 1
729 1176 1
730 1177 1
731 1095 1
732 1095 1
733 1095 1
734 1095 1
735 1095 1
736 1177 1
737 1095 1
738 1095 1
739 1095 1
740 1095 1
741 1096 1
742 909 1
743 1096 1
744 1096 1
745 1096 1
746 1096 1
747 125 1
747 1305 1
748 1027 1
749 1096 1
750 1177 1
751 62 1
751 128 1
751 1096 1
752 1096 1
753 1096 1
754 1096 1
755 1097 1
756 1097 1
757 1097 1
758 1097 1
759 1097 1
760 1097 1
761 1097 1
762 1097 1
763 1097 1
764 1097 1
765 1098 1
766 1098 1
767 1098 1
768 1098 1
769 1098 1
770 1098 1
771 1098 1
772 1098 1
773 1098 1
774 1098 1
775 934 1
776 1099 1
777 901 1
778 1306 1
779 1099 1
780 1099 1
781 1099 1
782 1099 1
783 1099 1
784 1099 1
785 1099 1
786 1099 1
787 1099 1
788 1100 1
789 1177 1
790 1177 1
791 1100 1
792 1100 1
793 1100 1
794 1177 1
795 1100 1
796 1100 1
797 1100 1
798 1100 1
799 1028 1
800 1177 1
801 1177 1
802 1307 1
803 1203 1
804 1100 1
805 127 1
805 1177 1
806 829 1
807 829 1
808 1101 1
809 1101 1
810 1092 1
811 1092 1
812 1308 1
813 1100 1
814 1101 1
815 1101 1
816 1092 1
817 1101 1
818 1230 1
819 1101 1
820 1177 1
821 1178 1
822 1101 1
823 1203 1
824 850 1
825 1101 1
826 1178 1
827 1101 1
828 1101 1
829 806 1
829 807 1
829 1102 1
830 1102 1
831 1102 1
832 1102 1
833 1102 1
834 1102 1
835 1102 1
836 1102 1
837 1102 1
838 1102 1
839 1103 1
840 1103 1
841 1103 1
842 1103 1
843 1103 1
844 1178 1
845 1178 1
846 1103 1
847 1178 1
848 1103 1
849 1104 1
850 824 1
850 1104 1
851 1103 1
852 1103 1
853 1103 1
854 1104 1
855 1104 1
856 1104 1
857 1104 1
858 1104 1
859 1105 1
860 1105 1
861 1105 1
862 1105 1
863 1105 1
864 1105 1
865 1105 1
866 1105 1
867 1105 1
868 1105 1
869 1106 1
870 1106 1
871 1106 1
872 1106 1
873 1106 1
874 1106 1
875 1106 1
876 1106 1
877 1106 1
878 1106 1
879 1107 1
880 1107 1
881 1107 1
882 1107 1
883 1107 1
884 109 1
884 1107 1
885 1107 1
886 1107 1
887 1107 1
888 1107 1
889 1108 1
890 1108 1
891 1108 1
892 1108 1
893 1108 1
894 1108 1
895 1108 1
896 1108 1
897 1108 1
898 1108 1
899 1109 1
900 1109 1
901 777 1
901 1109 1
902 1109 1
903 1109 1
904 1109 1
905 1109 1
906 1109 1
907 1109 1
908 1109 1
909 742 1
909 1110 1
910 1110 1
911 1110 1
912 1110 1
913 1110 1
914 1110 1
915 1110 1
916 1110 1
917 1110 1
918 1110 1
919 1111 1
920 1111 1
921 1111 1
922 1111 1
923 122 1
923 123 1
923 1111 1
924 1111 1
925 1111 1
926 1111 1
927 1111 1
928 1111 1
929 1112 1
930 1112 1
931 1112 1
932 1112 1
933 63 1
933 1112 1
934 68 1
934 93 1
934 775 1
934 1112 1
935 1112 1
936 1112 1
937 1112 1
938 1112 1
939 1113 1
940 1113 1
941 1113 1
942 1113 1
943 1113 1
944 1113 1
945 1113 1
946 1113 1
947 1113 1
948 1113 1
949 1114 1
950 1114 1
951 1114 1
952 1114 1
953 1114 1
954 1114 1
955 1114 1
956 1114 1
957 1114 1
958 1114 1
959 1115 1
960 1115 1
961 1115 1
962 1104 1
963 1104 1
964 1104 1
965 1309 1
966 1310 1
967 1178 1
968 1178 1
969 1115 1
970 1115 1
971 1115 1
972 1178 1
973 1115 1
974 978 1
975 1115 1
976 978 1
977 1234 1
978 974 1
978 976 1
978 979 1
979 978 1
979 1311 1
980 1312 1
981 1313 1
982 1115 1
983 1072 1
984 1028 1
985 1116 1
986 1314 1
987 1315 1
988 1116 1
989 1116 1
990 1116 1
991 66 1
991 72 1
991 1116 1
992 1116 1
993 1116 1
994 1116 1
995 1116 1
996 1117 1
997 1117 1
998 1117 1
999 1117 1
1000 1117 1
1001 1117 1
1002 1117 1
1003 1117 1
1004 1117 1
1005 1117 1
1006 1118 1
1007 1118 1
1008 1118 1
1009 1118 1
1010 1118 1
1011 1118 1
1012 1118 1
1013 1118 1
1014 1118 1
1015 1178 1
1016 1179 1
1017 1179 1
1018 1179 1
1019 1120 1
1020 1119 1
1021 1178 1
1022 1119 1
1023 1179 1
1024 1120 1
1025 1120 1
1026 1120 1
1027 748 1
1027 1120 1
1028 583 1
1028 799 1
1028 984 1
1028 1120 1
1029 1 1
1029 2 1
1029 3 1
1029 4 1
1029 5 1
1029 6 1
1029 7 1
1029 1120 1
1030 8 1
1030 9 1
1030 10 1
1030 11 1
1030 12 1
1030 13 1
1030 14 1
1030 15 1
1030 16 1
1030 17 1
1030 1120 1
1031 18 1
1031 19 1
1031 20 1
1031 21 1
1031 22 1
1031 23 1
1031 24 1
1031 25 1
1031 26 1
1031 27 1
1031 1120 1
1032 28 1
1032 29 1
1032 30 1
1032 31 1
1032 32 1
1032 33 1
1032 34 1
1032 35 1
1032 36 1
1032 37 1
1032 1120 1
1033 38 1
1033 39 1
1033 40 1
1033 41 1
1033 42 1
1033 43 1
1033 44 1
1033 45 1
1033 46 1
1033 47 1
1033 1121 1
1034 48 1
1034 49 1
1034 50 1
1034 51 1
1034 52 1
1034 53 1
1034 104 1
1034 107 1
1034 110 1
1034 130 1
1034 1121 1
1035 61 1
1035 64 1
1035 65 1
1035 71 1
1035 73 1
1035 111 1
1035 131 1
1035 132 1
1035 1121 1
1036 82 1
1036 83 1
1036 94 1
1036 98 1
1036 121 1
1036 133 1
1036 1121 1
1037 134 1
1037 135 1
1037 136 1
1037 137 1
1037 138 1
1037 139 1
1037 140 1
1037 141 1
1037 142 1
1037 143 1
1037 1121 1
1038 144 1
1038 145 1
1038 146 1
1038 147 1
1038 148 1
1038 149 1
1038 150 1
1038 151 1
1038 152 1
1038 153 1
1038 1121 1
1039 154 1
1039 155 1
1039 156 1
1039 157 1
1039 158 1
1039 159 1
1039 160 1
1039 161 1
1039 162 1
1039 163 1
1039 1121 1
1040 164 1
1040 165 1
1040 166 1
1040 167 1
1040 168 1
1040 169 1
1040 170 1
1040 171 1
1040 172 1
1040 173 1
1040 1121 1
1041 174 1
1041 175 1
1041 176 1
1041 177 1
1041 178 1
1041 179 1
1041 180 1
1041 181 1
1041 182 1
1041 183 1
1041 1121 1
1042 184 1
1042 185 1
1042 186 1
1042 187 1
1042 188 1
1042 189 1
1042 190 1
1042 191 1
1042 192 1
1042 193 1
1042 1121 1
1043 194 1
1043 195 1
1043 196 1
1043 197 1
1043 198 1
1043 199 1
1043 200 1
1043 201 1
1043 202 1
1043 203 1
1043 1122 1
1044 204 1
1044 205 1
1044 206 1
1044 207 1
1044 208 1
1044 209 1
1044 210 1
1044 211 1
1044 212 1
1044 213 1
1044 1122 1
1045 214 1
1045 215 1
1045 216 1
1045 217 1
1045 218 1
1045 219 1
1045 220 1
1045 221 1
1045 222 1
1045 223 1
1045 1122 1
1046 224 1
1046 225 1
1046 226 1
1046 227 1
1046 228 1
1046 229 1
1046 230 1
1046 231 1
1046 232 1
1046 233 1
1046 1122 1
1047 234 1
1047 235 1
1047 236 1
1047 237 1
1047 238 1
1047 239 1
1047 240 1
1047 241 1
1047 242 1
1047 243 1
1047 1122 1
1048 244 1
1048 245 1
1048 246 1
1048 247 1
1048 248 1
1048 249 1
1048 250 1
1048 251 1
1048 252 1
1048 253 1
1048 1179 1
1049 254 1
1049 255 1
1049 258 1
1049 259 1
1049 260 1
1049 261 1
1049 263 1
1049 264 1
1049 265 1
1049 266 1
1049 1179 1
1050 267 1
1050 269 1
1050 270 1
1050 271 1
1050 272 1
1050 273 1
1050 274 1
1050 275 1
1050 276 1
1050 277 1
1050 1179 1
1051 278 1
1051 279 1
1051 280 1
1051 281 1
1051 282 1
1051 283 1
1051 284 1
1051 285 1
1051 286 1
1051 287 1
1051 1179 1
1052 288 1
1052 289 1
1052 290 1
1052 291 1
1052 292 1
1052 293 1
1052 294 1
1052 295 1
1052 296 1
1052 297 1
1052 1180 1
1053 298 1
1053 299 1
1053 300 1
1053 301 1
1053 302 1
1053 303 1
1053 304 1
1053 305 1
1053 306 1
1053 307 1
1053 1180 1
1054 308 1
1054 309 1
1054 310 1
1054 311 1
1054 312 1
1054 313 1
1054 314 1
1054 315 1
1054 316 1
1054 317 1
1054 1122 1
1055 318 1
1055 319 1
1055 320 1
1055 321 1
1055 322 1
1055 323 1
1055 324 1
1055 325 1
1055 326 1
1055 327 1
1055 1179 1
1056 328 1
1056 329 1
1056 330 1
1056 331 1
1056 332 1
1056 333 1
1056 334 1
1056 335 1
1056 336 1
1056 337 1
1056 1122 1
1057 338 1
1057 339 1
1057 340 1
1057 341 1
1057 342 1
1057 343 1
1057 344 1
1057 345 1
1057 346 1
1057 347 1
1057 1179 1
1058 348 1
1058 349 1
1058 350 1
1058 351 1
1058 352 1
1058 353 1
1058 354 1
1058 355 1
1058 356 1
1058 357 1
1058 1122 1
1059 358 1
1059 359 1
1059 360 1
1059 361 1
1059 362 1
1059 363 1
1059 364 1
1059 365 1
1059 366 1
1059 367 1
1059 1180 1
1060 368 1
1060 369 1
1060 370 1
1060 371 1
1060 372 1
1060 373 1
1060 374 1
1060 375 1
1060 376 1
1060 377 1
1060 1180 1
1061 378 1
1061 379 1
1061 380 1
1061 381 1
1061 382 1
1061 383 1
1061 384 1
1061 385 1
1061 386 1
1061 387 1
1061 1180 1
1062 388 1
1062 389 1
1062 390 1
1062 391 1
1062 392 1
1062 393 1
1062 394 1
1062 395 1
1062 396 1
1062 397 1
1062 1180 1
1063 398 1
1063 399 1
1063 400 1
1063 401 1
1063 402 1
1063 403 1
1063 404 1
1063 405 1
1063 406 1
1063 407 1
1063 1180 1
1064 408 1
1064 409 1
1064 410 1
1064 411 1
1064 412 1
1064 413 1
1064 414 1
1064 415 1
1064 416 1
1064 417 1
1064 1180 1
1065 418 1
1065 419 1
1065 420 1
1065 421 1
1065 422 1
1065 423 1
1065 424 1
1065 425 1
1065 426 1
1065 427 1
1065 1181 1
1066 428 1
1066 429 1
1066 430 1
1066 431 1
1066 432 1
1066 433 1
1066 434 1
1066 435 1
1066 436 1
1066 437 1
1066 1122 1
1067 438 1
1067 439 1
1067 440 1
1067 441 1
1067 442 1
1067 443 1
1067 444 1
1067 445 1
1067 446 1
1067 447 1
1067 1180 1
1068 448 1
1068 449 1
1068 450 1
1068 451 1
1068 452 1
1068 453 1
1068 454 1
1068 455 1
1068 456 1
1068 457 1
1068 1122 1
1069 458 1
1069 459 1
1069 460 1
1069 461 1
1069 462 1
1069 463 1
1069 464 1
1069 465 1
1069 466 1
1069 467 1
1069 1180 1
1070 468 1
1070 469 1
1070 470 1
1070 471 1
1070 472 1
1070 473 1
1070 474 1
1070 475 1
1070 476 1
1070 477 1
1070 1123 1
1071 478 1
1071 479 1
1071 480 1
1071 481 1
1071 482 1
1071 483 1
1071 484 1
1071 485 1
1071 486 1
1071 487 1
1071 1181 1
1072 488 1
1072 489 1
1072 490 1
1072 491 1
1072 492 1
1072 493 1
1072 494 1
1072 495 1
1072 496 1
1072 497 1
1072 983 1
1072 1316 1
1073 498 1
1073 499 1
1073 502 1
1073 503 1
1073 505 1
1073 506 1
1073 507 1
1073 508 1
1073 509 1
1073 510 1
1073 1123 1
1074 511 1
1074 512 1
1074 513 1
1074 514 1
1074 515 1
1074 516 1
1074 517 1
1074 518 1
1074 519 1
1074 526 1
1074 1123 1
1075 522 1
1075 523 1
1075 524 1
1075 525 1
1075 528 1
1075 529 1
1075 530 1
1075 531 1
1075 534 1
1075 538 1
1075 1123 1
1076 535 1
1076 536 1
1076 537 1
1076 540 1
1076 541 1
1076 542 1
1076 543 1
1076 544 1
1076 545 1
1076 546 1
1076 1317 1
1077 547 1
1077 548 1
1077 549 1
1077 550 1
1077 551 1
1077 552 1
1077 553 1
1077 554 1
1077 555 1
1077 556 1
1077 1317 1
1078 557 1
1078 558 1
1078 559 1
1078 560 1
1078 561 1
1078 562 1
1078 563 1
1078 564 1
1078 565 1
1078 566 1
1078 1123 1
1079 567 1
1079 568 1
1079 569 1
1079 570 1
1079 571 1
1079 572 1
1079 573 1
1079 574 1
1079 575 1
1079 576 1
1079 1123 1
1080 256 1
1080 577 1
1080 578 1
1080 579 1
1080 580 1
1080 581 1
1080 582 1
1080 584 1
1080 585 1
1080 586 1
1080 1123 1
1081 257 1
1081 262 1
1081 587 1
1081 588 1
1081 589 1
1081 590 1
1081 591 1
1081 592 1
1081 593 1
1081 594 1
1081 1123 1
1082 595 1
1082 596 1
1082 597 1
1082 598 1
1082 599 1
1082 600 1
1082 601 1
1082 602 1
1082 603 1
1082 604 1
1082 1123 1
1083 605 1
1083 606 1
1083 607 1
1083 608 1
1083 609 1
1083 610 1
1083 611 1
1083 612 1
1083 613 1
1083 614 1
1083 1123 1
1084 615 1
1084 616 1
1084 617 1
1084 618 1
1084 619 1
1084 620 1
1084 621 1
1084 622 1
1084 623 1
1084 624 1
1084 1124 1
1085 625 1
1085 626 1
1085 627 1
1085 628 1
1085 629 1
1085 630 1
1085 631 1
1085 632 1
1085 633 1
1085 634 1
1085 1124 1
1086 635 1
1086 636 1
1086 637 1
1086 638 1
1086 639 1
1086 640 1
1086 641 1
1086 642 1
1086 643 1
1086 644 1
1086 1124 1
1087 645 1
1087 646 1
1087 647 1
1087 648 1
1087 649 1
1087 650 1
1087 651 1
1087 652 1
1087 653 1
1087 654 1
1087 1124 1
1088 655 1
1088 656 1
1088 657 1
1088 658 1
1088 659 1
1088 660 1
1088 661 1
1088 662 1
1088 663 1
1088 664 1
1088 1124 1
1089 665 1
1089 666 1
1089 667 1
1089 668 1
1089 669 1
1089 670 1
1089 671 1
1089 672 1
1089 673 1
1089 674 1
1089 1124 1
1090 675 1
1090 676 1
1090 677 1
1090 678 1
1090 679 1
1090 680 1
1090 681 1
1090 682 1
1090 683 1
1090 684 1
1090 1124 1
1091 520 1
1091 527 1
1091 685 1
1091 686 1
1091 687 1
1091 688 1
1091 689 1
1091 690 1
1091 693 1
1091 697 1
1091 1124 1
1092 521 1
1092 695 1
1092 696 1
1092 698 1
1092 699 1
1092 700 1
1092 701 1
1092 810 1
1092 811 1
1092 816 1
1092 1124 1
1093 702 1
1093 704 1
1093 707 1
1093 708 1
1093 709 1
1093 710 1
1093 711 1
1093 712 1
1093 715 1
1093 719 1
1093 1124 1
1094 716 1
1094 717 1
1094 718 1
1094 721 1
1094 722 1
1094 723 1
1094 724 1
1094 725 1
1094 726 1
1094 727 1
1094 1125 1
1095 728 1
1095 731 1
1095 732 1
1095 733 1
1095 734 1
1095 735 1
1095 737 1
1095 738 1
1095 739 1
1095 740 1
1095 1125 1
1096 741 1
1096 743 1
1096 744 1
1096 745 1
1096 746 1
1096 749 1
1096 751 1
1096 752 1
1096 753 1
1096 754 1
1096 1125 1
1097 755 1
1097 756 1
1097 757 1
1097 758 1
1097 759 1
1097 760 1
1097 761 1
1097 762 1
1097 763 1
1097 764 1
1097 1125 1
1098 765 1
1098 766 1
1098 767 1
1098 768 1
1098 769 1
1098 770 1
1098 771 1
1098 772 1
1098 773 1
1098 774 1
1098 1125 1
1099 776 1
1099 779 1
1099 780 1
1099 781 1
1099 782 1
1099 783 1
1099 784 1
1099 785 1
1099 786 1
1099 787 1
1099 1125 1
1100 788 1
1100 791 1
1100 792 1
1100 793 1
1100 795 1
1100 796 1
1100 797 1
1100 798 1
1100 804 1
1100 813 1
1100 1125 1
1101 808 1
1101 809 1
1101 814 1
1101 815 1
1101 817 1
1101 819 1
1101 822 1
1101 825 1
1101 827 1
1101 828 1
1101 1125 1
1102 829 1
1102 830 1
1102 831 1
1102 832 1
1102 833 1
1102 834 1
1102 835 1
1102 836 1
1102 837 1
1102 838 1
1102 1125 1
1103 839 1
1103 840 1
1103 841 1
1103 842 1
1103 843 1
1103 846 1
1103 848 1
1103 851 1
1103 852 1
1103 853 1
1103 1125 1
1104 849 1
1104 850 1
1104 854 1
1104 855 1
1104 856 1
1104 857 1
1104 858 1
1104 962 1
1104 963 1
1104 964 1
1104 1126 1
1105 859 1
1105 860 1
1105 861 1
1105 862 1
1105 863 1
1105 864 1
1105 865 1
1105 866 1
1105 867 1
1105 868 1
1105 1126 1
1106 869 1
1106 870 1
1106 871 1
1106 872 1
1106 873 1
1106 874 1
1106 875 1
1106 876 1
1106 877 1
1106 878 1
1106 1126 1
1107 879 1
1107 880 1
1107 881 1
1107 882 1
1107 883 1
1107 884 1
1107 885 1
1107 886 1
1107 887 1
1107 888 1
1107 1126 1
1108 889 1
1108 890 1
1108 891 1
1108 892 1
1108 893 1
1108 894 1
1108 895 1
1108 896 1
1108 897 1
1108 898 1
1108 1126 1
1109 899 1
1109 900 1
1109 901 1
1109 902 1
1109 903 1
1109 904 1
1109 905 1
1109 906 1
1109 907 1
1109 908 1
1109 1126 1
1110 909 1
1110 910 1
1110 911 1
1110 912 1
1110 913 1
1110 914 1
1110 915 1
1110 916 1
1110 917 1
1110 918 1
1110 1126 1
1111 919 1
1111 920 1
1111 921 1
1111 922 1
1111 923 1
1111 924 1
1111 925 1
1111 926 1
1111 927 1
1111 928 1
1111 1126 1
1112 929 1
1112 930 1
1112 931 1
1112 932 1
1112 933 1
1112 934 1
1112 935 1
1112 936 1
1112 937 1
1112 938 1
1112 1126 1
1113 939 1
1113 940 1
1113 941 1
1113 942 1
1113 943 1
1113 944 1
1113 945 1
1113 946 1
1113 947 1
1113 948 1
1113 1126 1
1114 949 1
1114 950 1
1114 951 1
1114 952 1
1114 953 1
1114 954 1
1114 955 1
1114 956 1
1114 957 1
1114 958 1
1114 1127 1
1115 959 1
1115 960 1
1115 961 1
1115 969 1
1115 970 1
1115 971 1
1115 973 1
1115 975 1
1115 982 1
1115 1127 1
1116 985 1
1116 988 1
1116 989 1
1116 990 1
1116 991 1
1116 992 1
1116 993 1
1116 994 1
1116 995 1
1116 1127 1
1117 996 1
1117 997 1
1117 998 1
1117 999 1
1117 1000 1
1117 1001 1
1117 1002 1
1117 1003 1
1117 1004 1
1117 1005 1
1117 1127 1
1118 268 1
1118 1006 1
1118 1007 1
1118 1008 1
1118 1009 1
1118 1010 1
1118 1011 1
1118 1012 1
1118 1013 1
1118 1014 1
1118 1127 1
1119 532 1
1119 533 1
1119 539 1
1119 691 1
1119 692 1
1119 694 1
1119 713 1
1119 720 1
1119 1020 1
1119 1022 1
1119 1127 1
1120 1019 1
1120 1024 1
1120 1025 1
1120 1026 1
1120 1027 1
1120 1028 1
1120 1029 1
1120 1030 1
1120 1031 1
1120 1032 1
1120 1127 1
1121 1033 1
1121 1034 1
1121 1035 1
1121 1036 1
1121 1037 1
1121 1038 1
1121 1039 1
1121 1040 1
1121 1041 1
1121 1042 1
1121 1127 1
1122 1043 1
1122 1044 1
1122 1045 1
1122 1046 1
1122 1047 1
1122 1054 1
1122 1056 1
1122 1058 1
1122 1066 1
1122 1068 1
1122 1127 1
1123 1070 1
1123 1073 1
1123 1074 1
1123 1075 1
1123 1078 1
1123 1079 1
1123 1080 1
1123 1081 1
1123 1082 1
1123 1083 1
1123 1127 1
1124 1084 1
1124 1085 1
1124 1086 1
1124 1087 1
1124 1088 1
1124 1089 1
1124 1090 1
1124 1091 1
1124 1092 1
1124 1093 1
1124 1128 1
1125 1094 1
1125 1095 1
1125 1096 1
1125 1097 1
1125 1098 1
1125 1099 1
1125 1100 1
1125 1101 1
1125 1102 1
1125 1103 1
1125 1128 1
1126 1104 1
1126 1105 1
1126 1106 1
1126 1107 1
1126 1108 1
1126 1109 1
1126 1110 1
1126 1111 1
1126 1112 1
1126 1113 1
1126 1128 1
1127 1114 1
1127 1115 1
1127 1116 1
1127 1117 1
1127 1118 1
1127 1119 1
1127 1120 1
1127 1121 1
1127 1122 1
1127 1123 1
1127 1128 1
1128 1124 1
1128 1125 1
1128 1126 1
1128 1127 1
1128 1129 1
1129 1128 1
1129 1134 1
1130 1144 1
1131 1154 1
1132 1166 1
1133 1178 1
1134 1129 1
1134 1190 1
1135 1200 1
1136 1210 1
1137 1220 1
1138 1230 1
1139 1240 1
1140 1250 1
1141 1318 1
1142 1319 1
1143 1320 1
1144 1130 1
1144 1321 1
1145 1322 1
1146 1323 1
1147 1324 1
1148 1325 1
1149 1253 1
1150 1254 1
1151 1267 1
1152 1277 1
1153 1287 1
1154 1131 1
1154 1297 1
1155 1326 1
1156 1327 1
1157 1328 1
1158 1329 1
1159 1330 1
1160 1331 1
1161 1332 1
1162 1333 1
1163 1334 1
1164 1335 1
1165 1336 1
1166 1132 1
1166 1337 1
1167 1338 1
1168 1339 1
1169 1340 1
1170 1341 1
1171 1342 1
1172 1343 1
1173 1344 1
1174 1345 1
1175 1346 1
1176 714 1
1176 729 1
1176 1347 1
1177 730 1
1177 736 1
1177 750 1
1177 789 1
1177 790 1
1177 794 1
1177 800 1
1177 801 1
1177 805 1
1177 820 1
1177 1348 1
1178 821 1
1178 826 1
1178 844 1
1178 845 1
1178 847 1
1178 967 1
1178 968 1
1178 972 1
1178 1015 1
1178 1021 1
1178 1133 1
1178 1349 1
1179 1016 1
1179 1017 1
1179 1018 1
1179 1023 1
1179 1048 1
1179 1049 1
1179 1050 1
1179 1051 1
1179 1055 1
1179 1057 1
1179 1350 1
1180 1052 1
1180 1053 1
1180 1059 1
1180 1060 1
1180 1061 1
1180 1062 1
1180 1063 1
1180 1064 1
1180 1067 1
1180 1069 1
1180 1351 1
1181 1065 1
1181 1071 1
1181 1352 1
1182 1353 1
1183 1354 1
1184 1355 1
1185 1356 1
1186 1357 1
1187 1358 1
1188 1359 1
1189 1360 1
1190 1134 1
1190 1361 1
1191 1362 1
1192 1363 1
1193 1364 1
1194 1365 1
1195 1366 1
1196 1367 1
1197 1368 1
1198 1369 1
1199 1370 1
1200 1135 1
1200 1371 1
1201 1372 1
1202 1373 1
1203 803 1
1203 823 1
1203 1374 1
1204 1375 1
1205 1376 1
1206 1377 1
1207 1378 1
1208 1379 1
1209 1380 1
1210 1136 1
1210 1381 1
1211 1382 1
1212 1383 1
1213 1384 1
1214 1385 1
1215 1386 1
1216 1387 1
1217 1388 1
1218 1389 1
1219 1390 1
1220 1137 1
1220 1391 1
1221 1392 1
1222 1393 1
1223 1394 1
1224 1395 1
1225 1396 1
1226 1397 1
1227 1398 1
1228 1399 1
1229 1400 1
1230 818 1
1230 1138 1
1230 1401 1
1231 1402 1
1232 1403 1
1233 1404 1
1234 977 1
1234 1405 1
1235 1406 1
1236 1407 1
1237 1408 1
1238 1409 1
1239 1410 1
1240 1139 1
1240 1411 1
1241 1412 1
1242 1413 1
1243 1414 1
1244 1257 1
1245 1415 1
1246 1416 1
1247 1417 1
1248 1258 1
1249 1418 1
1250 1140 1
1250 1419 1
1251 1420 1
1252 1421 1
1253 1149 1
1253 1422 1
1254 1150 1
1254 1423 1
1255 1424 1
1256 1425 1
1257 1244 1
1257 1426 1
1258 1248 1
1258 1427 1
1259 1428 1
1260 1429 1
1261 1430 1
1262 1431 1
1263 1432 1
1264 1433 1
1265 1434 1
1266 1435 1
1267 1151 1
1267 1436 1
1268 1437 1
1269 1438 1
1270 1439 1
1271 1440 1
1272 1441 1
1273 1442 1
1274 1443 1
1275 1444 1
1276 1445 1
1277 1152 1
1277 1446 1
1278 1447 1
1279 1448 1
1280 1449 1
1281 1450 1
1282 1451 1
1283 1452 1
1284 114 1
1284 1453 1
1285 1454 1
1286 1455 1
1287 1153 1
1287 1456 1
1288 1457 1
1289 1458 1
1290 1459 1
1291 1460 1
1292 1461 1
1293 1462 1
1294 1463 1
1295 1464 1
1296 1465 1
1297 1154 1
1297 1466 1
1298 1467 1
1299 500 1
1300 501 1
1301 504 1
1302 703 1
1303 705 1
1304 706 1
1305 747 1
1306 778 1
1307 802 1
1308 812 1
1309 965 1
1310 966 1
1311 979 1
1312 980 1
1313 981 1
1314 986 1
1315 987 1
1316 1072 1
1317 1076 1
1317 1077 1
1318 1141 1
1319 1142 1
1320 1143 1
1321 1144 1
1322 1145 1
1323 1146 1
1324 1147 1
1325 1148 1
1326 1155 1
1327 1156 1
1328 1157 1
1329 1158 1
1330 1159 1
1331 1160 1
1332 1161 1
1333 1162 1
1334 1163 1
1335 1164 1
1336 1165 1
1337 1166 1
1338 1167 1
1339 1168 1
1340 1169 1
1341 1170 1
1342 1171 1
1343 1172 1
1344 1173 1
1345 1174 1
1346 1175 1
1347 1176 1
1348 1177 1
1349 1178 1
1350 1179 1
1351 1180 1
1352 1181 1
1353 1182 1
1354 1183 1
1355 1184 1
1356 1185 1
1357 1186 1
1358 1187 1
1359 1188 1
1360 1189 1
1361 1190 1
1362 1191 1
1363 1192 1
1364 1193 1
1365 1194 1
1366 1195 1
1367 1196 1
1368 1197 1
1369 1198 1
1370 1199 1
1371 1200 1
1372 1201 1
1373 1202 1
1374 1203 1
1375 1204 1
1376 1205 1
1377 1206 1
1378 1207 1
1379 1208 1
1380 1209 1
1381 1210 1
1382 1211 1
1383 1212 1
1384 1213 1
1385 1214 1
1386 1215 1
1387 1216 1
1388 1217 1
1389 1218 1
1390 1219 1
1391 1220 1
1392 1221 1
1393 1222 1
1394 1223 1
1395 1224 1
1396 1225 1
1397 1226 1
1398 1227 1
1399 1228 1
1400 1229 1
1401 1230 1
1402 1231 1
1403 1232 1
1404 1233 1
1405 1234 1
1406 1235 1
1407 1236 1
1408 1237 1
1409 1238 1
1410 1239 1
1411 1240 1
1412 1241 1
1413 1242 1
1414 1243 1
1415 1245 1
1416 1246 1
1417 1247 1
1418 1249 1
1419 1250 1
1420 1251 1
1421 1252 1
1422 1253 1
1423 1254 1
1424 1255 1
1425 1256 1
1426 1257 1
1427 1258 1
1428 1259 1
1429 1260 1
1430 1261 1
1431 1262 1
1432 1263 1
1433 1264 1
1434 1265 1
1435 1266 1
1436 1267 1
1437 1268 1
1438 1269 1
1439 1270 1
1440 1271 1
1441 1272 1
1442 1273 1
1443 1274 1
1444 1275 1
1445 1276 1
1446 1277 1
1447 1278 1
1448 1279 1
1449 1280 1
1450 1281 1
1451 1282 1
1452 1283 1
1453 1284 1
1454 1285 1
1455 1286 1
1456 1287 1
1457 1288 1
1458 1289 1
1459 1290 1
1460 1291 1
1461 1292 1
1462 1293 1
1463 1294 1
1464 1295 1
1465 1296 1
1466 1297 1
1467 1298 1
