1 2 1
2 1 1
2 3 1
2 16 1
3 2 1
3 4 1
4 3 1
4 892 1
4 893 1
5 6 1
5 737 1
6 5 1
6 7 1
6 20 1
6 21 1
6 377 1
6 412 1
6 413 1
6 894 1
7 6 1
7 8 1
7 435 1
7 436 1
7 502 1
8 7 1
8 9 1
8 483 1
8 502 1
8 838 1
9 8 1
9 10 1
9 482 1
9 502 1
10 9 1
10 11 1
10 895 1
11 10 1
11 12 1
11 25 1
11 28 1
11 501 1
12 11 1
12 13 1
12 896 1
12 897 1
13 12 1
13 32 1
14 15 1
15 14 1
15 16 1
16 2 1
16 15 1
16 17 1
17 16 1
17 18 1
17 898 1
18 17 1
18 19 1
18 360 1
18 899 1
18 900 1
19 18 1
19 901 1
20 6 1
20 375 1
20 902 1
21 6 1
21 22 1
21 483 1
21 484 1
21 860 1
21 903 1
22 21 1
22 23 1
22 904 1
23 22 1
23 24 1
24 23 1
24 25 1
25 11 1
25 24 1
25 26 1
25 502 1
26 25 1
26 27 1
27 26 1
27 28 1
28 11 1
28 27 1
28 29 1
29 28 1
29 30 1
30 29 1
30 31 1
31 30 1
31 32 1
32 13 1
32 31 1
32 905 1
33 34 1
33 362 1
34 33 1
34 35 1
34 906 1
35 34 1
35 36 1
35 556 1
35 810 1
35 907 1
36 35 1
36 37 1
37 36 1
37 38 1
37 378 1
37 379 1
37 556 1
37 734 1
37 908 1
37 909 1
38 37 1
38 39 1
39 38 1
39 40 1
40 39 1
40 41 1
40 734 1
40 738 1
40 909 1
41 40 1
41 42 1
41 48 1
41 49 1
41 377 1
41 413 1
41 414 1
42 41 1
42 43 1
43 42 1
43 44 1
43 910 1
44 43 1
44 45 1
44 894 1
44 911 1
44 912 1
45 44 1
45 46 1
45 69 1
45 441 1
45 913 1
46 45 1
46 47 1
46 70 1
47 46 1
47 48 1
47 557 1
47 911 1
48 41 1
48 47 1
48 49 1
48 557 1
49 41 1
49 48 1
49 50 1
49 484 1
49 914 1
50 49 1
50 51 1
51 50 1
51 52 1
51 557 1
52 51 1
52 53 1
52 486 1
53 52 1
53 54 1
54 53 1
54 55 1
54 486 1
54 487 1
54 915 1
55 54 1
55 82 1
55 487 1
55 503 1
56 57 1
57 56 1
57 916 1
58 59 1
59 58 1
59 917 1
59 918 1
60 61 1
60 363 1
60 377 1
60 714 1
61 60 1
61 62 1
61 363 1
61 919 1
61 920 1
62 61 1
62 63 1
63 62 1
63 64 1
64 63 1
64 65 1
64 907 1
64 921 1
65 64 1
65 66 1
65 380 1
65 381 1
65 558 1
65 922 1
66 65 1
66 67 1
66 383 1
66 415 1
66 923 1
66 924 1
67 66 1
67 68 1
68 67 1
68 69 1
68 588 1
68 910 1
69 45 1
69 68 1
69 925 1
70 46 1
70 71 1
71 70 1
71 72 1
71 441 1
72 71 1
72 73 1
73 72 1
73 74 1
73 926 1
74 73 1
74 75 1
75 74 1
75 76 1
76 75 1
76 77 1
77 76 1
77 78 1
77 486 1
77 487 1
77 927 1
77 928 1
78 77 1
78 79 1
79 78 1
79 80 1
79 929 1
80 79 1
80 81 1
80 111 1
80 112 1
81 80 1
81 82 1
81 930 1
82 55 1
82 81 1
82 147 1
82 931 1
83 84 1
84 83 1
84 85 1
85 84 1
85 86 1
86 85 1
86 87 1
86 538 1
86 684 1
87 86 1
87 88 1
88 87 1
88 89 1
89 88 1
89 349 1
89 534 1
89 932 1
90 91 1
91 90 1
91 92 1
91 933 1
92 91 1
92 93 1
93 92 1
93 94 1
94 93 1
94 95 1
95 94 1
95 96 1
96 95 1
96 97 1
96 131 1
96 558 1
96 934 1
97 96 1
97 98 1
97 366 1
97 367 1
98 97 1
98 99 1
99 98 1
99 100 1
99 921 1
100 99 1
100 101 1
101 100 1
101 102 1
101 588 1
101 589 1
101 923 1
102 101 1
102 103 1
102 416 1
102 604 1
102 740 1
102 935 1
103 102 1
103 104 1
103 138 1
103 589 1
103 590 1
103 821 1
103 936 1
103 937 1
104 103 1
104 105 1
104 938 1
105 104 1
105 106 1
105 840 1
106 105 1
106 107 1
106 939 1
106 940 1
106 941 1
106 942 1
107 106 1
107 108 1
108 107 1
108 109 1
108 750 1
109 108 1
109 110 1
110 109 1
110 111 1
111 80 1
111 110 1
111 143 1
111 927 1
112 80 1
112 113 1
113 112 1
113 114 1
113 144 1
113 943 1
114 113 1
114 115 1
115 114 1
115 116 1
116 115 1
116 117 1
116 878 1
117 116 1
117 118 1
117 878 1
118 117 1
118 119 1
118 944 1
119 118 1
119 945 1
119 946 1
120 121 1
120 947 1
121 120 1
121 122 1
121 948 1
122 121 1
122 123 1
123 122 1
123 512 1
124 125 1
125 124 1
125 126 1
125 157 1
125 949 1
126 125 1
126 127 1
127 126 1
127 128 1
128 127 1
128 129 1
128 950 1
129 128 1
129 951 1
130 131 1
130 715 1
130 934 1
131 96 1
131 130 1
131 132 1
131 161 1
131 163 1
131 368 1
131 952 1
131 953 1
132 131 1
132 133 1
132 954 1
133 132 1
133 134 1
133 388 1
133 955 1
134 133 1
134 135 1
135 134 1
135 136 1
135 170 1
135 417 1
135 600 1
135 623 1
135 956 1
136 135 1
136 137 1
137 136 1
137 138 1
137 448 1
137 449 1
137 742 1
138 103 1
138 137 1
138 139 1
138 448 1
138 938 1
138 957 1
139 138 1
139 140 1
139 610 1
139 751 1
139 958 1
140 139 1
140 141 1
141 140 1
141 142 1
142 141 1
142 143 1
142 488 1
143 111 1
143 142 1
143 943 1
144 113 1
144 145 1
145 144 1
145 146 1
145 959 1
146 145 1
146 147 1
147 82 1
147 146 1
147 148 1
148 147 1
148 149 1
148 960 1
149 148 1
149 150 1
149 961 1
150 149 1
150 961 1
151 152 1
151 515 1
152 151 1
152 153 1
153 152 1
153 154 1
153 200 1
154 153 1
154 155 1
155 154 1
155 156 1
156 155 1
156 202 1
157 125 1
157 348 1
157 962 1
157 963 1
157 964 1
158 159 1
159 158 1
159 160 1
160 159 1
160 161 1
160 723 1
161 131 1
161 160 1
161 162 1
162 161 1
162 163 1
163 131 1
163 162 1
163 164 1
163 369 1
164 163 1
164 165 1
165 164 1
165 166 1
165 389 1
165 954 1
165 955 1
166 165 1
166 167 1
167 166 1
167 168 1
168 167 1
168 169 1
169 168 1
169 623 1
169 956 1
169 965 1
170 135 1
170 171 1
170 450 1
171 170 1
171 172 1
171 418 1
171 450 1
171 818 1
171 966 1
172 171 1
172 173 1
172 224 1
172 225 1
172 450 1
172 824 1
172 967 1
173 172 1
173 174 1
174 173 1
174 175 1
175 174 1
175 176 1
176 175 1
176 177 1
177 176 1
177 178 1
177 179 1
177 968 1
178 177 1
178 179 1
178 969 1
179 177 1
179 178 1
179 180 1
179 490 1
179 609 1
179 970 1
180 179 1
180 181 1
180 971 1
181 180 1
181 182 1
181 488 1
181 861 1
182 181 1
182 183 1
182 971 1
183 182 1
183 184 1
183 185 1
184 183 1
184 185 1
184 972 1
185 183 1
185 184 1
185 186 1
185 187 1
185 862 1
186 185 1
186 187 1
186 973 1
187 185 1
187 186 1
187 188 1
187 231 1
187 972 1
188 187 1
188 189 1
188 232 1
188 233 1
189 188 1
189 190 1
190 189 1
190 191 1
191 190 1
191 192 1
192 191 1
192 193 1
193 192 1
193 194 1
194 193 1
194 195 1
194 236 1
194 515 1
195 194 1
195 196 1
195 197 1
195 974 1
195 975 1
195 976 1
196 195 1
196 197 1
197 195 1
197 196 1
197 198 1
197 977 1
197 978 1
198 197 1
198 199 1
199 198 1
199 979 1
200 153 1
200 201 1
201 200 1
201 202 1
201 766 1
202 156 1
202 201 1
202 890 1
203 204 1
204 203 1
204 237 1
205 206 1
206 205 1
206 207 1
207 206 1
207 208 1
207 274 1
207 980 1
208 207 1
208 209 1
209 208 1
209 210 1
210 209 1
210 211 1
211 210 1
211 212 1
211 612 1
212 211 1
212 213 1
213 212 1
213 214 1
213 687 1
214 213 1
214 215 1
214 692 1
215 214 1
215 216 1
215 617 1
215 981 1
216 215 1
216 217 1
217 216 1
217 218 1
218 217 1
218 710 1
218 982 1
218 983 1
219 220 1
219 984 1
219 985 1
219 986 1
220 219 1
220 221 1
220 369 1
221 220 1
221 222 1
222 221 1
222 223 1
222 370 1
222 389 1
223 222 1
223 224 1
223 392 1
223 987 1
223 988 1
224 172 1
224 223 1
224 818 1
225 172 1
225 226 1
225 989 1
226 225 1
226 227 1
226 452 1
226 624 1
226 625 1
226 967 1
226 968 1
226 990 1
227 226 1
227 228 1
227 991 1
228 227 1
228 229 1
228 992 1
229 228 1
229 230 1
230 229 1
230 231 1
230 491 1
230 864 1
230 970 1
231 187 1
231 230 1
231 232 1
231 493 1
231 504 1
232 188 1
232 231 1
232 993 1
233 188 1
233 234 1
234 233 1
234 235 1
235 234 1
235 236 1
236 194 1
236 235 1
236 263 1
236 974 1
236 994 1
237 204 1
237 238 1
238 237 1
238 995 1
239 240 1
239 996 1
240 239 1
240 241 1
240 370 1
240 619 1
240 803 1
241 240 1
241 242 1
241 372 1
241 803 1
241 997 1
242 241 1
242 243 1
243 242 1
243 244 1
244 243 1
244 245 1
245 244 1
245 246 1
246 245 1
246 247 1
246 424 1
246 998 1
247 246 1
247 248 1
248 247 1
248 249 1
249 248 1
249 250 1
249 644 1
249 743 1
250 249 1
250 251 1
251 250 1
251 252 1
251 460 1
252 251 1
252 253 1
252 459 1
252 462 1
252 999 1
252 1000 1
253 252 1
253 254 1
254 253 1
254 255 1
254 495 1
255 254 1
255 256 1
255 648 1
256 255 1
256 257 1
256 496 1
256 1001 1
257 256 1
257 258 1
257 652 1
257 1002 1
258 257 1
258 259 1
259 258 1
259 260 1
260 259 1
260 261 1
261 260 1
261 262 1
262 261 1
262 263 1
263 236 1
263 262 1
263 516 1
264 265 1
264 270 1
264 1003 1
264 1004 1
264 1005 1
265 264 1
265 266 1
265 619 1
266 265 1
266 267 1
266 1006 1
267 266 1
267 268 1
267 273 1
267 277 1
267 397 1
267 398 1
268 267 1
268 649 1
268 745 1
268 1007 1
269 498 1
269 1008 1
270 264 1
270 271 1
270 276 1
270 280 1
270 292 1
270 373 1
270 717 1
270 1009 1
270 1010 1
270 1011 1
271 270 1
271 272 1
272 271 1
272 273 1
273 267 1
273 272 1
273 1012 1
274 207 1
274 275 1
275 274 1
275 1003 1
276 270 1
276 277 1
277 267 1
277 276 1
277 278 1
277 1013 1
278 277 1
278 279 1
279 278 1
279 1014 1
280 270 1
280 281 1
280 1012 1
280 1015 1
281 280 1
281 671 1
281 1016 1
282 283 1
282 296 1
282 1017 1
283 282 1
283 284 1
284 283 1
284 285 1
285 284 1
285 286 1
286 285 1
286 287 1
287 286 1
287 288 1
287 469 1
287 1018 1
288 287 1
288 289 1
288 772 1
289 288 1
289 290 1
290 289 1
290 291 1
291 290 1
291 1019 1
292 270 1
292 293 1
293 292 1
293 294 1
294 293 1
294 295 1
294 1013 1
295 294 1
295 296 1
295 302 1
296 282 1
296 295 1
296 297 1
297 296 1
297 298 1
298 297 1
298 299 1
298 1020 1
299 298 1
299 774 1
299 1021 1
300 301 1
300 374 1
300 1022 1
301 300 1
301 302 1
301 727 1
301 1015 1
302 295 1
302 301 1
302 303 1
302 399 1
303 302 1
303 304 1
304 303 1
304 305 1
305 304 1
305 306 1
306 305 1
306 307 1
307 306 1
307 308 1
308 307 1
308 309 1
309 308 1
309 471 1
310 311 1
310 374 1
310 1023 1
311 310 1
311 312 1
312 311 1
312 313 1
313 312 1
313 314 1
314 313 1
314 315 1
315 314 1
315 316 1
315 323 1
316 315 1
316 317 1
316 1024 1
317 316 1
317 318 1
317 1025 1
318 317 1
318 319 1
318 779 1
318 1026 1
319 318 1
319 320 1
319 779 1
320 319 1
320 478 1
320 781 1
320 1027 1
320 1028 1
321 322 1
321 329 1
321 1023 1
321 1029 1
322 321 1
322 323 1
322 1030 1
323 315 1
323 322 1
323 324 1
323 330 1
324 323 1
324 325 1
325 324 1
325 326 1
326 325 1
326 327 1
326 406 1
326 787 1
327 326 1
327 328 1
327 1025 1
327 1031 1
328 327 1
328 1032 1
329 321 1
329 330 1
330 323 1
330 329 1
330 331 1
330 1033 1
331 330 1
331 332 1
332 331 1
332 410 1
332 1034 1
332 1035 1
333 1036 1
334 335 1
335 334 1
335 336 1
336 335 1
336 337 1
337 336 1
337 338 1
338 337 1
338 339 1
338 544 1
338 1037 1
339 338 1
339 340 1
340 339 1
340 341 1
341 340 1
341 686 1
341 1038 1
342 343 1
343 342 1
343 344 1
344 343 1
344 1039 1
344 1040 1
345 346 1
346 345 1
346 347 1
346 1041 1
347 346 1
347 552 1
347 1042 1
348 157 1
348 680 1
348 932 1
349 89 1
349 350 1
349 709 1
349 1043 1
350 349 1
350 683 1
350 1044 1
351 619 1
351 804 1
351 809 1
351 1004 1
352 353 1
352 1045 1
353 352 1
353 354 1
354 353 1
354 1039 1
355 356 1
356 355 1
356 357 1
357 356 1
357 358 1
358 357 1
358 359 1
359 358 1
359 899 1
360 18 1
360 361 1
360 1046 1
361 360 1
361 893 1
361 1047 1
362 33 1
362 919 1
363 60 1
363 61 1
363 364 1
363 799 1
364 363 1
364 365 1
365 364 1
365 366 1
366 97 1
366 365 1
366 921 1
367 97 1
367 368 1
368 131 1
368 367 1
368 595 1
369 163 1
369 220 1
369 370 1
369 389 1
370 222 1
370 240 1
370 369 1
370 371 1
370 814 1
370 985 1
370 1048 1
371 370 1
371 372 1
371 411 1
371 431 1
372 241 1
372 371 1
372 1006 1
372 1010 1
373 270 1
373 1022 1
374 300 1
374 310 1
374 720 1
375 20 1
375 376 1
375 726 1
375 816 1
376 375 1
376 377 1
377 6 1
377 41 1
377 60 1
377 376 1
377 378 1
378 37 1
378 377 1
378 811 1
379 37 1
379 380 1
379 734 1
379 1049 1
380 65 1
380 379 1
380 1050 1
381 65 1
381 382 1
382 381 1
382 383 1
382 921 1
382 923 1
382 1051 1
383 66 1
383 382 1
383 384 1
384 383 1
384 385 1
385 384 1
385 386 1
386 385 1
386 387 1
387 386 1
387 388 1
387 602 1
387 952 1
388 133 1
388 387 1
388 596 1
389 165 1
389 222 1
389 369 1
389 390 1
389 620 1
390 389 1
390 391 1
391 390 1
391 987 1
392 223 1
392 393 1
392 634 1
392 1048 1
393 392 1
393 394 1
393 812 1
393 1048 1
394 393 1
394 395 1
395 394 1
395 396 1
396 395 1
396 397 1
396 423 1
396 814 1
397 267 1
397 396 1
397 398 1
397 1052 1
398 267 1
398 397 1
398 425 1
399 302 1
399 400 1
400 399 1
400 401 1
401 400 1
401 402 1
402 401 1
402 403 1
402 471 1
402 778 1
403 402 1
403 404 1
403 475 1
403 778 1
403 1053 1
404 403 1
404 405 1
405 404 1
405 1026 1
405 1054 1
406 326 1
406 407 1
406 790 1
407 406 1
407 408 1
408 407 1
408 409 1
409 408 1
409 1035 1
409 1055 1
410 332 1
410 1056 1
411 371 1
411 412 1
412 6 1
412 411 1
412 434 1
412 435 1
412 902 1
413 6 1
413 41 1
413 733 1
413 902 1
413 909 1
414 41 1
414 415 1
414 738 1
415 66 1
415 414 1
415 935 1
416 102 1
416 417 1
417 135 1
417 416 1
417 600 1
417 601 1
417 605 1
418 171 1
418 419 1
418 1057 1
419 418 1
419 420 1
419 1058 1
420 419 1
420 421 1
420 422 1
420 624 1
420 967 1
421 420 1
421 422 1
422 420 1
422 421 1
422 423 1
422 1059 1
423 396 1
423 422 1
423 644 1
423 998 1
424 246 1
424 425 1
425 398 1
425 424 1
425 426 1
425 1060 1
426 425 1
426 427 1
427 426 1
427 428 1
427 745 1
427 1061 1
428 427 1
428 429 1
429 428 1
429 430 1
430 429 1
430 1017 1
430 1062 1
431 371 1
431 432 1
432 431 1
432 433 1
433 432 1
433 434 1
433 747 1
434 412 1
434 433 1
434 435 1
435 7 1
435 412 1
435 434 1
435 551 1
436 7 1
436 437 1
437 436 1
437 438 1
438 437 1
438 439 1
438 556 1
439 438 1
439 440 1
440 439 1
440 911 1
441 45 1
441 71 1
441 442 1
442 441 1
442 443 1
442 1063 1
443 442 1
443 444 1
444 443 1
444 445 1
444 591 1
445 444 1
445 446 1
445 590 1
446 445 1
446 447 1
446 940 1
446 941 1
447 446 1
447 939 1
448 137 1
448 138 1
448 606 1
448 742 1
449 137 1
449 450 1
450 170 1
450 171 1
450 172 1
450 449 1
450 451 1
450 608 1
450 1064 1
451 450 1
451 990 1
452 226 1
452 453 1
453 452 1
453 454 1
453 823 1
454 453 1
454 455 1
454 637 1
454 645 1
454 991 1
454 1065 1
455 454 1
455 456 1
455 1066 1
455 1067 1
456 455 1
456 457 1
456 646 1
457 456 1
457 458 1
458 457 1
458 459 1
458 647 1
458 1000 1
458 1068 1
459 252 1
459 458 1
459 1069 1
460 251 1
460 461 1
460 651 1
461 460 1
461 462 1
462 252 1
462 461 1
462 463 1
462 497 1
462 1070 1
463 462 1
463 849 1
464 465 1
464 1071 1
465 464 1
465 466 1
465 1072 1
466 465 1
466 467 1
466 1073 1
467 466 1
467 468 1
468 467 1
468 1018 1
469 287 1
469 470 1
470 469 1
470 1020 1
471 309 1
471 402 1
471 472 1
471 1074 1
472 471 1
472 473 1
473 472 1
473 474 1
474 473 1
474 1053 1
475 403 1
475 476 1
476 475 1
476 477 1
477 476 1
477 1028 1
478 320 1
478 479 1
478 783 1
479 478 1
479 480 1
480 479 1
480 1031 1
481 482 1
481 527 1
482 9 1
482 481 1
482 1075 1
483 8 1
483 21 1
483 1076 1
483 1077 1
484 21 1
484 49 1
484 485 1
484 904 1
485 484 1
485 486 1
486 52 1
486 54 1
486 77 1
486 485 1
486 1078 1
487 54 1
487 55 1
487 77 1
487 927 1
488 142 1
488 181 1
488 489 1
488 490 1
489 488 1
489 490 1
490 179 1
490 488 1
490 489 1
490 609 1
490 611 1
491 230 1
491 492 1
492 491 1
492 493 1
492 991 1
493 231 1
493 492 1
493 494 1
494 493 1
494 999 1
494 1000 1
494 1079 1
494 1080 1
495 254 1
495 496 1
496 256 1
496 495 1
496 497 1
497 462 1
497 496 1
497 652 1
498 269 1
498 499 1
499 498 1
499 500 1
500 499 1
500 1071 1
501 11 1
501 529 1
501 530 1
501 895 1
502 7 1
502 8 1
502 9 1
502 25 1
502 503 1
503 55 1
503 502 1
503 753 1
504 231 1
504 505 1
504 642 1
504 643 1
504 993 1
505 504 1
505 506 1
506 505 1
506 507 1
507 506 1
507 508 1
507 518 1
508 507 1
508 509 1
508 1081 1
509 508 1
509 510 1
510 509 1
510 511 1
511 510 1
511 1082 1
512 123 1
512 947 1
513 514 1
514 513 1
514 944 1
514 961 1
515 151 1
515 194 1
515 885 1
515 975 1
516 263 1
516 658 1
516 659 1
517 518 1
518 507 1
518 517 1
518 519 1
518 881 1
519 518 1
519 520 1
519 764 1
519 1081 1
520 519 1
520 521 1
521 520 1
521 522 1
522 521 1
522 1083 1
523 524 1
524 523 1
524 525 1
524 1084 1
524 1085 1
525 524 1
525 526 1
526 525 1
526 1040 1
527 481 1
527 528 1
528 527 1
528 529 1
529 501 1
529 528 1
529 757 1
530 501 1
530 531 1
531 530 1
531 896 1
532 533 1
532 739 1
533 532 1
533 837 1
533 1086 1
534 89 1
534 535 1
534 707 1
534 708 1
534 1087 1
535 534 1
535 536 1
536 535 1
536 537 1
537 536 1
537 538 1
537 1088 1
538 86 1
538 537 1
538 539 1
538 559 1
539 538 1
539 540 1
540 539 1
540 541 1
541 540 1
541 542 1
542 541 1
542 543 1
542 1038 1
543 542 1
543 1089 1
544 338 1
544 545 1
545 544 1
545 546 1
546 545 1
546 547 1
546 1090 1
547 546 1
547 980 1
548 549 1
549 548 1
549 550 1
550 549 1
550 1075 1
551 435 1
551 1076 1
552 347 1
552 553 1
552 1091 1
553 552 1
553 554 1
554 553 1
554 555 1
555 554 1
555 900 1
556 35 1
556 37 1
556 438 1
556 726 1
557 47 1
557 48 1
557 51 1
557 748 1
558 65 1
558 96 1
558 714 1
558 1092 1
558 1093 1
559 538 1
559 560 1
560 559 1
560 561 1
561 560 1
561 562 1
562 561 1
562 563 1
563 562 1
563 564 1
564 563 1
564 1094 1
565 566 1
566 565 1
566 567 1
567 566 1
567 568 1
567 798 1
568 567 1
568 1095 1
569 570 1
570 569 1
570 1096 1
571 572 1
572 571 1
572 573 1
573 572 1
573 694 1
573 1097 1
574 575 1
575 574 1
575 576 1
576 575 1
576 1098 1
577 578 1
578 577 1
578 579 1
579 578 1
579 580 1
580 579 1
580 581 1
581 580 1
581 582 1
582 581 1
582 583 1
583 582 1
583 584 1
584 583 1
584 585 1
585 584 1
585 702 1
586 587 1
587 586 1
587 933 1
588 68 1
588 101 1
588 589 1
588 1063 1
589 101 1
589 103 1
589 588 1
589 590 1
590 103 1
590 445 1
590 589 1
590 913 1
591 444 1
591 592 1
592 591 1
592 926 1
593 594 1
594 593 1
594 934 1
595 368 1
595 596 1
595 1099 1
596 388 1
596 595 1
596 597 1
596 603 1
597 596 1
597 598 1
598 597 1
598 599 1
599 598 1
599 600 1
599 1100 1
600 135 1
600 417 1
600 599 1
600 965 1
601 417 1
601 1064 1
601 1101 1
602 387 1
602 603 1
603 596 1
603 602 1
603 604 1
604 102 1
604 603 1
604 1100 1
604 1102 1
605 417 1
605 936 1
606 448 1
606 607 1
606 1103 1
607 606 1
607 608 1
608 450 1
608 607 1
608 609 1
608 751 1
608 752 1
608 1104 1
609 179 1
609 490 1
609 608 1
609 1104 1
610 139 1
610 611 1
611 490 1
611 610 1
611 1105 1
612 211 1
612 613 1
613 612 1
613 614 1
614 613 1
614 615 1
615 614 1
615 616 1
616 615 1
616 981 1
617 215 1
617 618 1
617 693 1
617 982 1
618 617 1
618 1106 1
619 240 1
619 265 1
619 351 1
619 632 1
619 716 1
619 1107 1
620 389 1
620 621 1
621 620 1
621 622 1
622 621 1
622 623 1
623 135 1
623 169 1
623 622 1
623 818 1
624 226 1
624 420 1
624 636 1
625 226 1
625 626 1
626 625 1
626 627 1
627 626 1
627 628 1
627 992 1
628 627 1
628 629 1
629 628 1
629 630 1
630 629 1
630 631 1
630 862 1
630 1108 1
631 630 1
631 1109 1
632 619 1
632 633 1
632 996 1
632 1110 1
633 632 1
633 725 1
633 984 1
634 392 1
634 635 1
635 634 1
635 967 1
636 624 1
636 1065 1
637 454 1
637 638 1
638 637 1
638 639 1
638 647 1
638 991 1
639 638 1
639 1079 1
640 641 1
641 640 1
641 642 1
642 504 1
642 641 1
642 1111 1
643 504 1
643 994 1
644 249 1
644 423 1
644 645 1
645 454 1
645 644 1
645 1066 1
646 456 1
646 647 1
647 458 1
647 638 1
647 646 1
647 1000 1
648 255 1
648 1111 1
649 268 1
649 650 1
650 649 1
650 651 1
651 460 1
651 650 1
651 1070 1
651 1112 1
652 257 1
652 497 1
652 653 1
653 652 1
653 654 1
654 653 1
654 655 1
655 654 1
655 656 1
656 655 1
656 657 1
657 656 1
657 658 1
658 516 1
658 657 1
658 760 1
659 516 1
659 660 1
660 659 1
660 661 1
660 767 1
660 1113 1
660 1114 1
661 660 1
661 662 1
662 661 1
662 663 1
663 662 1
663 664 1
664 663 1
664 665 1
665 664 1
665 1115 1
666 667 1
667 666 1
667 668 1
668 667 1
668 669 1
669 668 1
669 1116 1
670 746 1
670 1007 1
670 1016 1
671 281 1
671 672 1
672 671 1
672 1072 1
673 674 1
674 673 1
674 675 1
675 674 1
675 676 1
676 675 1
676 677 1
677 676 1
677 678 1
678 677 1
678 679 1
679 678 1
679 1117 1
680 348 1
680 681 1
681 680 1
681 682 1
682 681 1
682 964 1
682 1044 1
683 350 1
683 684 1
684 86 1
684 683 1
684 685 1
685 684 1
685 1038 1
686 341 1
686 687 1
687 213 1
687 686 1
687 1118 1
688 689 1
689 688 1
689 690 1
690 689 1
690 691 1
691 690 1
691 1118 1
692 214 1
692 693 1
693 617 1
693 692 1
693 1106 1
694 573 1
694 695 1
695 694 1
695 696 1
696 695 1
696 697 1
697 696 1
697 698 1
698 697 1
698 699 1
699 698 1
699 1087 1
700 701 1
701 700 1
701 898 1
702 585 1
702 703 1
703 702 1
703 704 1
704 703 1
704 705 1
705 704 1
705 706 1
706 705 1
706 707 1
707 534 1
707 706 1
707 1119 1
708 534 1
708 1043 1
709 349 1
709 1120 1
710 218 1
710 711 1
711 710 1
711 1005 1
712 713 1
713 712 1
713 1041 1
714 60 1
714 558 1
714 799 1
715 130 1
715 802 1
716 619 1
716 1011 1
716 1121 1
716 1122 1
717 270 1
717 718 1
718 717 1
718 719 1
719 718 1
719 720 1
720 374 1
720 719 1
720 721 1
721 720 1
721 722 1
722 721 1
722 1029 1
723 160 1
723 724 1
724 723 1
724 986 1
725 633 1
725 997 1
726 375 1
726 556 1
726 1123 1
727 301 1
727 728 1
728 727 1
728 729 1
729 728 1
729 1024 1
730 731 1
731 730 1
731 732 1
732 731 1
732 733 1
733 413 1
733 732 1
733 908 1
733 1124 1
734 37 1
734 40 1
734 379 1
734 735 1
735 734 1
735 736 1
736 735 1
736 924 1
737 5 1
737 909 1
738 40 1
738 414 1
738 1051 1
739 532 1
739 902 1
739 1125 1
740 102 1
740 741 1
741 740 1
741 742 1
742 137 1
742 448 1
742 741 1
742 937 1
743 249 1
743 744 1
743 835 1
743 1126 1
744 743 1
744 745 1
745 268 1
745 427 1
745 744 1
745 1112 1
745 1127 1
746 670 1
746 1062 1
747 433 1
747 914 1
748 557 1
748 749 1
749 748 1
749 928 1
750 108 1
750 958 1
751 139 1
751 608 1
751 1105 1
752 608 1
752 1128 1
753 503 1
753 915 1
754 930 1
755 756 1
756 755 1
756 959 1
757 529 1
757 758 1
757 870 1
757 1129 1
758 757 1
758 759 1
758 871 1
759 758 1
759 1130 1
760 658 1
760 1131 1
761 762 1
762 761 1
762 763 1
763 762 1
763 1132 1
764 519 1
764 765 1
765 764 1
765 1133 1
766 201 1
766 1134 1
767 660 1
767 768 1
768 767 1
768 1135 1
769 770 1
770 769 1
770 771 1
771 770 1
771 1136 1
772 288 1
772 773 1
773 772 1
773 1137 1
774 299 1
774 775 1
775 774 1
775 776 1
776 775 1
776 777 1
777 776 1
777 1117 1
778 402 1
778 403 1
778 1138 1
779 318 1
779 319 1
779 780 1
780 779 1
780 1031 1
781 320 1
781 782 1
782 781 1
782 783 1
783 478 1
783 782 1
783 784 1
783 785 1
784 783 1
784 1139 1
785 783 1
785 786 1
786 785 1
786 1140 1
787 326 1
787 788 1
787 789 1
788 787 1
788 1141 1
789 787 1
789 790 1
790 406 1
790 789 1
790 1142 1
791 1143 1
792 793 1
792 1144 1
793 792 1
793 1030 1
794 795 1
795 794 1
795 796 1
796 795 1
796 797 1
797 796 1
797 1119 1
798 567 1
798 1088 1
799 363 1
799 714 1
799 800 1
800 799 1
800 1145 1
801 1092 1
802 715 1
802 953 1
803 240 1
803 241 1
803 1110 1
803 1121 1
804 351 1
804 805 1
804 806 1
804 1146 1
805 804 1
805 1147 1
806 804 1
806 807 1
807 806 1
807 808 1
808 807 1
808 1148 1
809 351 1
809 1149 1
810 35 1
810 920 1
810 1150 1
811 378 1
811 1050 1
812 393 1
812 813 1
813 812 1
813 1058 1
814 370 1
814 396 1
814 1052 1
815 1151 1
816 375 1
816 817 1
817 816 1
817 1099 1
818 171 1
818 224 1
818 623 1
818 988 1
819 1152 1
820 1153 1
821 103 1
821 822 1
822 821 1
822 942 1
823 453 1
823 1059 1
824 172 1
824 825 1
825 824 1
825 989 1
826 827 1
827 826 1
827 828 1
828 827 1
828 829 1
829 828 1
829 830 1
830 829 1
830 831 1
831 830 1
831 1154 1
832 833 1
833 832 1
833 834 1
834 833 1
834 1127 1
835 743 1
835 1060 1
836 1155 1
837 533 1
837 838 1
838 8 1
838 837 1
838 1156 1
839 1157 1
840 105 1
840 957 1
841 842 1
842 841 1
842 843 1
843 842 1
843 844 1
844 843 1
844 845 1
845 844 1
845 846 1
846 845 1
846 847 1
847 846 1
847 1108 1
847 1158 1
848 1159 1
849 463 1
849 1160 1
850 851 1
851 850 1
851 852 1
852 851 1
852 853 1
853 852 1
853 854 1
854 853 1
854 855 1
855 854 1
855 856 1
856 855 1
856 857 1
857 856 1
857 858 1
858 857 1
858 1161 1
859 1073 1
860 21 1
860 1162 1
861 181 1
861 1163 1
862 185 1
862 630 1
862 863 1
863 862 1
863 864 1
864 230 1
864 863 1
864 865 1
864 973 1
865 864 1
865 866 1
866 865 1
866 867 1
867 866 1
867 868 1
868 867 1
868 1164 1
869 1129 1
870 757 1
870 1165 1
870 1166 1
871 758 1
871 872 1
872 871 1
872 873 1
872 1167 1
873 872 1
873 874 1
874 873 1
874 875 1
875 874 1
875 1168 1
876 897 1
877 1167 1
878 116 1
878 117 1
878 960 1
879 1169 1
880 1170 1
881 518 1
881 1113 1
882 905 1
883 948 1
884 1171 1
885 515 1
885 886 1
886 885 1
886 1172 1
887 888 1
888 887 1
888 889 1
889 888 1
889 978 1
890 202 1
890 1173 1
891 1174 1
892 4 1
893 4 1
893 361 1
894 6 1
894 44 1
895 10 1
895 501 1
896 12 1
896 531 1
897 12 1
897 876 1
898 17 1
898 701 1
899 18 1
899 359 1
900 18 1
900 555 1
901 19 1
902 20 1
902 412 1
902 413 1
902 739 1
903 21 1
904 22 1
904 484 1
905 32 1
905 882 1
906 34 1
907 35 1
907 64 1
908 37 1
908 733 1
909 37 1
909 40 1
909 413 1
909 737 1
910 43 1
910 68 1
911 44 1
911 47 1
911 440 1
912 44 1
913 45 1
913 590 1
914 49 1
914 747 1
915 54 1
915 753 1
916 57 1
917 59 1
918 59 1
919 61 1
919 362 1
920 61 1
920 810 1
921 64 1
921 99 1
921 366 1
921 382 1
922 65 1
923 66 1
923 101 1
923 382 1
924 66 1
924 736 1
925 69 1
926 73 1
926 592 1
927 77 1
927 111 1
927 487 1
928 77 1
928 749 1
929 79 1
930 81 1
930 754 1
931 82 1
932 89 1
932 348 1
933 91 1
933 587 1
934 96 1
934 130 1
934 594 1
935 102 1
935 415 1
936 103 1
936 605 1
937 103 1
937 742 1
938 104 1
938 138 1
939 106 1
939 447 1
940 106 1
940 446 1
941 106 1
941 446 1
942 106 1
942 822 1
943 113 1
943 143 1
944 118 1
944 514 1
945 119 1
946 119 1
947 120 1
947 512 1
948 121 1
948 883 1
949 125 1
950 128 1
951 129 1
952 131 1
952 387 1
953 131 1
953 802 1
954 132 1
954 165 1
955 133 1
955 165 1
956 135 1
956 169 1
957 138 1
957 840 1
958 139 1
958 750 1
959 145 1
959 756 1
960 148 1
960 878 1
961 149 1
961 150 1
961 514 1
962 157 1
963 157 1
964 157 1
964 682 1
965 169 1
965 600 1
966 171 1
967 172 1
967 226 1
967 420 1
967 635 1
968 177 1
968 226 1
969 178 1
970 179 1
970 230 1
971 180 1
971 182 1
972 184 1
972 187 1
973 186 1
973 864 1
974 195 1
974 236 1
975 195 1
975 515 1
976 195 1
977 197 1
978 197 1
978 889 1
979 199 1
980 207 1
980 547 1
981 215 1
981 616 1
982 218 1
982 617 1
983 218 1
984 219 1
984 633 1
985 219 1
985 370 1
986 219 1
986 724 1
987 223 1
987 391 1
988 223 1
988 818 1
989 225 1
989 825 1
990 226 1
990 451 1
991 227 1
991 454 1
991 492 1
991 638 1
992 228 1
992 627 1
993 232 1
993 504 1
994 236 1
994 643 1
995 238 1
996 239 1
996 632 1
997 241 1
997 725 1
998 246 1
998 423 1
999 252 1
999 494 1
1000 252 1
1000 458 1
1000 494 1
1000 647 1
1001 256 1
1002 257 1
1003 264 1
1003 275 1
1004 264 1
1004 351 1
1005 264 1
1005 711 1
1006 266 1
1006 372 1
1007 268 1
1007 670 1
1008 269 1
1009 270 1
1010 270 1
1010 372 1
1011 270 1
1011 716 1
1012 273 1
1012 280 1
1013 277 1
1013 294 1
1014 279 1
1015 280 1
1015 301 1
1016 281 1
1016 670 1
1017 282 1
1017 430 1
1018 287 1
1018 468 1
1019 291 1
1020 298 1
1020 470 1
1021 299 1
1022 300 1
1022 373 1
1023 310 1
1023 321 1
1024 316 1
1024 729 1
1025 317 1
1025 327 1
1026 318 1
1026 405 1
1027 320 1
1028 320 1
1028 477 1
1029 321 1
1029 722 1
1030 322 1
1030 793 1
1031 327 1
1031 480 1
1031 780 1
1032 328 1
1033 330 1
1034 332 1
1035 332 1
1035 409 1
1036 333 1
1037 338 1
1038 341 1
1038 542 1
1038 685 1
1039 344 1
1039 354 1
1040 344 1
1040 526 1
1041 346 1
1041 713 1
1042 347 1
1043 349 1
1043 708 1
1044 350 1
1044 682 1
1045 352 1
1046 360 1
1047 361 1
1048 370 1
1048 392 1
1048 393 1
1049 379 1
1050 380 1
1050 811 1
1051 382 1
1051 738 1
1052 397 1
1052 814 1
1053 403 1
1053 474 1
1054 405 1
1055 409 1
1056 410 1
1057 418 1
1058 419 1
1058 813 1
1059 422 1
1059 823 1
1060 425 1
1060 835 1
1061 427 1
1062 430 1
1062 746 1
1063 442 1
1063 588 1
1064 450 1
1064 601 1
1065 454 1
1065 636 1
1066 455 1
1066 645 1
1067 455 1
1068 458 1
1069 459 1
1070 462 1
1070 651 1
1071 464 1
1071 500 1
1072 465 1
1072 672 1
1073 466 1
1073 859 1
1074 471 1
1075 482 1
1075 550 1
1076 483 1
1076 551 1
1077 483 1
1078 486 1
1079 494 1
1079 639 1
1080 494 1
1081 508 1
1081 519 1
1082 511 1
1083 522 1
1084 524 1
1085 524 1
1086 533 1
1087 534 1
1087 699 1
1088 537 1
1088 798 1
1089 543 1
1090 546 1
1091 552 1
1092 558 1
1092 801 1
1093 558 1
1094 564 1
1095 568 1
1096 570 1
1097 573 1
1098 576 1
1099 595 1
1099 817 1
1100 599 1
1100 604 1
1101 601 1
1102 604 1
1103 606 1
1104 608 1
1104 609 1
1105 611 1
1105 751 1
1106 618 1
1106 693 1
1107 619 1
1108 630 1
1108 847 1
1109 631 1
1110 632 1
1110 803 1
1111 642 1
1111 648 1
1112 651 1
1112 745 1
1113 660 1
1113 881 1
1114 660 1
1115 665 1
1116 669 1
1117 679 1
1117 777 1
1118 687 1
1118 691 1
1119 707 1
1119 797 1
1120 709 1
1121 716 1
1121 803 1
1122 716 1
1123 726 1
1124 733 1
1125 739 1
1126 743 1
1127 745 1
1127 834 1
1128 752 1
1129 757 1
1129 869 1
1130 759 1
1131 760 1
1132 763 1
1133 765 1
1134 766 1
1135 768 1
1136 771 1
1137 773 1
1138 778 1
1139 784 1
1140 786 1
1141 788 1
1142 790 1
1143 791 1
1144 792 1
1145 800 1
1146 804 1
1147 805 1
1148 808 1
1149 809 1
1150 810 1
1151 815 1
1152 819 1
1153 820 1
1154 831 1
1155 836 1
1156 838 1
1157 839 1
1158 847 1
1159 848 1
1160 849 1
1161 858 1
1162 860 1
1163 861 1
1164 868 1
1165 870 1
1166 870 1
1167 872 1
1167 877 1
1168 875 1
1169 879 1
1170 880 1
1171 884 1
1172 886 1
1173 890 1
1174 891 1
