1 2 1
1 3 1
1 4 1
1 755 1
2 1 1
2 5 1
2 6 1
2 7 1
2 8 1
2 9 1
2 10 1
2 11 1
2 12 1
2 13 1
2 14 1
2 15 1
2 16 1
2 17 1
2 18 1
2 19 1
2 20 1
2 21 1
2 22 1
2 23 1
2 24 1
2 25 1
2 26 1
2 693 1
3 1 1
3 27 1
3 93 1
4 1 1
4 24 1
4 335 1
5 2 1
5 19 1
5 715 1
6 2 1
6 28 1
6 222 1
6 659 1
7 2 1
7 29 1
8 2 1
8 30 1
8 33 1
9 2 1
9 31 1
10 2 1
10 32 1
10 33 1
10 34 1
10 35 1
10 36 1
10 37 1
10 38 1
10 39 1
11 2 1
11 31 1
11 319 1
11 709 1
11 772 1
12 2 1
12 40 1
12 41 1
12 42 1
12 67 1
13 2 1
13 42 1
13 494 1
13 607 1
14 2 1
14 42 1
14 210 1
14 304 1
14 337 1
14 355 1
14 360 1
14 438 1
14 474 1
14 497 1
14 562 1
14 660 1
14 664 1
14 781 1
15 2 1
15 43 1
15 67 1
16 2 1
16 44 1
16 67 1
17 2 1
17 45 1
17 46 1
17 47 1
17 48 1
17 49 1
17 308 1
18 2 1
18 50 1
19 2 1
19 5 1
19 51 1
19 360 1
19 498 1
19 602 1
19 619 1
19 767 1
19 819 1
20 2 1
20 51 1
20 67 1
20 90 1
21 2 1
21 52 1
21 53 1
21 448 1
22 2 1
22 39 1
22 54 1
22 185 1
22 470 1
22 805 1
23 2 1
23 55 1
23 303 1
23 355 1
23 577 1
23 689 1
24 2 1
24 4 1
24 48 1
24 56 1
24 285 1
24 286 1
24 359 1
24 400 1
24 780 1
25 2 1
25 56 1
25 337 1
26 2 1
26 57 1
26 299 1
26 527 1
26 586 1
27 3 1
27 58 1
27 213 1
28 6 1
28 59 1
28 73 1
28 96 1
28 113 1
28 496 1
28 594 1
28 646 1
28 802 1
29 7 1
29 60 1
29 466 1
29 485 1
29 556 1
29 647 1
29 735 1
30 8 1
30 42 1
30 61 1
30 298 1
30 479 1
31 9 1
31 11 1
31 62 1
31 548 1
31 782 1
32 10 1
32 63 1
32 224 1
33 8 1
33 10 1
33 281 1
33 373 1
33 431 1
34 10 1
34 56 1
34 64 1
35 10 1
35 63 1
35 69 1
35 70 1
35 567 1
35 581 1
36 10 1
36 65 1
36 66 1
36 129 1
36 284 1
36 288 1
36 365 1
36 519 1
36 543 1
36 544 1
37 10 1
37 65 1
37 66 1
37 67 1
37 68 1
37 69 1
37 70 1
37 71 1
37 72 1
37 567 1
38 10 1
38 73 1
38 138 1
39 10 1
39 22 1
39 81 1
39 82 1
39 153 1
39 161 1
39 166 1
39 223 1
39 224 1
39 330 1
39 331 1
39 342 1
39 434 1
40 12 1
40 74 1
40 75 1
40 334 1
40 335 1
40 746 1
41 12 1
41 75 1
41 76 1
41 569 1
41 713 1
42 12 1
42 13 1
42 14 1
42 30 1
42 555 1
43 15 1
43 73 1
43 77 1
43 96 1
43 177 1
43 184 1
43 249 1
43 305 1
43 364 1
43 424 1
43 496 1
43 565 1
43 605 1
43 794 1
44 16 1
44 78 1
44 418 1
44 469 1
44 688 1
45 17 1
45 79 1
45 80 1
45 513 1
46 17 1
46 81 1
46 82 1
46 91 1
46 273 1
46 290 1
46 335 1
46 399 1
46 513 1
46 811 1
47 17 1
47 83 1
47 271 1
47 276 1
47 423 1
47 535 1
47 814 1
48 17 1
48 24 1
48 84 1
48 513 1
49 17 1
49 85 1
49 513 1
50 18 1
50 57 1
50 58 1
50 86 1
50 301 1
50 492 1
50 568 1
50 795 1
51 19 1
51 20 1
51 87 1
51 88 1
51 89 1
51 90 1
51 91 1
51 92 1
51 403 1
51 406 1
52 21 1
52 93 1
52 346 1
52 548 1
52 696 1
52 778 1
53 21 1
53 94 1
53 535 1
53 784 1
54 22 1
54 94 1
54 95 1
54 96 1
54 465 1
54 829 1
55 23 1
55 79 1
55 403 1
55 404 1
56 24 1
56 25 1
56 34 1
56 97 1
56 98 1
56 99 1
56 100 1
56 101 1
56 102 1
56 103 1
56 104 1
56 105 1
56 106 1
56 107 1
56 108 1
56 109 1
56 155 1
56 176 1
56 606 1
56 762 1
57 26 1
57 50 1
57 82 1
57 103 1
57 107 1
57 190 1
57 637 1
58 27 1
58 50 1
58 105 1
58 107 1
58 775 1
59 28 1
59 109 1
59 424 1
59 612 1
59 714 1
60 29 1
60 110 1
60 194 1
60 195 1
60 375 1
60 548 1
60 579 1
60 710 1
61 30 1
61 111 1
61 362 1
61 416 1
61 524 1
61 526 1
62 31 1
62 64 1
62 112 1
62 113 1
62 114 1
62 115 1
62 116 1
62 144 1
62 145 1
62 461 1
62 462 1
62 463 1
63 32 1
63 35 1
63 117 1
63 280 1
63 635 1
63 759 1
64 34 1
64 62 1
64 118 1
65 36 1
65 37 1
65 119 1
65 120 1
65 325 1
66 36 1
66 37 1
67 12 1
67 15 1
67 16 1
67 20 1
67 37 1
67 325 1
67 336 1
67 455 1
67 570 1
68 37 1
68 120 1
68 347 1
68 796 1
69 35 1
69 37 1
69 327 1
70 35 1
70 37 1
70 100 1
70 682 1
71 37 1
71 73 1
71 315 1
71 796 1
72 37 1
72 88 1
72 121 1
72 183 1
72 199 1
72 522 1
72 796 1
73 28 1
73 38 1
73 43 1
73 71 1
73 403 1
74 40 1
74 90 1
74 91 1
74 109 1
74 121 1
74 122 1
74 123 1
74 124 1
75 40 1
75 41 1
75 88 1
75 125 1
75 243 1
76 41 1
76 829 1
77 43 1
77 97 1
77 126 1
77 290 1
77 298 1
77 458 1
77 762 1
78 44 1
78 80 1
78 127 1
78 128 1
78 238 1
78 303 1
78 443 1
78 444 1
78 445 1
78 541 1
78 676 1
79 45 1
79 55 1
79 129 1
79 130 1
79 131 1
79 132 1
79 133 1
79 134 1
79 355 1
79 417 1
79 656 1
80 45 1
80 78 1
80 112 1
80 355 1
80 432 1
80 538 1
81 39 1
81 46 1
81 220 1
81 423 1
81 658 1
82 39 1
82 46 1
82 57 1
82 135 1
82 318 1
82 566 1
82 631 1
82 771 1
83 47 1
83 136 1
83 383 1
83 643 1
84 48 1
84 137 1
85 49 1
85 138 1
85 674 1
85 714 1
86 50 1
86 139 1
86 162 1
86 380 1
86 505 1
86 760 1
87 51 1
87 140 1
87 141 1
87 142 1
87 143 1
87 367 1
87 437 1
87 630 1
87 638 1
87 650 1
87 769 1
88 51 1
88 72 1
88 75 1
88 115 1
88 125 1
88 144 1
88 145 1
88 146 1
88 147 1
88 148 1
88 376 1
89 51 1
89 145 1
89 147 1
89 149 1
90 20 1
90 51 1
90 74 1
90 111 1
90 510 1
91 46 1
91 51 1
91 74 1
91 549 1
92 51 1
92 95 1
92 150 1
93 3 1
93 52 1
93 395 1
94 53 1
94 54 1
94 151 1
94 424 1
94 446 1
94 648 1
95 54 1
95 92 1
95 424 1
96 28 1
96 43 1
96 54 1
96 233 1
96 234 1
96 516 1
96 613 1
96 683 1
96 700 1
96 740 1
97 56 1
97 77 1
97 152 1
97 204 1
98 56 1
98 153 1
98 692 1
99 56 1
99 154 1
99 678 1
100 56 1
100 70 1
100 154 1
100 158 1
100 283 1
101 56 1
101 155 1
101 170 1
102 56 1
102 156 1
103 56 1
103 57 1
103 157 1
103 158 1
103 302 1
103 411 1
103 786 1
104 56 1
104 159 1
105 56 1
105 58 1
105 156 1
105 160 1
105 411 1
106 56 1
106 161 1
106 296 1
106 302 1
106 640 1
107 56 1
107 57 1
107 58 1
107 162 1
107 163 1
107 164 1
107 165 1
107 166 1
107 167 1
107 302 1
108 56 1
108 164 1
108 362 1
109 56 1
109 59 1
109 74 1
109 127 1
109 168 1
109 395 1
109 424 1
109 530 1
109 532 1
109 571 1
109 694 1
109 714 1
109 742 1
109 773 1
109 774 1
109 775 1
109 776 1
109 777 1
109 810 1
110 60 1
110 164 1
110 168 1
110 274 1
110 342 1
111 61 1
111 90 1
111 169 1
111 170 1
111 171 1
111 245 1
111 467 1
111 495 1
111 661 1
111 718 1
111 811 1
111 821 1
112 62 1
112 80 1
113 28 1
113 62 1
113 261 1
113 450 1
113 603 1
113 752 1
113 801 1
113 829 1
114 62 1
114 172 1
114 173 1
114 174 1
114 175 1
114 176 1
114 177 1
114 178 1
114 179 1
114 180 1
114 361 1
114 503 1
115 62 1
115 88 1
115 165 1
115 232 1
115 504 1
115 806 1
116 62 1
116 181 1
116 182 1
116 332 1
116 451 1
116 473 1
117 63 1
117 183 1
117 714 1
118 64 1
118 183 1
118 184 1
118 219 1
118 583 1
118 728 1
119 65 1
119 185 1
119 405 1
120 65 1
120 68 1
120 548 1
121 72 1
121 74 1
121 186 1
121 608 1
122 74 1
122 187 1
123 74 1
123 188 1
123 635 1
124 74 1
124 189 1
124 514 1
125 75 1
125 88 1
125 189 1
125 190 1
125 712 1
126 77 1
126 191 1
127 78 1
127 109 1
127 192 1
127 193 1
127 194 1
127 195 1
127 196 1
128 78 1
128 185 1
128 192 1
128 197 1
128 198 1
128 199 1
128 350 1
129 36 1
129 79 1
129 142 1
129 766 1
130 79 1
130 188 1
130 200 1
130 201 1
130 202 1
130 766 1
131 79 1
131 181 1
131 766 1
132 79 1
132 203 1
132 814 1
133 79 1
133 203 1
133 766 1
134 79 1
134 204 1
134 766 1
135 82 1
135 205 1
135 329 1
135 620 1
136 83 1
136 206 1
136 728 1
137 84 1
137 207 1
137 241 1
137 254 1
137 397 1
137 624 1
138 38 1
138 85 1
138 151 1
139 86 1
139 157 1
139 201 1
139 694 1
139 714 1
140 87 1
140 208 1
140 658 1
141 87 1
141 209 1
141 658 1
142 87 1
142 129 1
142 658 1
143 87 1
143 210 1
143 658 1
144 62 1
144 88 1
144 151 1
145 62 1
145 88 1
145 89 1
145 151 1
145 211 1
145 212 1
145 213 1
145 214 1
145 215 1
145 216 1
145 268 1
146 88 1
146 160 1
146 217 1
147 88 1
147 89 1
147 218 1
148 88 1
148 152 1
149 89 1
149 186 1
150 92 1
150 171 1
150 175 1
150 334 1
150 735 1
151 94 1
151 138 1
151 144 1
151 145 1
151 156 1
151 188 1
151 219 1
151 259 1
151 363 1
151 615 1
152 97 1
152 148 1
152 218 1
152 220 1
152 396 1
152 407 1
152 472 1
152 476 1
152 483 1
152 486 1
152 561 1
152 697 1
152 698 1
152 725 1
152 747 1
152 815 1
153 39 1
153 98 1
153 383 1
154 99 1
154 100 1
154 198 1
154 199 1
154 207 1
154 221 1
154 222 1
154 223 1
154 243 1
154 521 1
154 758 1
155 56 1
155 101 1
155 679 1
155 745 1
156 102 1
156 105 1
156 151 1
156 785 1
157 103 1
157 139 1
157 224 1
157 380 1
158 100 1
158 103 1
158 206 1
158 225 1
158 226 1
158 227 1
158 228 1
158 229 1
159 104 1
159 206 1
159 689 1
159 808 1
159 814 1
160 105 1
160 146 1
160 169 1
160 255 1
160 310 1
160 338 1
160 339 1
160 385 1
160 435 1
160 478 1
160 671 1
160 672 1
161 39 1
161 106 1
161 230 1
161 354 1
161 355 1
162 86 1
162 107 1
163 107 1
163 231 1
164 107 1
164 108 1
164 110 1
164 179 1
165 107 1
165 115 1
165 278 1
165 592 1
165 813 1
166 39 1
166 107 1
166 232 1
166 728 1
167 107 1
167 233 1
167 708 1
168 109 1
168 110 1
168 234 1
168 312 1
168 403 1
168 404 1
168 721 1
169 111 1
169 160 1
170 101 1
170 111 1
170 235 1
170 823 1
171 111 1
171 150 1
171 236 1
171 510 1
172 114 1
172 237 1
172 242 1
172 601 1
172 787 1
173 114 1
173 221 1
173 222 1
173 238 1
173 239 1
173 632 1
173 651 1
174 114 1
174 227 1
174 294 1
175 114 1
175 150 1
175 590 1
176 56 1
176 114 1
176 632 1
176 633 1
177 43 1
177 114 1
178 114 1
178 240 1
179 114 1
179 164 1
180 114 1
180 241 1
180 306 1
180 388 1
180 439 1
180 456 1
181 116 1
181 131 1
181 214 1
182 116 1
182 242 1
182 689 1
183 72 1
183 117 1
183 118 1
183 231 1
184 43 1
184 118 1
184 440 1
184 814 1
185 22 1
185 119 1
185 128 1
186 121 1
186 149 1
186 215 1
186 355 1
186 417 1
186 588 1
186 589 1
186 629 1
186 667 1
186 668 1
187 122 1
187 243 1
187 395 1
187 396 1
188 123 1
188 130 1
188 151 1
188 244 1
188 403 1
188 405 1
188 471 1
188 609 1
188 797 1
189 124 1
189 125 1
189 245 1
189 246 1
189 247 1
189 248 1
189 249 1
189 488 1
189 817 1
190 57 1
190 125 1
190 576 1
191 126 1
191 250 1
191 706 1
192 127 1
192 128 1
192 251 1
193 127 1
193 252 1
193 530 1
194 60 1
194 127 1
194 530 1
195 60 1
195 127 1
195 530 1
195 532 1
196 127 1
196 253 1
196 530 1
197 128 1
197 211 1
197 532 1
198 128 1
198 154 1
198 254 1
198 255 1
198 791 1
199 72 1
199 128 1
199 154 1
200 130 1
200 256 1
201 130 1
201 139 1
201 217 1
201 244 1
201 553 1
202 130 1
202 257 1
202 737 1
203 132 1
203 133 1
203 248 1
203 258 1
203 535 1
203 807 1
204 97 1
204 134 1
205 135 1
205 224 1
205 269 1
205 355 1
205 390 1
205 525 1
205 575 1
205 628 1
206 136 1
206 158 1
206 159 1
206 259 1
207 137 1
207 154 1
207 535 1
208 140 1
208 260 1
209 141 1
209 224 1
209 496 1
210 14 1
210 143 1
210 368 1
210 369 1
211 145 1
211 197 1
211 237 1
211 493 1
211 545 1
212 145 1
212 261 1
213 27 1
213 145 1
213 237 1
213 262 1
213 263 1
213 264 1
213 265 1
213 266 1
213 536 1
213 540 1
214 145 1
214 181 1
214 267 1
215 145 1
215 186 1
215 263 1
215 266 1
215 267 1
215 597 1
216 145 1
216 268 1
216 316 1
216 357 1
216 803 1
217 146 1
217 201 1
217 269 1
217 412 1
217 424 1
218 147 1
218 152 1
218 269 1
218 270 1
218 473 1
218 552 1
219 118 1
219 151 1
219 271 1
219 272 1
219 273 1
219 274 1
219 275 1
219 276 1
219 277 1
219 278 1
219 279 1
219 280 1
219 281 1
219 282 1
219 283 1
219 284 1
219 285 1
219 286 1
219 361 1
220 81 1
220 152 1
220 287 1
220 288 1
220 289 1
220 511 1
220 733 1
221 154 1
221 173 1
221 290 1
222 6 1
222 154 1
222 173 1
223 39 1
223 154 1
224 32 1
224 39 1
224 157 1
224 205 1
224 209 1
224 229 1
224 251 1
224 275 1
224 289 1
224 291 1
224 442 1
225 158 1
225 292 1
226 158 1
226 293 1
226 587 1
226 748 1
226 822 1
227 158 1
227 174 1
227 294 1
228 158 1
228 283 1
228 295 1
229 158 1
229 224 1
230 161 1
230 296 1
231 163 1
231 183 1
231 246 1
231 296 1
231 398 1
232 115 1
232 166 1
232 699 1
233 96 1
233 167 1
233 657 1
233 658 1
234 96 1
234 168 1
234 424 1
234 810 1
235 170 1
235 297 1
235 386 1
235 625 1
235 669 1
236 171 1
236 298 1
237 172 1
237 211 1
237 213 1
237 299 1
237 596 1
238 78 1
238 173 1
239 173 1
239 268 1
239 300 1
240 178 1
240 301 1
240 333 1
240 447 1
241 137 1
241 180 1
241 283 1
241 302 1
241 303 1
241 304 1
241 465 1
241 578 1
242 172 1
242 182 1
242 305 1
242 477 1
242 735 1
243 75 1
243 154 1
243 187 1
243 599 1
244 188 1
244 201 1
244 306 1
244 307 1
244 308 1
244 551 1
244 639 1
245 111 1
245 189 1
245 584 1
246 189 1
246 231 1
246 309 1
247 189 1
247 293 1
247 310 1
247 328 1
247 789 1
247 790 1
248 189 1
248 203 1
248 311 1
248 469 1
249 43 1
249 189 1
250 191 1
250 282 1
250 297 1
250 366 1
250 464 1
250 739 1
250 816 1
251 192 1
251 224 1
251 591 1
252 193 1
252 312 1
252 313 1
252 591 1
253 196 1
253 270 1
253 679 1
253 745 1
254 137 1
254 198 1
254 300 1
255 160 1
255 198 1
255 814 1
256 200 1
256 293 1
256 314 1
256 430 1
256 618 1
256 729 1
257 202 1
257 315 1
257 330 1
258 203 1
258 316 1
258 576 1
258 787 1
259 151 1
259 206 1
259 694 1
260 208 1
260 317 1
260 728 1
261 113 1
261 212 1
261 383 1
261 468 1
261 480 1
261 617 1
261 677 1
261 779 1
262 213 1
262 263 1
262 318 1
262 377 1
262 438 1
262 728 1
263 213 1
263 215 1
263 262 1
263 281 1
264 213 1
264 319 1
264 826 1
265 213 1
265 320 1
265 356 1
265 810 1
266 213 1
266 215 1
266 321 1
266 322 1
267 214 1
267 215 1
267 323 1
268 145 1
268 216 1
268 239 1
268 326 1
268 383 1
269 205 1
269 217 1
269 218 1
270 218 1
270 253 1
270 324 1
270 652 1
270 750 1
270 828 1
271 47 1
271 219 1
271 564 1
272 219 1
272 325 1
273 46 1
273 219 1
273 409 1
273 685 1
274 110 1
274 219 1
275 219 1
275 224 1
276 47 1
276 219 1
276 295 1
276 326 1
276 327 1
276 328 1
276 329 1
276 330 1
276 391 1
276 728 1
277 219 1
277 722 1
277 829 1
278 165 1
278 219 1
278 358 1
279 219 1
279 331 1
279 665 1
280 63 1
280 219 1
281 33 1
281 219 1
281 263 1
281 374 1
282 219 1
282 250 1
282 332 1
283 100 1
283 219 1
283 228 1
283 241 1
283 542 1
284 36 1
284 219 1
285 24 1
285 219 1
286 24 1
286 219 1
286 496 1
286 724 1
287 220 1
287 333 1
288 36 1
288 220 1
288 673 1
289 220 1
289 224 1
289 348 1
289 415 1
289 558 1
289 616 1
289 622 1
289 741 1
290 46 1
290 77 1
290 221 1
290 333 1
290 334 1
290 335 1
290 336 1
290 337 1
290 633 1
291 224 1
291 338 1
291 651 1
292 225 1
292 317 1
292 339 1
292 611 1
292 658 1
293 226 1
293 247 1
293 256 1
293 426 1
293 614 1
293 735 1
294 174 1
294 227 1
294 523 1
295 228 1
295 276 1
295 340 1
295 546 1
295 610 1
296 106 1
296 230 1
296 231 1
296 340 1
296 537 1
296 680 1
297 235 1
297 250 1
297 340 1
297 827 1
298 30 1
298 77 1
298 236 1
298 514 1
299 26 1
299 237 1
299 323 1
299 342 1
299 734 1
299 825 1
300 239 1
300 254 1
300 320 1
300 371 1
300 736 1
301 50 1
301 240 1
301 351 1
302 103 1
302 106 1
302 107 1
302 241 1
302 636 1
303 23 1
303 78 1
303 241 1
303 313 1
303 341 1
303 397 1
304 14 1
304 241 1
304 312 1
305 43 1
305 242 1
306 180 1
306 244 1
306 599 1
307 244 1
307 342 1
307 649 1
307 814 1
308 17 1
308 244 1
308 465 1
308 680 1
308 743 1
308 745 1
309 246 1
309 343 1
309 718 1
309 720 1
310 160 1
310 247 1
310 739 1
311 248 1
311 344 1
312 168 1
312 252 1
312 304 1
312 345 1
312 753 1
313 252 1
313 303 1
313 342 1
314 256 1
314 343 1
314 346 1
314 347 1
314 732 1
314 761 1
315 71 1
315 257 1
315 675 1
315 680 1
315 681 1
316 216 1
316 258 1
316 424 1
317 260 1
317 292 1
317 405 1
317 559 1
318 82 1
318 262 1
318 361 1
319 11 1
319 264 1
319 413 1
319 513 1
319 716 1
320 265 1
320 300 1
320 350 1
320 727 1
321 266 1
321 331 1
321 333 1
321 335 1
322 266 1
322 348 1
323 267 1
323 299 1
323 749 1
323 820 1
324 270 1
324 349 1
325 65 1
325 67 1
325 272 1
325 808 1
325 809 1
326 268 1
326 276 1
327 69 1
327 276 1
328 247 1
328 276 1
329 135 1
329 276 1
330 39 1
330 257 1
330 276 1
331 39 1
331 279 1
331 321 1
331 396 1
331 653 1
331 756 1
332 116 1
332 282 1
332 350 1
332 351 1
332 352 1
332 738 1
333 240 1
333 287 1
333 290 1
333 321 1
333 811 1
334 40 1
334 150 1
334 290 1
335 4 1
335 40 1
335 46 1
335 290 1
335 321 1
335 353 1
335 354 1
335 355 1
335 356 1
335 357 1
336 67 1
336 290 1
337 14 1
337 25 1
337 290 1
338 160 1
338 291 1
338 413 1
338 482 1
339 160 1
339 292 1
339 344 1
340 295 1
340 296 1
340 297 1
340 358 1
341 303 1
341 359 1
341 770 1
342 39 1
342 110 1
342 299 1
342 307 1
342 313 1
342 360 1
342 383 1
343 309 1
343 314 1
343 361 1
343 362 1
343 363 1
343 364 1
343 502 1
343 593 1
343 641 1
344 311 1
344 339 1
344 365 1
344 366 1
344 367 1
344 762 1
345 312 1
345 670 1
345 829 1
346 52 1
346 314 1
346 808 1
347 68 1
347 314 1
347 689 1
348 289 1
348 322 1
348 413 1
348 765 1
349 324 1
349 368 1
350 128 1
350 320 1
350 332 1
350 369 1
350 370 1
350 591 1
351 301 1
351 332 1
351 371 1
351 372 1
351 591 1
351 814 1
352 332 1
352 373 1
352 383 1
352 591 1
353 335 1
353 374 1
353 375 1
354 161 1
354 335 1
355 14 1
355 23 1
355 79 1
355 80 1
355 161 1
355 186 1
355 205 1
355 335 1
355 376 1
355 377 1
355 378 1
355 379 1
355 506 1
355 735 1
356 265 1
356 335 1
356 380 1
357 216 1
357 335 1
357 663 1
358 278 1
358 340 1
358 814 1
359 24 1
359 341 1
359 532 1
359 571 1
360 14 1
360 19 1
360 342 1
360 508 1
360 518 1
361 114 1
361 219 1
361 318 1
361 343 1
361 695 1
362 61 1
362 108 1
362 343 1
362 381 1
363 151 1
363 343 1
363 695 1
364 43 1
364 343 1
364 382 1
364 695 1
364 702 1
365 36 1
365 344 1
366 250 1
366 344 1
367 87 1
367 344 1
367 796 1
368 210 1
368 349 1
368 409 1
369 210 1
369 350 1
369 383 1
369 384 1
369 528 1
369 557 1
369 754 1
370 350 1
370 385 1
370 386 1
370 517 1
371 300 1
371 351 1
371 384 1
372 351 1
372 387 1
372 812 1
373 33 1
373 352 1
373 583 1
374 281 1
374 353 1
374 690 1
375 60 1
375 353 1
375 694 1
376 88 1
376 355 1
377 262 1
377 355 1
377 731 1
377 792 1
377 793 1
378 355 1
378 388 1
378 585 1
378 627 1
378 730 1
378 792 1
379 355 1
379 389 1
379 726 1
379 730 1
380 86 1
380 157 1
380 356 1
380 390 1
380 391 1
380 392 1
380 393 1
381 362 1
381 390 1
381 507 1
382 364 1
382 391 1
382 412 1
382 496 1
383 83 1
383 153 1
383 261 1
383 268 1
383 342 1
383 352 1
383 369 1
383 513 1
384 369 1
384 371 1
384 768 1
385 160 1
385 370 1
386 235 1
386 370 1
386 796 1
387 372 1
387 394 1
387 413 1
387 460 1
387 480 1
388 180 1
388 378 1
388 473 1
389 379 1
389 395 1
389 453 1
389 711 1
390 205 1
390 380 1
390 381 1
391 276 1
391 380 1
391 382 1
391 396 1
391 397 1
392 380 1
392 396 1
392 554 1
393 380 1
393 398 1
393 644 1
394 387 1
394 399 1
394 566 1
395 93 1
395 109 1
395 187 1
395 389 1
395 400 1
395 401 1
395 675 1
395 763 1
396 152 1
396 187 1
396 331 1
396 391 1
396 392 1
396 402 1
397 137 1
397 303 1
397 391 1
397 425 1
397 783 1
398 231 1
398 393 1
398 735 1
398 824 1
399 46 1
399 394 1
399 403 1
399 662 1
399 814 1
400 24 1
400 395 1
400 530 1
401 395 1
401 404 1
401 530 1
402 396 1
402 405 1
403 51 1
403 55 1
403 73 1
403 168 1
403 188 1
403 399 1
403 404 1
403 405 1
403 406 1
403 407 1
403 408 1
403 814 1
404 55 1
404 168 1
404 401 1
404 403 1
404 409 1
404 410 1
404 436 1
404 475 1
404 703 1
405 119 1
405 188 1
405 317 1
405 402 1
405 403 1
405 436 1
406 51 1
406 403 1
406 414 1
407 152 1
407 403 1
407 414 1
408 403 1
408 829 1
409 273 1
409 368 1
409 404 1
409 411 1
409 412 1
409 475 1
410 404 1
410 413 1
410 414 1
410 415 1
411 103 1
411 105 1
411 409 1
412 217 1
412 382 1
412 409 1
412 416 1
412 417 1
412 418 1
412 459 1
412 642 1
412 645 1
412 654 1
412 685 1
412 829 1
413 319 1
413 338 1
413 348 1
413 387 1
413 410 1
413 419 1
413 420 1
413 421 1
414 406 1
414 407 1
414 410 1
414 814 1
415 289 1
415 410 1
415 738 1
415 739 1
416 61 1
416 412 1
416 424 1
416 694 1
416 714 1
417 79 1
417 186 1
417 412 1
417 694 1
418 44 1
418 412 1
418 424 1
418 612 1
418 714 1
419 413 1
419 422 1
419 423 1
420 413 1
420 424 1
421 413 1
421 424 1
422 419 1
422 424 1
423 47 1
423 81 1
423 419 1
423 694 1
424 43 1
424 59 1
424 94 1
424 95 1
424 109 1
424 217 1
424 234 1
424 316 1
424 416 1
424 418 1
424 420 1
424 421 1
424 422 1
424 425 1
424 426 1
424 427 1
424 428 1
424 429 1
424 430 1
424 431 1
424 583 1
424 829 1
425 397 1
425 424 1
426 293 1
426 424 1
427 424 1
427 432 1
428 424 1
428 433 1
429 424 1
429 434 1
430 256 1
430 424 1
431 33 1
431 424 1
431 438 1
431 489 1
431 714 1
431 728 1
432 80 1
432 427 1
432 440 1
433 428 1
433 435 1
433 641 1
434 39 1
434 429 1
434 436 1
434 481 1
434 515 1
434 598 1
434 718 1
434 719 1
435 160 1
435 433 1
435 548 1
436 404 1
436 405 1
436 434 1
436 604 1
437 87 1
437 441 1
437 574 1
437 576 1
437 600 1
438 14 1
438 262 1
438 431 1
438 449 1
438 778 1
439 180 1
439 451 1
440 184 1
440 432 1
440 451 1
440 572 1
441 437 1
441 452 1
441 453 1
441 454 1
441 529 1
441 658 1
441 686 1
441 687 1
442 224 1
442 457 1
442 576 1
443 78 1
443 471 1
443 723 1
444 78 1
444 471 1
444 509 1
445 78 1
445 473 1
446 94 1
446 473 1
446 487 1
447 240 1
447 473 1
448 21 1
448 473 1
448 829 1
449 438 1
449 473 1
450 113 1
450 473 1
450 490 1
450 491 1
451 116 1
451 439 1
451 440 1
451 484 1
451 550 1
451 787 1
452 441 1
452 489 1
452 655 1
453 389 1
453 441 1
453 496 1
454 441 1
454 496 1
455 67 1
455 496 1
456 180 1
456 499 1
456 501 1
457 442 1
457 500 1
457 501 1
458 77 1
458 501 1
458 573 1
459 412 1
459 501 1
459 571 1
459 773 1
460 387 1
460 501 1
460 532 1
460 571 1
461 62 1
461 511 1
462 62 1
462 511 1
463 62 1
463 512 1
464 250 1
464 512 1
465 54 1
465 241 1
465 308 1
465 513 1
466 29 1
466 513 1
466 576 1
466 787 1
467 111 1
467 513 1
467 764 1
468 261 1
468 513 1
468 523 1
469 44 1
469 248 1
469 513 1
470 22 1
470 514 1
471 188 1
471 443 1
471 444 1
471 514 1
472 152 1
472 520 1
472 814 1
473 116 1
473 218 1
473 388 1
473 445 1
473 446 1
473 447 1
473 448 1
473 449 1
473 450 1
473 530 1
473 817 1
474 14 1
474 530 1
475 404 1
475 409 1
475 530 1
476 152 1
476 531 1
477 242 1
477 531 1
478 160 1
478 532 1
478 571 1
479 30 1
479 533 1
479 562 1
479 563 1
479 612 1
479 665 1
480 261 1
480 387 1
480 534 1
480 695 1
480 701 1
481 434 1
481 535 1
482 338 1
482 539 1
483 152 1
483 542 1
483 751 1
484 451 1
484 542 1
485 29 1
485 547 1
485 548 1
486 152 1
486 548 1
486 666 1
486 782 1
487 446 1
487 560 1
488 189 1
488 560 1
488 814 1
489 431 1
489 452 1
489 566 1
489 714 1
490 450 1
490 571 1
491 450 1
491 571 1
492 50 1
492 580 1
492 817 1
493 211 1
493 582 1
493 717 1
493 766 1
494 13 1
494 591 1
494 691 1
495 111 1
495 591 1
496 28 1
496 43 1
496 209 1
496 286 1
496 382 1
496 453 1
496 454 1
496 455 1
496 591 1
496 829 1
497 14 1
497 591 1
498 19 1
498 595 1
498 814 1
499 456 1
499 599 1
500 457 1
500 599 1
500 818 1
501 456 1
501 457 1
501 458 1
501 459 1
501 460 1
501 621 1
501 648 1
502 343 1
502 623 1
502 763 1
503 114 1
503 626 1
504 115 1
504 634 1
504 641 1
505 86 1
505 635 1
506 355 1
506 641 1
507 381 1
507 641 1
507 695 1
508 360 1
508 658 1
508 799 1
509 444 1
509 661 1
510 90 1
510 171 1
510 662 1
510 814 1
511 220 1
511 461 1
511 462 1
511 662 1
511 814 1
512 463 1
512 464 1
512 663 1
512 814 1
513 45 1
513 46 1
513 48 1
513 49 1
513 319 1
513 383 1
513 465 1
513 466 1
513 467 1
513 468 1
513 469 1
513 679 1
513 680 1
513 744 1
514 124 1
514 298 1
514 470 1
514 471 1
514 679 1
514 680 1
514 743 1
514 804 1
515 434 1
515 684 1
515 685 1
516 96 1
516 689 1
516 763 1
517 370 1
517 689 1
518 360 1
518 689 1
518 820 1
519 36 1
519 691 1
520 472 1
520 694 1
521 154 1
521 694 1
522 72 1
522 694 1
523 294 1
523 468 1
523 695 1
524 61 1
524 695 1
524 814 1
525 205 1
525 695 1
526 61 1
526 695 1
527 26 1
527 701 1
528 369 1
528 704 1
528 814 1
529 441 1
529 705 1
529 707 1
529 722 1
530 109 1
530 193 1
530 194 1
530 195 1
530 196 1
530 400 1
530 401 1
530 473 1
530 474 1
530 475 1
530 714 1
531 476 1
531 477 1
531 714 1
532 109 1
532 195 1
532 197 1
532 359 1
532 460 1
532 478 1
532 714 1
533 479 1
533 722 1
534 480 1
534 728 1
534 800 1
535 47 1
535 53 1
535 203 1
535 207 1
535 481 1
535 757 1
535 796 1
536 213 1
536 757 1
536 796 1
537 296 1
537 762 1
538 80 1
538 774 1
539 482 1
539 777 1
540 213 1
540 787 1
540 788 1
541 78 1
541 798 1
542 283 1
542 483 1
542 484 1
542 810 1
543 36 1
543 810 1
544 36 1
544 811 1
545 211 1
545 814 1
546 295 1
546 814 1
547 485 1
547 814 1
548 31 1
548 52 1
548 60 1
548 120 1
548 435 1
548 485 1
548 486 1
548 814 1
549 91 1
549 814 1
550 451 1
550 814 1
551 244 1
552 218 1
553 201 1
554 392 1
555 42 1
556 29 1
557 369 1
558 289 1
559 317 1
560 487 1
560 488 1
561 152 1
562 14 1
562 479 1
563 479 1
564 271 1
565 43 1
566 82 1
566 394 1
566 489 1
567 35 1
567 37 1
568 50 1
569 41 1
570 67 1
571 109 1
571 359 1
571 459 1
571 460 1
571 478 1
571 490 1
571 491 1
572 440 1
573 458 1
574 437 1
575 205 1
576 190 1
576 258 1
576 437 1
576 442 1
576 466 1
577 23 1
578 241 1
579 60 1
580 492 1
581 35 1
582 493 1
583 118 1
583 373 1
583 424 1
584 245 1
585 378 1
586 26 1
587 226 1
588 186 1
589 186 1
590 175 1
591 251 1
591 252 1
591 350 1
591 351 1
591 352 1
591 494 1
591 495 1
591 496 1
591 497 1
592 165 1
593 343 1
594 28 1
595 498 1
596 237 1
597 215 1
598 434 1
599 243 1
599 306 1
599 499 1
599 500 1
600 437 1
601 172 1
602 19 1
603 113 1
604 436 1
605 43 1
606 56 1
607 13 1
608 121 1
609 188 1
610 295 1
611 292 1
612 59 1
612 418 1
612 479 1
613 96 1
614 293 1
615 151 1
616 289 1
617 261 1
618 256 1
619 19 1
620 135 1
621 501 1
622 289 1
623 502 1
624 137 1
625 235 1
626 503 1
627 378 1
628 205 1
629 186 1
630 87 1
631 82 1
632 173 1
632 176 1
633 176 1
633 290 1
634 504 1
635 63 1
635 123 1
635 505 1
636 302 1
636 829 1
637 57 1
638 87 1
639 244 1
640 106 1
641 343 1
641 433 1
641 504 1
641 506 1
641 507 1
642 412 1
643 83 1
644 393 1
645 412 1
646 28 1
647 29 1
648 94 1
648 501 1
649 307 1
650 87 1
651 173 1
651 291 1
652 270 1
653 331 1
654 412 1
655 452 1
656 79 1
657 233 1
658 81 1
658 140 1
658 141 1
658 142 1
658 143 1
658 233 1
658 292 1
658 441 1
658 508 1
659 6 1
660 14 1
661 111 1
661 509 1
662 399 1
662 510 1
662 511 1
663 357 1
663 512 1
664 14 1
665 279 1
665 479 1
666 486 1
667 186 1
668 186 1
669 235 1
670 345 1
671 160 1
672 160 1
673 288 1
674 85 1
675 315 1
675 395 1
676 78 1
677 261 1
678 99 1
679 155 1
679 253 1
679 513 1
679 514 1
680 296 1
680 308 1
680 315 1
680 513 1
680 514 1
681 315 1
682 70 1
683 96 1
684 515 1
685 273 1
685 412 1
685 515 1
686 441 1
687 441 1
688 44 1
689 23 1
689 159 1
689 182 1
689 347 1
689 516 1
689 517 1
689 518 1
690 374 1
691 494 1
691 519 1
692 98 1
693 2 1
694 109 1
694 139 1
694 259 1
694 375 1
694 416 1
694 417 1
694 423 1
694 520 1
694 521 1
694 522 1
694 829 1
695 361 1
695 363 1
695 364 1
695 480 1
695 507 1
695 523 1
695 524 1
695 525 1
695 526 1
696 52 1
697 152 1
698 152 1
699 232 1
700 96 1
701 480 1
701 527 1
702 364 1
703 404 1
704 528 1
705 529 1
706 191 1
707 529 1
708 167 1
709 11 1
710 60 1
711 389 1
712 125 1
713 41 1
714 59 1
714 85 1
714 109 1
714 117 1
714 139 1
714 416 1
714 418 1
714 431 1
714 489 1
714 530 1
714 531 1
714 532 1
715 5 1
716 319 1
717 493 1
718 111 1
718 309 1
718 434 1
719 434 1
720 309 1
721 168 1
722 277 1
722 529 1
722 533 1
723 443 1
724 286 1
725 152 1
726 379 1
727 320 1
728 118 1
728 136 1
728 166 1
728 260 1
728 262 1
728 276 1
728 431 1
728 534 1
729 256 1
730 378 1
730 379 1
731 377 1
732 314 1
733 220 1
734 299 1
735 29 1
735 150 1
735 242 1
735 293 1
735 355 1
735 398 1
736 300 1
737 202 1
738 332 1
738 415 1
739 250 1
739 310 1
739 415 1
740 96 1
741 289 1
742 109 1
743 308 1
743 514 1
744 513 1
745 155 1
745 253 1
745 308 1
746 40 1
747 152 1
748 226 1
749 323 1
750 270 1
751 483 1
752 113 1
753 312 1
754 369 1
755 1 1
756 331 1
757 535 1
757 536 1
758 154 1
759 63 1
760 86 1
761 314 1
762 56 1
762 77 1
762 344 1
762 537 1
763 395 1
763 502 1
763 516 1
764 467 1
765 348 1
766 129 1
766 130 1
766 131 1
766 133 1
766 134 1
766 493 1
767 19 1
768 384 1
769 87 1
770 341 1
771 82 1
772 11 1
773 109 1
773 459 1
774 109 1
774 538 1
775 58 1
775 109 1
776 109 1
777 109 1
777 539 1
778 52 1
778 438 1
779 261 1
780 24 1
781 14 1
782 31 1
782 486 1
783 397 1
784 53 1
785 156 1
786 103 1
787 172 1
787 258 1
787 451 1
787 466 1
787 540 1
788 540 1
789 247 1
790 247 1
791 198 1
792 377 1
792 378 1
793 377 1
794 43 1
795 50 1
796 68 1
796 71 1
796 72 1
796 367 1
796 386 1
796 535 1
796 536 1
797 188 1
798 541 1
799 508 1
800 534 1
801 113 1
802 28 1
803 216 1
804 514 1
805 22 1
806 115 1
807 203 1
808 159 1
808 325 1
808 346 1
809 325 1
810 109 1
810 234 1
810 265 1
810 542 1
810 543 1
811 46 1
811 111 1
811 333 1
811 544 1
812 372 1
813 165 1
814 47 1
814 132 1
814 159 1
814 184 1
814 255 1
814 307 1
814 351 1
814 358 1
814 399 1
814 403 1
814 414 1
814 472 1
814 488 1
814 498 1
814 510 1
814 511 1
814 512 1
814 524 1
814 528 1
814 545 1
814 546 1
814 547 1
814 548 1
814 549 1
814 550 1
815 152 1
816 250 1
817 189 1
817 473 1
817 492 1
818 500 1
819 19 1
820 323 1
820 518 1
821 111 1
822 226 1
823 170 1
824 398 1
825 299 1
826 264 1
827 297 1
828 270 1
829 54 1
829 76 1
829 113 1
829 277 1
829 345 1
829 408 1
829 412 1
829 424 1
829 448 1
829 496 1
829 636 1
829 694 1
